1-25-84 ,0006,.07920
    0     24      0      0      0      0      0      0      0 
    8      0      0      0      0      0      0      0      0 
   16      0      0      0      0      0      0      0      0 
   24      0      0      0      0      0      0      0      0 
   32      0      0      0      0      0      0      0      0 
   40      0      0      0      0      0      0      0      0 
   48      0      0      0      0      0      0      0      0 
   56      0      0      0      0      0      0      0      1 
   64      0      0      0      0      1      1      0      0 
   72      0      0      0      0      0      0      0      0 
   80      0      1      0      0      0      0      0      0 
   88      0      0      0      0      0      0      0      0 
   96      0      0      0      0      1      0      0      0 
  104      0      0      0      0      0      0      0      0 
  112      0      0      0      0      0      0      0      0 
  120      0      0      1      0      0      0      0      3 
  128      2      3      4      5      5      6     15     19 
  136     29     47     75    123    251    418    665   1065 
  144   1404   1840   2000   1805   1398   1138    926    693 
  152    483    286    189    106     86     39     32     29 
  160     25     13     16      9      7     10      6     11 
  168      9      3      6      7      7      3      4      3 
  176      6      2      5      5     11      4      8     10 
  184      8      8      8      8      3      7      2      6 
  192      8      8      5      2      5      2      4      6 
  200      2      6      5      3      2      2      3      2 
  208      0      3      1      4      1      2      3      1 
  216      1      4      2      0      1      1      0      0 
  224      1      1      2      1      2      0      0      0 
  232      1      0      2      0      0      0      0      0 
  240      0      0      1      1      0      1      0      0 
  248      0      1      0      1      0      1      0      0 
  256      1      0      0      0      0      0      1      0 
  264      0      1      0      0      0      1      0      0 
  272      0      0      0      0      0      0      0      0 
  280      0      1      0      0      0      0      0      1 
  288      0      0      0      0      1      1      2      0 
  296      5      0      5      4      0      1      2      1 
  304      0      0      0      0      0      1      0      0 
  312      0      0      0      0      0      0      0      0 
  320      1      0      0      0      0      0      0      0 
  328      0      0      0      0      0      0      0      0 
  336      0      0      0      0      0      0      0      0 
  344      0      2      1      0      0      0      0      0 
  352      0      1      0      0      0      0      0      0 
  360      0      0      0      0      1      0      0      1 
  368      0      1      0      0      1      1      0      0 
  376      1      1      0      0      0      1      1      0 
  384      0      0      0      1      0      0      0      0 
  392      1      0      2      0      0      0      0      1 
  400      0      0      0      0      0      0      1      0 
  408      0      0      0      0      0      0      0      0 
  416      0      0      0      0      0      1      1      0 
  424      1      0      0      0      0      0      0      0 
  432      0      0      0      1      0      0      0      0 
  440      1      0      1      0      1      2      2      4 
  448      1      2      2      0      2      3      0      2 
  456      1      0      0      1      0      0      0      0 
  464      0      0      0      0      0      0      0      0 
  472      0      0      0      0      1      0      0      0 
  480      0      0      0      0      1      0      0      0 
  488      0      0      0      1      0      0      0      0 
  496      0      0      0      0      0      0      0      0 
  504      0      0      0      0      0      0      0      0 
  512      0      0      1      0      1      0      0      0 
  520      0      0      0      0      0      0      0      0 
  528      0      0      0      0      0      0      0      0 
  536      0      0      0      0      0      0      0      0 
  544      0      0      0      0      0      0      0      0 
  552      1      0      1      0      0      0      0      0 
  560      0      0      0      0      0      0      0      0 
  568      0      0      1      0      1      0      0      0 
  576      0      0      0      0      0      0      0      0 
  584      0      0      0      0      0      0      0      0 
  592      0      1      0      0      0      0      0      0 
  600      0      0      0      0      1      1      1      0 
  608      1      0      0      0      0      0      0      0 
  616      0      0      0      0      0      0      1      1 
  624      0      0      0      0      0      0      0      0 
  632      0      0      0      0      0      0      0      0 
  640      0      0      0      0      0      0      0      0 
  648      1      0      0      0      0      0      0      0 
  656      0      0      0      0      0      0      0      0 
  664      0      0      0      0      0      0      0      0 
  672      0      0      0      0      0      0      0      0 
  680      0      0      0      0      0      0      0      0 
  688      0      0      0      0      0      0      0      1 
  696      0      0      0      0      0      0      0      0 
  704      1      0      0      0      0      0      0      0 
  712      0      0      0      0      0      0      0      0 
  720      0      0      0      0      0      0      0      1 
  728      0      0      0      0      0      0      0      0 
  736      0      0      0      0      0      0      0      1 
  744      0      0      0      0      1      0      1      0 
  752      3      5      2      1      5      2      4      1 
  760      1      3      0      0      0      0      0      0 
  768      0      0      0      0      1      0      0      0 
  776      0      0      0      0      0      0      0      0 
  784      0      0      0      0      0      0      0      0 
  792      0      0      0      0      0      0      0      0 
  800      0      0      0      0      0      1      0      0 
  808      0      0      0      0      0      0      0      0 
  816      0      0      0      0      0      0      0      0 
  824      0      0      0      0      0      0      0      0 
  832      0      0      0      0      0      0      0      0 
  840      0      0      0      1      0      0      0      0 
  848      0      0      0      0      0      0      1      0 
  856      1      0      0      0      0      0      0      0 
  864      1      0      0      0      0      0      0      0 
  872      0      0      0      1      0      0      0      0 
  880      0      0      1      0      0      0      0      0 
  888      0      0      0      0      0      0      0      0 
  896      0      0      0      0      0      1      1      0 
  904      0      0      1      0      2      0      0      0 
  912      0      0      0      0      1      0      0      0 
  920      0      0      0      0      0      0      0      0 
  928      0      0      0      0      0      0      0      0 
  936      0      0      0      0      0      0      0      0 
  944      0      0      1      0      0      0      0      0 
  952      0      0      0      0      0      0      0      0 
  960      0      0      0      0      0      0      0      0 
  968      0      0      0      0      0      0      0      0 
  976      0      0      0      0      0      0      0      0 
  984      0      0      0      0      0      0      0      0 
  992      0      0      0      0      0      0      0      0 
 1000      0      0      0      0      0      0      0      0 
 1008      0      0      0      0      0      0      0      0 
 1016      0      0      0      0      0      0      0      
  832      0      0      0      0      0      0      0      0 
  840      0      0      0      1      0      0      0      0 
