
67
0
83
0
73
0
68
0
66
0
67
0
82
0
0
0
0
0
0
0
69
0
82
0
67
0
77
0
73
0
65
0
76
0
85
0
77
0
82
0
79
0
70
0
68
0
76
0
66
0
90
0
83
0
87
0
72
0
86
0
83
0
85
0
79
0
66
0
77
0
76
0
69
0
0
0
0
0
0
0
82
0
84
0
65
0
69
0
70
0
75
0
78
0
81
0
76
0
69
0
65
0
84
0
83
0
76
0
82
0
84
0
74
0
82
0
72
0
83
0
73
0
76
0
76
0
65
0
77
0
83
0
68
0
0
0
0
0
0
0
67
0
67
0
83
0
82
0
73
0
77
0
87
0
83
0
83
0
88
0
83
0
77
0
90
0
65
0
79
0
80
0
80
0
67
0
85
0
72
0
90
0
78
0
90
0
79
0
74
0
90
0
82
0
0
0
0
0
0
0
72
0
79
0
69
0
83
0
69
0
90
0
90
0
78
0
76
0
66
0
70
0
80
0
0
0
0
0
0
0
0
0
0
0
0
0
0
0
0
0
0
0
0
0
0
0
0
0
0
0
0
0
0
0
0
0
0
0
0
0
0
0
0
0
0
0
0
0
0
0
0
0
0
0
0
0
0
0
0
0
0
0
0
0
90
0
87
0
85
0
75
0
77
0
75
0
90
0
78
0
79
0
73
0
84
0
80
0
69
0
67
0
88
0
69
0
77
0
80
0
76
0
79
0
89
0
69
0
82
0
73
0
90
0
72
0
80
0
0
0
0
0
0
0
68
0
77
0
80
0
90
0
83
0
65
0
78
0
76
0
89
0
86
0
75
0
87
0
82
0
76
0
78
0
72
0
85
0
78
0
86
0
69
0
73
0
76
0
78
0
73
0
65
0
72
0
67
0
0
0
0
0
0
0
67
0
69
0
80
0
66
0
80
0
73
0
73
0
84
0
88
0
81
0
77
0
78
0
73
0
65
0
84
0
78
0
73
0
65
0
77
0
74
0
89
0
77
0
74
0
89
0
78
0
75
0
89
0
0
0
0
0
0
0
66
0
78
0
69
0
73
0
69
0
81
0
69
0
78
0
74
0
79
0
89
0
65
0
66
0
76
0
69
0
75
0
70
0
79
0
82
0
67
0
69
0
84
0
68
0
66
0
72
0
76
0
76
0
0
0
0
0
0
0
80
0
73
0
82
0
77
0
67
0
68
0
84
0
77
0
70
0
68
0
76
0
84
0
78
0
89
0
73
0
69
0
77
0
68
0
82
0
65
00
0
0
0
75
0
69
0
78
0
80
0
66
0
76
0
67
0
68
0
82
0
66
0
80
0
76
0
84
0
74
0
84
0
84
0
70
0
73
0
88
0
89
0
67
0
79
0
78
0
76
0
67
0
84
0
68
0
0
0
0
0
0
0
88
0
78
0
76
0
82
0
73
0
88
0
84
0
69
0
70
0
69
0
89
0
82
0
66
0
73
0
67
0
65
0
76
0
80
0
74
0
69
0
89
0
66
0
79
0
76
0
69
0
83
0
69
0
0
0
0
0
0
0
79
0
73
0
69
0
66
0
89
0
74
0
82
0
89
0
86
0
77
0
69
0
73
0
65
0
69
0
79
0
65
0
82
0
81
0
68
0
90
0
68
0
89
0
67
0
65
0
80
0
66
0
80
0
0
0
0
0
0
0
76
0
71
0
79
0
75
0
68
0
69
0
83
0
65
0
69
0
82
0
71
0
78
0
76
0
67
0
73
0
78
0
83
0
69
0
81
0
759
0
69
0
85
0
70
0
77
0
70
0
89
0
75
0
78
0
70
0
77
0
72
0
75
0
67
0
89
0
79
0
0
0
0
0
0
0
65
0
68
0
67
0
73
0
68
0
82
0
79
0
73
0
85
0
73
0
75
0
90
0
82
0
83
0
68
0
81
0
90
0
67
0
69
0
69
0
74
0
87
0
70
0
77
0
67
0
70
0
73
0
0
0
0
0
0
0
78
0
74
0
74
0
78
0
82
0
80
0
69
0
89
0
78
0
78
0
65
0
76
0
90
0
73
0
72
0
85
0
73
0
75
0
68
0
71
0
76
0
79
0
69
0
75
0
69
0
77
0
68
0
0
0
0
0
0
0
67
0
82
0
88
0
71
0
83
0
69
0
84
0
84
0
89
0
84
0
69
0
83
0
73
0
86
0
76
0
82
0
90
0
68
0
85
0
82
0
67
0
68
0
78
0
76
0
86
0
66
0
73
0
0
0
0
0
0
0
69
0
82
0
79
0
69
0
85
0
82
0
70
0
84
0
78
0
67
0
69
0
74
0
83
0
67
0
84
0
88
0
84
0
88
0
74
0
69
0
68
0
82
0
73
0
77
0
73
0
86
0
79
0
0
0
0
0
0
0
89
0
69
0
82
0
89
0
68
0
69
0
73
0
69
0
89
0
69
0
74
0
78
0
80
0
69
0
76
0
76
0
78
0
65
0
90
0
74
0
80
0
65
0
70
0
89
0
84
0
79
0
87
0
0
0
J JJ      Je ee      ef ff      ff ff      f           M          o          n          a          s          c          h                                                                                                                                     
0
85
0
69
0
72
0
78
0
83
0
80
0
89
0
0
0
0
0
0
0
68
0
78
0
67
0
79
0
78
0
70
0
85
0
83
0
73
0
79
0
78
0
76
0
76
0
84
0
78
0
73
0
75
0
79
0
80
0
82
0
70
0
75
0
71
0
73
0
69
0
84
0
84
0
0
0
0
0
0
0
76
0
69
0
87
0
79
0
76
0
87
0
73
0
66
0
75
0
70
0
79
0
80
0
73
0
84
0
74
0
76
0
76
0
88
0
79
0
77
0
72
0
82
0
83
0
70
0
82
0
72
0
69
0
0
0
0
0
0
0
75
0
86
0
84
0
87
0
84
0
78
0
78
0
79
0
85
0
67
0
82
0
78
0
88
0
79
0
66
0
74
0
89
0
78
0
77
0
74
0
69
0
84
0
77
0
89
0
80
0
68
0
82
0
0
0
0
0
0
0
75
0
74
0
81
0
77
0
70
0
71
0
76
0
82
0
70
0
72
0
73
0
90
0
65
0
80
0
80
0
79
0
73
0
78
0
84
0
79
0
75
0
84
0
80
0
69
0
77
0
79
0
72
0
0
0
0
0
0
0
0
0
0
0
0
0
0
0
0
0
0
0
0
0
0
0
0
0
0
0
0
0
0
0
0
0
0
0
0
0
0
0
0
0
0
0
0
0
0
0
0
0
0
0
0
0
0
0
0
0
0
0
0
0
0
0
0
0
APPOINT
CARPENTER
CHAIN
COLLECT
CONFINE
CONFUSION
DISCARD
DOCTRINE
EMP