
 TETRAHEDRON                                    
     4 20.00002
 TRANSLATION 
  0.00000  0.00000  0.00000
     1 -2.41150      5.06753     -2.90501      6.14656      6.23355      5.92985    
     2 0.558309     0.830520     0.983550      6.10668      6.18164      6.06965    
     3  1.00588      1.35822      6.51484      6.11195      6.15156      6.12419    
     4 0.501095      2.51541     -639.395      6.12366      6.13831      6.13936    
     5 0.213973    -0.822815      53.4423      6.13142      6.13421      6.14042    
     6 0.101631    -0.185945      1.36546      6.13496      6.13386      6.13837    
     7 0.687636E-01-0.991862E-01 0.214425      6.13609      6.13451      6.13670    
     8 0.410982    -0.974860     0.478487E-01  6.13624      6.13514      6.13591    
     9-0.176903E-01 0.206656E-01 0.147999E-01  6.13614      6.13555      6.13569    
    10-0.501781E-02 0.563545E-02 0.601194E-02  6.13603      6.13576      6.13571    
    11-0.213669E-02 0.211927E-02 0.313532E-02  6.13597      6.13586      6.13579    
    12-0.130024E-02 0.976856E-03 0.267296E-02  6.13595      6.13590      6.13586    
    13-0.264417E-02 0.668570E-03-0.443590E-02  6.13595      6.13592      6.13591    
    14 0.430066E-03 0.265677E-02-0.398832E-03  6.13595      6.13594      6.13593    
    15 0.103813E-03-0.176236E-03-0.149075E-03  6.13596      6.13595      6.13595    
    16 0.317881E-04-0.323302E-04-0.682087E-04  6.13596      6.13595      6.13595    
    17-0.223214E-05 0.140227E-05-0.791784E-05  6.13596      6.13595      6.13595    
    18-0.670403E-04 0.280285E-04-0.197614E-04  6.13596      6.13596      6.13596    
    19 0.132775E-03 0.497021E-04-0.118759E-04  6.13596      6.13596      6.13596    
    20-0.321026E-03 0.436946E-03-0.122748E-04  6.13596      6.13596      6.13596    
    21 0.921543E-04 0.835332E-04-0.156343E-04  6.13596      6.13596      6.13596    
    22-0.157878E-03-0.319295E-03-0.216079E-04  6.13596      6.13596      6.13596    
    23-0.789427E-03-0.829528E-03-0.387477E-04  6.13596      6.13596      6.13596    
    24-0.308475E-02 0.101137E-03 0.118649E-03  6.13596      6.13596      6.13596    
    25-0.145208E-02 0.395860E-03 0.280793E-04  6.13596      6.13596      6.13596    
    26 0.361116E-01-0.366278E-03 0.129976E-04  6.13596      6.13596      6.13596    
    27 0.834420E-03-0.959033E-04 0.727291E-05  6.13596      6.13596      6.13596    
    28-0.367448E-03-0.134325E-03 0.486980E-05  6.13596      6.13596      6.13596    
    29-0.228069E-03 0.610205E-03 0.333154E-05  6.13596      6.13596      6.13596    
    30-0.334144E-03-0.639033E-04 0.232129E-05  6.13596      6.13596      6.13596    
    31-0.335298E-03-0.569899E-04 0.189051E-05  6.13596      6.13596      6.13596    
    32-0.339958E-03-0.317966E-04 0.110533E-05  6.13596      6.13596      6.13596    
