
 DUMB2I - 10:5 - D=20                     RASP  
   461  0.85000
 TRANSLATION 
  0.00000  0.00000  0.00000
     1-0.149890     -1881.34     -32.9485      2.10185      2.32756      2.25706    
     2 0.115158     -791.236      65.2641      2.03620      2.24737      2.24507    
     3 0.445472E-01 -40042.3      477.678      2.03977      2.24435      2.25815    
     4 0.127780E-01  22110.8      158.783      2.04744      2.25801      2.26562    
     5-0.802205E-02  173812.     -38.7626      2.05215      2.26614      2.27151    
     6-0.109113E-01  8339.05     -121.937      2.05272      2.26626      2.27510    
     7-0.473504E-02  3371.42     -1956.87      2.05107      2.26261      2.27606    
     8 0.202473E-02 -4519.02      114.439      2.04920      2.25916      2.27513    
     9 0.476497E-02  10083.5      122.606      2.04824      2.25760      2.27290    
    10 0.307467E-02  5740.99      125.586      2.04832      2.25781      2.26991    
    11-0.886329E-03  5389.78     -213.647      2.04900      2.25890      2.26662    
    12-0.432786E-02  5248.73     -5217.98      2.04974      2.26003      2.26339    
    13-0.541661E-02  5881.98     -792.452      2.05017      2.26073      2.26050    
    14-0.392478E-02  7220.91     -448.789      2.05023      2.26087      2.25811    
    15-0.903268E-03  19286.2     -180.418      2.04999      2.26061      2.25630    
    16 0.211992E-02  7038.70      2069.02      2.04964      2.26019      2.25510    
    17 0.390819E-02  9489.69     -12544.4      2.04934      2.25983      2.25444    
    18 0.396200E-02  11994.9     -39899.9      2.04920      2.25963      2.25427    
    19 0.256380E-02  15667.0      55441.4      2.04922      2.25962      2.25448    
    20 0.503199E-03  34750.5     -5365.05      2.04935      2.25973      2.25497    
    21-0.133640E-02  21308.4      15208.9      2.04950      2.25988      2.25564    
    22-0.233704E-02  33760.5     -18782.2      2.04961      2.26001      2.25641    
    23-0.232191E-02  59332.4     -8736.71      2.04964      2.26007      2.25722    
    24-0.152071E-02  181222.     -7472.44      2.04961      2.26006      2.25801    
    25-0.390440E-03 -88462.3     -6067.55      2.04954      2.26000      2.25875    
    26 0.604708E-03-0.250485E+08 -875526.      2.04947      2.25993      2.25940    
    27 0.116040E-02 -108150.      62392.7      2.04943      2.25987      2.25995    
    28 0.119924E-02 -70421.8      25412.6      2.04943      2.25984      2.26040    
    29 0.840235E-03 -57338.7      20189.3      2.04946      2.25985      2.26074    
    30 0.306705E-03 -51309.0      17438.7      2.04950      2.25987      2.26097    
    31-0.177662E-03 -50961.7     -53689.3      2.04955      2.25990      2.26111    
    32-0.465943E-03 -50837.5     -133779.      2.04957      2.25993      2.26117    
    33-0.517500E-03 -53719.3     -85956.4      2.04957      2.25995      2.26116    
    34-0.382885E-03 -60011.2     -114692.      2.04956      2.25995      2.26109    
    35-0.161434E-03 -77056.6      112956.      2.04954      2.25994      2.26098    
    36 0.463888E-04 -43397.3     -16697.6      2.04951      2.25993      2.26085    
    37 0.173420E-03 -75027.5    -0.103376E+07  2.04950      2.25991      2.26070    
    38 0.199806E-03 -99110.6      67619.8      2.04949      2.25991      2.26054    
    39 0.146000E-03 -136991.      37703.6      2.04950      2.25990      2.26039    
    40 0.546424E-04 -253618.      20107.4      2.04951      2.25991      2.26024    
    41-0.306566E-04 -152232.     -27309.0      2.04952      2.25991      2.26010    
    42-0.807606E-04 -350813.     -413410.      2.04953      2.25992      2.25998    
    43-0.872287E-04 -972934.     0.206327E+07  2.04953      2.25992      2.25988    
    44-0.591850E-04 0.235631E+07 0.208689E+07  2.04953      2.25993      2.25979    
    45-0.158585E-04  450963.      599210.      2.04953      2.25993      2.25972    
    46 0.233964E-04  740736.     -639708.      2.04952      2.25993      2.25967    
    47 0.454308E-04  439285.    -0.703210E+07  2.04952      2.25992      2.25963    
    48 0.465645E-04  368238.     0.111856E+07  2.04952      2.25992      2.25961    
    49 0.311196E-04  343276.      594135.      2.04952      2.25992      2.25959    
    50 0.811810E-05  360009.      613577.      2.04952      2.25992      2.25959    
    51-0.131354E-04  321130.      333779.      2.04952      2.25992      2.25960    
    52-0.260826E-04  350726.      402509.      2.04952      2.25992      2.25961    
    53-0.283727E-04  388305.      533994.      2.04952      2.25992      2.25962    
    54-0.218275E-04  444913.      988271.      2.04952      2.25992      2.25964    
    55-0.103732E-04  543032.    -0.168032E+07  2.04952      2.25992      2.25966    
    56 0.139552E-05  384431.      68952.0      2.04952      2.25992      2.25969    
    57 0.998234E-05  709240.      483487.      2.04952      2.25992      2.25971    
    58 0.137469E-04  967888.      991253.      2.04952      2.25992      2.25973    
    59 0.129275E-04 0.141524E+07 0.222065E+07  2.04952      2.25992      2.25975    
    60 0.891157E-05 0.245060E+07-0.257883E+09  2.04952      2.25992      2.25976    
    61 0.378661E-05 0.108898E+08-0.135479E+07  2.04952      2.25992      2.25978    
    62-0.767887E-06 0.171096E+07  246594.      2.04952      2.25992      2.25979    
    63-0.371035E-05-0.202946E+08 0.177865E+07  2.04952      2.25992      2.25980    
    64-0.473798E-05-0.463974E+07 0.596586E+07  2.04952      2.25992      2.25981    
    65-0.420859E-05-0.307265E+07-0.613647E+08  2.04952      2.25992      2.25982    
    66-0.273525E-05-0.253109E+07-0.791689E+07  2.04952      2.25992      2.25982    
    67-0.108358E-05-0.234362E+07-0.392348E+07  2.04952      2.25992      2.25983    
    68 0.239515E-06-0.187344E+07 0.176102E+07  2.04952      2.25992      2.25983    
    69 0.104064E-05-0.211708E+07 0.104319E+08  2.04952      2.25992      2.25983    
    70 0.127417E-05-0.221579E+07 0.791673E+07  2.04952      2.25992      2.25983    
    71 0.111368E-05-0.233808E+07 0.383347E+07  2.04952      2.25992      2.25983    
    72 0.756827E-06-0.249997E+07 0.174988E+07  2.04952      2.25992      2.25982    
    73 0.378870E-06-0.243104E+07  728865.      2.04952      2.25992      2.25982    
    74 0.112010E-06-0.169823E+07  196183.      2.04952      2.25992      2.25982    
    75-0.675142E-07 0.275134E+07 -126714.      2.04952      2.25992      2.25982    
    76-0.142491E-06 0.102498E+08 -288556.      2.04952      2.25992      2.25981    
    77-0.137515E-06 0.943590E+07 -314373.      2.04952      2.25992      2.25981    
    78-0.154753E-06 0.106528E+08 -427435.      2.04952      2.25992      2.25981    
    79-0.139087E-06 0.965306E+07 -473443.      2.04952      2.25992      2.25980    
    80-0.152608E-06 0.111167E+08 -649367.      2.04952      2.25992      2.25980    
