
 DUMB2J - 10:5 - D=20                     IN TAN
   401  0.85000
 TRANSLATION 
  0.00000  0.00000  0.00000
     1 -13.2994     -11.6939     0.195235      1.73635      1.73584      1.71148    
     2 0.382996E-01 0.182963     0.420852E-01  1.83087      1.83325      1.70643    
     3  2.22771      2.33426     0.762883E-01  1.82087      1.82067      1.73656    
     4 0.208938E-01-0.113178E-01 0.108430      1.79383      1.79208      1.75694    
     5-0.730494     -4.01504     0.242794E-01  1.78704      1.78592      1.77505    
     6-0.695148     -2.53852    -0.143313E-01  1.79185      1.79216      1.79011    
     7 0.457856E-01 0.305514E-01-0.211322E-01  1.79367      1.79471      1.80082    
     8 0.104708     0.786974E-01-0.284986E-01  1.79069      1.79138      1.80815    
     9 0.142837     0.987333E-01-0.358095E-01  1.78731      1.78741      1.81270    
    10 0.381425     0.196662    -0.399439E-01  1.78573      1.78563      1.81474    
    11 0.496310     0.281611    -0.409807E-01  1.78546      1.78547      1.81470    
    12 0.315543     0.233245    -0.391426E-01  1.78572      1.78578      1.81317    
    13 0.233583     0.194512    -0.352808E-01  1.78622      1.78622      1.81071    
    14 0.186650     0.168299    -0.305683E-01  1.78689      1.78679      1.80779    
    15 0.149112     0.144876    -0.258418E-01  1.78762      1.78747      1.80478    
    16 0.112079     0.118482    -0.214794E-01  1.78833      1.78817      1.80193    
    17 0.749757E-01 0.911585E-01-0.176025E-01  1.78904      1.78889      1.79943    
    18 0.427399E-01 0.100437    -0.141672E-01  1.78976      1.78963      1.79738    
    19-0.107387E-01-0.355700E-02-0.984984E-02  1.79046      1.79036      1.79583    
    20-0.235311E-01-0.156551E-01-0.952982E-02  1.79108      1.79103      1.79475    
    21-0.427890E-01-0.320012E-01-0.819738E-02  1.79158      1.79157      1.79409    
    22-0.576174E-01-0.449845E-01-0.725444E-02  1.79192      1.79197      1.79379    
    23-0.672206E-01-0.536344E-01-0.669208E-02  1.79213      1.79221      1.79377    
    24-0.715636E-01-0.580975E-01-0.642387E-02  1.79221      1.79230      1.79395    
    25-0.709589E-01-0.587617E-01-0.635947E-02  1.79217      1.79226      1.79425    
    26-0.659718E-01-0.560095E-01-0.641511E-02  1.79203      1.79212      1.79461    
    27-0.574462E-01-0.503240E-01-0.651546E-02  1.79180      1.79188      1.79498    
    28-0.466155E-01-0.425887E-01-0.659291E-02  1.79152      1.79159      1.79529    
    29-0.357273E-01-0.352078E-01-0.657827E-02  1.79121      1.79126      1.79553    
    30-0.455926E-01-0.913206E-01-0.633370E-02  1.79089      1.79092      1.79566    
    31 0.773985E-02 0.599487E-02-0.613547E-02  1.79058      1.79059      1.79567    
    32 0.143737E-01 0.124440E-01-0.610089E-02  1.79031      1.79030      1.79557    
    33 0.230580E-01 0.208775E-01-0.567306E-02  1.79009      1.79006      1.79534    
    34 0.300856E-01 0.280628E-01-0.509345E-02  1.78993      1.78988      1.79501    
    35 0.347299E-01 0.331708E-01-0.440074E-02  1.78982      1.78976      1.79457    
    36 0.368586E-01 0.359567E-01-0.361976E-02  1.78977      1.78970      1.79407    
    37 0.366820E-01 0.365738E-01-0.277648E-02  1.78978      1.78970      1.79350    
    38 0.347891E-01 0.357421E-01-0.189789E-02  1.78982      1.78974      1.79289    
    39 0.329609E-01 0.366691E-01-0.101057E-02  1.78989      1.78982      1.79226    
    40-0.909475E-01-0.193809E-01-0.139004E-03  1.78998      1.78993      1.79163    
    41 0.154892E-01 0.121217E-01 0.696078E-03  1.79009      1.79005      1.79102    
    42-0.393612E-01 -1.34549     0.146422E-02  1.79020      1.79018      1.79043    
    43-0.583800E-02-0.630888E-02 0.210341E-02  1.79030      1.79030      1.78988    
    44-0.884569E-02-0.913405E-02 0.270087E-02  1.79040      1.79041      1.78938    
    45-0.123651E-01-0.125619E-01 0.320860E-02  1.79048      1.79050      1.78894    
    46-0.150719E-01-0.151351E-01 0.361467E-02  1.79055      1.79058      1.78855    
    47-0.166284E-01-0.165009E-01 0.391856E-02  1.79060      1.79063      1.78823    
    48-0.169783E-01-0.166093E-01 0.412279E-02  1.79064      1.79067      1.78797    
    49-0.162201E-01-0.155775E-01 0.423206E-02  1.79066      1.79069      1.78777    
    50-0.145667E-01-0.136374E-01 0.425263E-02  1.79067      1.79069      1.78764    
    51-0.123468E-01-0.111149E-01 0.419161E-02  1.79068      1.79068      1.78756    
    52-0.101468E-01-0.847926E-02 0.405517E-02  1.79067      1.79065      1.78753    
    53-0.106314E-01-0.694433E-02 0.384469E-02  1.79065      1.79062      1.78755    
    54 0.831933E-02 0.430595E-01 0.358370E-02  1.79063      1.79059      1.78762    
    55 0.429332E-02 0.533571E-02 0.334391E-02  1.79061      1.79055      1.78773    
    56 0.564922E-02 0.616375E-02 0.304766E-02  1.79058      1.79051      1.78787    
    57 0.709486E-02 0.729213E-02 0.271493E-02  1.79055      1.79048      1.78804    
    58 0.811167E-02 0.800346E-02 0.236379E-02  1.79052      1.79044      1.78823    
    59 0.857390E-02 0.817267E-02 0.200417E-02  1.79049      1.79041      1.78845    
    60 0.848028E-02 0.781626E-02 0.164354E-02  1.79046      1.79038      1.78867    
    61 0.789891E-02 0.701642E-02 0.128809E-02  1.79043      1.79035      1.78891    
    62 0.695287E-02 0.589832E-02 0.943405E-03  1.79040      1.79033      1.78914    
    63 0.583728E-02 0.463010E-02 0.614191E-03  1.79037      1.79032      1.78938    
    64 0.498011E-02 0.349105E-02 0.304856E-03  1.79035      1.79031      1.78961    
    65 0.713166E-02 0.224807E-01 0.187692E-04  1.79034      1.79030      1.78983    
    66-0.422661E-02 0.608535E-01-0.248012E-03  1.79032      1.79030      1.79004    
    67-0.308177E-02-0.466843E-02-0.491110E-03  1.79032      1.79031      1.79024    
    68-0.366346E-02-0.441183E-02-0.702885E-03  1.79032      1.79032      1.79042    
    69-0.427440E-02-0.468832E-02-0.884674E-03  1.79033      1.79033      1.79058    
    70-0.466858E-02-0.484284E-02-0.103705E-02  1.79035      1.79035      1.79073    
    71-0.478090E-02-0.475762E-02-0.116025E-02  1.79037      1.79037      1.79085    
    72-0.461065E-02-0.442210E-02-0.125479E-02  1.79040      1.79040      1.79096    
    73-0.419542E-02-0.387143E-02-0.132140E-02  1.79042      1.79042      1.79104    
    74-0.360625E-02-0.317196E-02-0.136081E-02  1.79045      1.79045      1.79110    
    75-0.296432E-02-0.242496E-02-0.137328E-02  1.79048      1.79047      1.79115    
    76-0.256258E-02-0.181189E-02-0.135676E-02  1.79051      1.79049      1.79118    
    77-0.494862E-02-0.195410E-02-0.130977E-02  1.79053      1.79051      1.79119    
    78 0.364268E-02 -2.52526    -0.126155E-02  1.79055      1.79052      1.79119    
    79 0.255044E-02 0.403560E-02-0.121118E-02  1.79056      1.79052      1.79117    
    80 0.273567E-02 0.346349E-02-0.114094E-02  1.79056      1.79053      1.79114    
    81 0.296841E-02 0.341151E-02-0.105490E-02  1.79056      1.79052      1.79110    
    82 0.307713E-02 0.332187E-02-0.957380E-03  1.79055      1.79051      1.79105    
    83 0.302104E-02 0.309788E-02-0.851923E-03  1.79053      1.79049      1.79099    
    84 0.280491E-02 0.273493E-02-0.741069E-03  1.79051      1.79048      1.79092    
    85 0.246053E-02 0.226640E-02-0.627361E-03  1.79049      1.79046      1.79086    
    86 0.204330E-02 0.174917E-02-0.512863E-03  1.79047      1.79044      1.79078    
    87 0.164817E-02 0.126422E-02-0.399910E-03  1.79045      1.79042      1.79071    
    88 0.152100E-02 0.944217E-03-0.291124E-03  1.79043      1.79040      1.79064    
    89 0.428240E-02 0.118296E-02-0.188609E-03  1.79041      1.79038      1.79056    
    90-0.261901E-02 0.174596E-01-0.894737E-04  1.79039      1.79037      1.79049    
    91 0.139696E-02 0.537988E-03 0.490894E-05  1.79038      1.79037      1.79042    
    92-0.228657E-02-0.453415E-02 0.912384E-04  1.79038      1.79036      1.79036    
    93-0.215110E-02-0.301401E-02 0.168667E-03  1.79038      1.79036      1.79030    
    94-0.205217E-02-0.248583E-02 0.236661E-03  1.79039      1.79037      1.79024    
    95-0.188988E-02-0.207644E-02 0.295101E-03  1.79040      1.79038      1.79019    
    96-0.165864E-02-0.168018E-02 0.343705E-03  1.79041      1.79039      1.79015    
    97-0.137954E-02-0.129173E-02 0.382557E-03  1.79042      1.79040      1.79011    
    98-0.108994E-02-0.935017E-03 0.411544E-03  1.79044      1.79042      1.79008    
    99-0.850760E-03-0.651356E-03 0.430712E-03  1.79046      1.79043      1.79005    
   100-0.802389E-03-0.510413E-03 0.441102E-03  1.79047      1.79045      1.79003    
   101-0.174494E-02-0.691393E-03 0.446298E-03  1.79048      1.79046      1.79001    
   102 0.530526E-02-0.227190E-02 0.446089E-03  1.79049      1.79046      1.79000    
   103 0.199521E-02 0.870830E-02 0.437743E-03  1.79050      1.79047      1.79000    
   104 0.163528E-02 0.269486E-02 0.422181E-03  1.79050      1.79047      1.79000    
   105 0.148403E-02 0.191094E-02 0.400823E-03  1.79050      1.79047      1.79000    
   106 0.134527E-02 0.151988E-02 0.374683E-03  1.79050      1.79047      1.79001    
   107 0.118094E-02 0.121777E-02 0.344646E-03  1.79049      1.79046      1.79003    
   108 0.990516E-03 0.946887E-03 0.311430E-03  1.79049      1.79045      1.79004    
   109 0.788084E-03 0.701146E-03 0.275788E-03  1.79048      1.79044      1.79006    
   110 0.598604E-03 0.493014E-03 0.238217E-03  1.79047      1.79044      1.79008    
   111 0.460474E-03 0.345231E-03 0.198998E-03  1.79046      1.79043      1.79010    
   112 0.448979E-03 0.294169E-03 0.159205E-03  1.79045      1.79042      1.79013    
   113 0.807258E-03 0.413395E-03 0.121955E-03  1.79044      1.79041      1.79015    
   114 0.406399E-02 0.933651E-03 0.875291E-04  1.79043      1.79040      1.79018    
   115-0.437147E-02 0.344224E-02 0.544089E-04  1.79043      1.79040      1.79020    
   116-0.302193E-02-0.192821E-01 0.228365E-04  1.79042      1.79040      1.79022    
   117-0.592121E-03-0.934087E-03-0.680746E-05  1.79042      1.79040      1.79025    
   118-0.875431E-03-0.112468E-02-0.340562E-04  1.79043      1.79040      1.79027    
   119-0.769264E-03-0.861093E-03-0.584752E-04  1.79043      1.79041      1.79029    
   120-0.617206E-03-0.624325E-03-0.799666E-04  1.79044      1.79041      1.79031    
   121-0.463875E-03-0.430264E-03-0.982404E-04  1.79044      1.79042      1.79032    
   122-0.334669E-03-0.285379E-03-0.113280E-03  1.79045      1.79042      1.79034    
   123-0.253472E-03-0.197614E-03-0.125031E-03  1.79045      1.79043      1.79035    
   124-0.252035E-03-0.176680E-03-0.134036E-03  1.79046      1.79043      1.79036    
   125-0.389809E-03-0.236679E-03-0.140951E-03  1.79046      1.79044      1.79037    
   126-0.855952E-03-0.408419E-03-0.145208E-03  1.79047      1.79044      1.79038    
   127-0.315090E-02-0.791680E-03-0.146572E-03  1.79047      1.79044      1.79038    
   128 0.493858E-02-0.195061E-02-0.145346E-03  1.79047      1.79045      1.79039    
   129 0.168726E-02 0.226884E-01-0.141716E-03  1.79047      1.79045      1.79039    
   130 0.102219E-02 0.175622E-02-0.136066E-03  1.79047      1.79044      1.79039    
   131 0.683891E-03 0.831004E-03-0.128673E-03  1.79047      1.79044      1.79038    
1.79047      1.79044      1.79038    
   128 0.493858E-02-0.195061E-02-0.145346E-03  1.79047      1.79045      1.79039    
   129 0.168726E