 NEW DAYHOFF SCORES - DAYHFN.DAT
11 9 7 9 9 510 8 8 0 8 7 8 9 010 9 71010 0 9 3 9 6 9 0
 911 51211 4 910 7 010 6 711 0 810 8 9 9 0 7 4 9 611 0
 7 521 4 4 5 6 6 7 0 4 3 4 5 0 6 4 5 9 7 0 7 1 6 9 4 0
 912 41312 31010 7 0 9 5 611 0 811 8 9 9 0 7 2 8 512 0
 911 41213 4 910 7 0 9 6 710 0 811 8 9 9 0 7 2 8 512 0
 5 4 5 3 418 4 710 0 411 9 5 0 4 4 5 6 6 0 8 9 716 4 0
10 9 610 9 414 7 6 0 7 5 6 9 0 8 8 610 9 0 8 2 8 4 8 0
 810 61010 7 715 7 0 9 7 711 0 91211 8 8 0 7 6 8 911 0
 8 7 7 7 710 6 714 0 71111 7 0 7 7 7 8 9 013 4 8 8 7 0
 0 0 0 0 0 0 0 0 0 0 0 0 0 0 0 0 0 0 0 0 0 0 0 0 0 0 0
 810 4 9 9 4 7 9 7 014 6 910 0 81012 9 9 0 7 6 8 5 9 0
 7 6 3 5 611 5 711 0 61513 6 0 6 7 6 6 7 011 7 8 8 6 0
 8 7 4 6 7 9 6 711 0 91315 7 0 7 8 9 7 8 011 5 8 7 7 0
 911 51110 5 911 7 010 6 711 0 810 910 9 0 7 5 9 710 0
 0 0 0 0 0 0 0 0 0 0 0 0 0 0 0 0 0 0 0 0 0 0 0 0 0 0 0
10 8 6 8 8 4 8 9 7 0 8 6 7 8 015 9 910 9 0 8 3 8 4 9 0
 910 41111 4 812 7 010 7 810 0 91310 8 8 0 7 4 8 512 0
 7 8 5 8 8 5 611 7 012 6 9 9 0 91015 9 8 0 711 8 5 9 0
10 9 9 9 9 610 8 8 0 9 6 710 010 8 91110 0 8 7 9 6 9 0
10 9 7 9 9 6 9 8 9 0 9 7 8 9 0 9 8 81012 0 9 4 9 6 8 0
 0 0 0 0 0 0 0 0 0 0 0 0 0 0 0 0 0 0 0 0 0 0 0 0 0 0 0
 9 7 7 7 7 8 8 713 0 71111 7 0 8 7 7 8 9 013 3 8 7 7 0
 3 4 1 2 2 9 2 6 4 0 6 7 5 5 0 3 411 7 4 0 326 5 9 3 0
 9 9 6 8 8 7 8 8 8 0 8 8 8 9 0 8 8 8 9 9 0 8 5 8 7 8 0
 6 6 9 5 516 4 9 8 0 5 8 7 7 0 4 5 5 6 6 0 7 9 719 5 0
 911 41212 4 811 7 0 9 6 710 0 912 9 9 8 0 7 3 8 512 0
 0 0 0 0 0 0 0 0 0 0 0 0 0 0 0 0 0 0 0 0 0 0 0 0 0 0 0

0 0 0 0 0 0 0 0 0 0 0 0 0 0 0 0 0 0 0 0 0 0
 9 7 7 7 7 8 8 713 0 71111 7 0 8 7 7 8 9 013 3 8 7 7 0
 3 4 1 2 2 9 2 6 4 0 6 7 5 5 0 3 411 7 4 0 326 5 9 3 0
 9 9 6 8 8 7 8 8 8 0 8 8 8 9 0 8 8 8 9 9 0 8 5 8 7 8 0
 6 6 9 5 516 4 9 8 0 5 8 7 7 0 4 5 5 6 6 0 7 9 719 5 0
 911 41212 4 811 7 0 9 6 710 0 912 9 9 8 0 7 3 8 512 0
 0 0 0 0 0 0 0 0 0 0 0 0 0 0 0 0 0 0 0 0 0 0 0