2.145744
2.040977
2.314852
-0.062024,-0.034609,-0.070009
-0.022497,0.060466,0.069748
-0.026879,0.081500,0.002565
-0.101539,-.829914,.532913,.165064,2.145746
0.489706,-.488181,-.836912,.247501,2.040979
0.559488,.266864,.124214,.955696,2.317308
SET 2 EIGENV:
2.145746
2.040979
2.317308
-0.001160,-1.125677,1.138305
1.216744,0.011494,0.155963
-1.047279,-0.286573,-0.009328
ROT MAT FOLLOWS
-0.101596,-.829916,.532910,.165066,2.145744
0.489976,-.488178,-.836915,.247500,2.040977
0.559488,.270041,.124823,.954723,2.314852
C  NEXT IS ANOTHER SET FROM ANISOF
2,.247501,2.040979
0.559488,.266864,.124214,.955696,2.317308
SET 2 EIGENV:
2.145746
2.040979
2.317308
-0.001160,-1.125677,1.138305
1.216744,0.011494,0.155963
-1.047279,-0.286573,-0.009328