
 RNASE-S, CHOTHIA VDW                                       
   220 20.0000
  429  0.0000  0.0000 16.3035
  429  0.0000  0.3142 16.3035
  429  0.0000  0.6283 16.3035
  429  0.0000  0.9425 16.3035
  429  0.0000  1.2566 16.3035
  429  0.0000  1.5708 16.3035
  429  0.0000  1.8850 16.3035
  429  0.0000  2.1991 16.3035
  429  0.0000  2.5133 16.3035
  429  0.0000  2.8274 16.3035
  429  0.0000  3.1416 16.3035
  429  0.0000  3.4558 16.3035
  429  0.0000  3.7699 16.3035
  429  0.0000  4.0841 16.3035
  429  0.0000  4.3982 16.3035
  429  0.0000  4.7124 16.3035
  429  0.0000  5.0265 16.3035
  429  0.0000  5.3407 16.3035
  429  0.0000  5.6549 16.3035
  429  0.0000  5.9690 16.3035
  400  0.3142  0.0000 15.6644
  400  0.3142  0.3142 15.7569
  397  0.3142  0.6283 15.8356
  397  0.3142  0.9425 15.7311
  405  0.3142  1.2566 16.5420
  401  0.3142  1.5708 16.7876
  428  0.3142  1.8850 16.7882
  425  0.3142  2.1991 16.4063
  869  0.3142  2.5133 19.1596
  869  0.3142  2.8274 21.5396
  871  0.3142  3.1416 22.2188
  871  0.3142  3.4558 22.7466
  871  0.3142  3.7699 21.8980
   35  0.3142  4.0841 14.3539
   35  0.3142  4.3982 13.8157
   67  0.3142  4.7124 13.0413
   69  0.3142  5.0265 13.8881
   69  0.3142  5.3407 14.2408
   69  0.3142  5.6549 14.1225
  400  0.3142  5.9690 15.0123
  104  0.6283  0.0000  9.8116
  105  0.6283  0.3142 10.4721
  394  0.6283  0.6283 13.8377
  391  0.6283  0.9425 17.0665
  405  0.6283  1.2566 17.7657
  405  0.6283  1.5708 17.9983
  434  0.6283  1.8850 18.5714
  430  0.6283  2.1991 18.1916
  452  0.6283  2.5133 20.8402
  876  0.6283  2.8274 20.7503
  876  0.6283  3.1416 21.0647
  861  0.6283  3.4558 23.7624
  853  0.6283  3.7699 19.3360
   35  0.6283  4.0841 15.6395
   24  0.6283  4.3982 19.3719
   40  0.6283  4.7124 16.1644
   40  0.6283  5.0265 15.2273
   68  0.6283  5.3407 12.8476
   66  0.6283  5.6549 10.8893
  104  0.6283  5.9690  8.8892
  111  0.9425  0.0000 11.6099
  151  0.9425  0.3142 19.0264
  139  0.9425  0.6283 21.3267
  133  0.9425  0.9425 19.1404
  412  0.9425  1.2566 17.2851
  413  0.9425  1.5708 17.2716
  462  0.9425  1.8850 17.9927
  454  0.9425  2.1991 20.7245
  451  0.9425  2.5133 21.8130
  560  0.9425  2.8274 21.6089
  883  0.9425  3.1416 20.1905
  848  0.9425  3.4558 18.9514
  851  0.9425  3.7699 16.1092
   30  0.9425  4.0841 15.9354
   13  0.9425  4.3982 19.8505
    5  0.9425  4.7124 23.7993
   15  0.9425  5.0265 15.8833
   74  0.9425  5.3407 12.9472
   70  0.9425  5.6549 10.7270
  252  0.9425  5.9690 11.7257
  150  1.2566  0.0000 15.7252
  145  1.2566  0.3142 20.8306
  138  1.2566  0.6283 20.9961
  125  1.2566  0.9425 16.7653
  386  1.2566  1.2566 15.6031
  593  1.2566  1.5708 18.1915
  580  1.2566  1.8850 20.9053
  583  1.2566  2.1991 23.2335
  476  1.2566  2.5133 21.7027
  478  1.2566  2.8274 22.7871
  527  1.2566  3.1416 21.5158
  526  1.2566  3.4558 19.3127
  909  1.2566  3.7699 11.0482
   47  1.2566  4.0841 10.7442
   48  1.2566  4.3982 14.3356
   17  1.2566  4.7124 13.9103
   80  1.2566  5.0265 15.4793
  259  1.2566  5.3407 14.7813
  250  1.2566  5.6549 13.5144
  251  1.2566  5.9690 13.8449
  219  1.5708  0.0000 13.9867
  114  1.5708  0.3142 12.1085
  126  1.5708  0.6283 15.0211
  614  1.5708  0.9425 14.0619
  789  1.5708  1.2566 16.2985
  600  1.5708  1.5708 18.5064
  807  1.5708  1.8850 19.9239
  568  1.5708  2.1991 18.3629
  485  1.5708  2.5133 19.0092
  491  1.5708  2.8274 22.4257
  518  1.5708  3.1416 24.5282
  512  1.5708  3.4558 19.3454
  914  1.5708  3.7699 10.2262
  912  1.5708  4.0841  9.4472
   49  1.5708  4.3982 12.8700
   89  1.5708  4.7124 10.5502
  294  1.5708  5.0265 18.0169
  285  1.5708  5.3407 20.2048
  238  1.5708  5.6549 17.8072
  242  1.5708  5.9690 15.3462
  155  1.8850  0.0000 23.2243
  188  1.8850  0.3142 15.3876
  629  1.8850  0.6283 11.9997
  775  1.8850  0.9425 16.3308
  790  1.8850  1.2566 18.0869
  786  1.8850  1.5708 16.8881
  799  1.8850  1.8850 18.1595
  951  1.8850  2.1991 17.9564
  950  1.8850  2.5133 16.0839
  929  1.8850  2.8274 13.1167
  501  1.8850  3.1416 19.5066
  918  1.8850  3.4558  9.0400
  913  1.8850  3.7699  9.3305
  913  1.8850  4.0841  8.8027
  319  1.8850  4.3982 11.1263
  304  1.8850  4.7124 18.5000
  287  1.8850  5.0265 22.0421
  282  1.8850  5.3407 21.2459
  235  1.8850  5.6549 20.8943
  153  1.8850  5.9690 26.1350
  170  2.1991  0.0000 20.3079
  182  2.1991  0.3142 15.8689
  774  2.1991  0.6283 15.0281
  777  2.1991  0.9425 18.0628
  772  2.1991  1.2566 16.5135
  782  2.1991  1.5708 15.5285
  948  2.1991  1.8850 14.8209
  945  2.1991  2.1991 14.8322
  942  2.1991  2.5133 13.0565
  505  2.1991  2.8274 14.5902
  506  2.1991  3.1416 16.5847
  919  2.1991  3.4558  5.5298
   97  2.1991  3.7699  5.1769
  319  2.1991  4.0841  9.9242
  327  2.1991  4.3982 13.9448
  309  2.1991  4.7124 17.1111
  699  2.1991  5.0265 24.5206
  714  2.1991  5.3407 26.9342
  715  2.1991  5.6549 22.3317
  163  2.1991  5.9690 22.3410
  737  2.5133  0.0000 17.3735
  758  2.5133  0.3142 16.9471
  758  2.5133  0.6283 17.3051
  766  2.5133  0.9425 17.3206
  768  2.5133  1.2566 16.1686
  636  2.5133  1.5708 12.2631
  636  2.5133  1.8850 11.1814
  944  2.5133  2.1991 10.1978
  944  2.5133  2.5133  8.8362
  348  2.5133  2.8274  7.0328
  348  2.5133  3.1416  6.0175
  334  2.5133  3.4558  9.7143
  332  2.5133  3.7699 10.9843
  325  2.5133  4.0841 15.0391
  325  2.5133  4.3982 16.3733
  663  2.5133  4.7124 18.2811
  694  2.5133  5.0265 27.5326
  691  2.5133  5.3407 25.5951
  680  2.5133  5.6549 24.4686
  733  2.5133  5.9690 20.7201
  669  2.8274  0.0000 19.0990
  752  2.8274  0.3142 19.3989
  753  2.8274  0.6283 19.2535
  754  2.8274  0.9425 19.0231
  754  2.8274  1.2566 17.6735
  650  2.8274  1.5708 12.8156
  650  2.8274  1.8850 13.2393
  654  2.8274  2.1991 14.3686
  654  2.8274  2.5133 15.3453
  654  2.8274  2.8274 15.6592
  653  2.8274  3.1416 16.3665
  653  2.8274  3.4558 16.6591
  653  2.8274  3.7699 16.3294
  653  2.8274  4.0841 15.2000
  324  2.8274  4.3982 13.9686
  658  2.8274  4.7124 17.3783
  671  2.8274  5.0265 24.3842
  674  2.8274  5.3407 25.0562
  674  2.8274  5.6549 24.9599
  668  2.8274  5.9690 20.9500
  651  3.1416  0.0000 15.3672
  651  3.1416  0.3142 15.3672
  651  3.1416  0.6283 15.3672
  651  3.1416  0.9425 15.3672
  651  3.1416  1.2566 15.3672
  651  3.1416  1.5708 15.3672
  651  3.1416  1.8850 15.3672
  651  3.1416  2.1991 15.3672
  651  3.1416  2.5133 15.3672
  651  3.1416  2.8274 15.3672
  651  3.1416  3.1416 15.3672
  651  3.1416  3.4558 15.3672
  651  3.1416  3.7699 15.3672
  651  3.1416  4.0841 15.3672
  651  3.1416  4.3982 15.3672
  651  3.1416  4.7124 15.3672
  651  3.1416  5.0265 15.3672
  651  3.1416  5.3407 15.3672
  651  3.1416  5.6549 15.3672
  651  3.1416  5.9690 15.3672
