 PERPEND.  [ L'(A) * L'(B) - L''(A) * L''(B) ]
   10
 0.10000000000000000D+01 0.00000000000000000D+00 0.00000000000000000D+00
 0.00000000000000000D+00 0.00000000000000000D+00 0.00000000000000000D+00
 0.00000000000000000D+00 0.00000000000000000D+00 0.00000000000000000D+00
 0.00000000000000000D+00
 0.00000000000000000D+00 0.90000000000000000D+01 0.00000000000000000D+00
 0.28800000000000000D+03 0.00000000000000000D+00 0.46080000000000000D+04
 0.00000000000000000D+00 0.73727999999999998D+05 0.00000000000000000D+00
 0.11796481250000000D+07
 0.00000000000000000D+00 0.00000000000000000D+00 0.81000000000000000D+02
 0.00000000000000000D+00 0.51840000000000000D+04 0.00000000000000000D+00
 0.16588800000000000D+06 0.00000000000000000D+00 0.39813119999999998D+07
 0.00000000000000000D+00
 0.00000000000000000D+00 0.28800000000000000D+03 0.00000000000000000D+00
 0.12410000000000000D+04 0.00000000000000000D+00 0.78176002197265617D+05
 0.00000000000000000D+00-0.17971146875000000D+06-0.13893633000000000D+08
 0.57892863999999999D+08
 0.00000000000000000D+00 0.00000000000000000D+00 0.51840000000000000D+04
 0.00000000000000000D+00 0.18166501562500000D+06 0.00000000000000000D+00
 0.10276991832275390D+08 0.00000000000000000D+00 0.38640848199218748D+09
-0.30670849000000000D+08
 0.00000000000000000D+00 0.46080000000000000D+04 0.00000000000000000D+00
 0.78176002197265617D+05 0.00000000000000000D+00 0.18425000765625000D+08
 0.00000000000000000D+00 0.62918085549047850D+09 0.34633973790000000D+10
 0.13557957799625000D+11
 0.00000000000000000D+00 0.00000000000000000D+00 0.16588800000000000D+06
 0.00000000000000000D+00 0.10276991832275390D+08 0.00000000000000000D+00
 0.64809060615625001D+09 0.00000000000000000D+00 0.28704683708164305D+11
 0.44589861706999999D+11
 0.00000000000000000D+00 0.73727999999999998D+05 0.00000000000000000D+00
-0.17971146875000000D+06 0.00000000000000000D+00 0.62918085549047850D+09
 0.00000000000000000D+00 0.17784903686796873D+11 0.13834395664000000D+11
 0.10051418844614787D+13
 0.00000000000000000D+00 0.00000000000000000D+00 0.39813119999999998D+07
-0.13893633000000000D+08 0.38640848199218748D+09 0.34633973790000000D+10
 0.28704683708164305D+11 0.13834395664000000D+11 0.19908746673236875D+13
 0.76747324980639999D+13
 0.00000000000000000D+00 0.11796481250000000D+07 0.00000000000000000D+00
 0.57892863999999999D+08-0.30670849000000000D+08 0.13557957799625000D+11
 0.44589861706999999D+11 0.10051418844614787D+13 0.76747324980639999D+13
 0.26896716323995819D+14
18748D+09 0.34633973790000000D+10
 0.28704683708164305D+11 0.13834395664000000D+11 0.19908746673236875D+13
 0.76747324980639999D+13
 0.00000000000000