 PERPENDICULAR TENSOR - (-4/3) L/B [ (L')**(-1) X (L'') ]
   10
 0.10000000000000000D+01 0.00000000000000000D+00 0.33333333333333332D+00
 0.00000000000000000D+00 0.00000000000000000D+00 0.00000000000000000D+00
 0.00000000000000000D+00 0.00000000000000000D+00 0.00000000000000000D+00
 0.00000000000000000D+00
 0.00000000000000000D+00 0.00000000000000000D+00 0.00000000000000000D+00
 0.00000000000000000D+00 0.00000000000000000D+00-0.34694469519536140D-17
 0.00000000000000000D+00 0.24286128663675299D-16 0.00000000000000000D+00
 0.00000000000000000D+00
 0.33333333333333332D+00 0.00000000000000000D+00 0.00000000000000000D+00
 0.00000000000000000D+00-0.17347234759768070D-17 0.00000000000000000D+00
-0.52041704279304213D-17 0.00000000000000000D+00 0.17347234759768070D-16
 0.17347234759768070D-16
 0.00000000000000000D+00 0.74999999999999998D+00 0.00000000000000000D+00
 0.75000000000000000D+00 0.00000000000000000D+00 0.45000002843638259D+01
 0.00000000000000000D+00 0.70000008729596931D+01 0.33125002384185790D+01
 0.33125002384185790D+01
 0.00000000000000000D+00 0.00000000000000000D+00-0.17347234759768070D-17
 0.00000000000000000D+00 0.19868214925708449D-06 0.00000000000000000D+00
 0.10718746732835127D-05-0.13124999205271402D+01 0.13124998248337457D+01
 0.13124998248337457D+01
 0.00000000000000000D+00 0.13125000000000000D+01 0.00000000000000000D+00
 0.24791666666666666D+01 0.00000000000000000D+00 0.18287436362355947D+02
 0.00000000000000000D+00 0.28845174061755340D+02-0.49660725797216095D+02
-0.49660725797216095D+02
 0.00000000000000000D+00 0.00000000000000000D+00 0.56250000000000000D+00
 0.00000000000000000D+00 0.35625012318293251D+01 0.00000000000000000D+00
-0.34332377347163866D+00 0.61692126592000324D+00 0.15629230760193119D+02
 0.15629230760193119D+02
 0.00000000000000000D+00 0.14791666666666666D+01 0.00000000000000000D+00
 0.32083338499069214D+01 0.00000000000000000D+00 0.48720175164441266D+02
 0.00000000000000000D+00 0.10090556541927313D+03-0.27610727578401565D+02
-0.27610727578401565D+02
 0.00000000000000000D+00 0.00000000000000000D+00 0.17812500000000000D+01
-0.45625006357828775D+01 0.16500001298884549D+02 0.88442433585723239D+02
 0.14802298054875185D+02 0.39370430371165275D+03 0.34607474507763956D+02
 0.34607474507763956D+02
 0.00000000000000000D+00 0.15000001589457194D+01 0.00000000000000000D+00
 0.71093749602635698D+01 0.30937501986821492D+01 0.28406375894943872D+01
 0.42501466562971473D+02 0.30508567748862846D+00 0.15768640229416390D+03
 0.15768640229416390D+03
84549D+02 0.88442433585723239D+02
 0.14802298054875185D+02 0.39370430371165275D+03 0.34607474507763956D+02
 0.34607474507763956D+02
 0.000