
 TORUS: LARGE R=  2.00000,  SMALL R=  1.00000   
   546  0.18097
 TRANSLATION 
  0.00000  0.00000  0.00000
     1    -2.457340     1.614918    -0.005406     0.433566     0.434081     0.526899
     2    -0.317706    -1.503856    -0.008607     0.432094     0.431243     0.525441
     3    -0.017053    -0.135463    -0.004457     0.435227     0.434293     0.523434
     4     0.010726    -0.004428    -0.003616     0.439970     0.439228     0.521562
     5     0.001704    -0.001214    -0.026872     0.442383     0.442200     0.519984
     6     0.002429     0.016522    -0.003213     0.442077     0.442546     0.518816
     7     0.008488     0.011418    -0.002418     0.441446     0.441566     0.517759
     8     0.011284     0.015722    -0.001320     0.440515     0.440375     0.516539
     9    -0.000247    -0.032208     0.000128     0.438794     0.439098     0.515253
    10    -0.001274    -0.025848     0.003691     0.436993     0.437835     0.514012
    11    -0.001735    -0.009567     0.003516     0.436011     0.436921     0.512788
    12    -0.002369    -0.005219     0.002701     0.435802     0.436533     0.511562
    13    -0.002232    -0.003392     0.002594     0.435916     0.436517     0.510410
    14    -0.001600    -0.002213     0.002377     0.436198     0.436645     0.509419
    15    -0.001593    -0.001845     0.001851     0.436667     0.436825     0.508625
    16    -0.006876    -0.001535     0.000881     0.437213     0.437048     0.508037
    17     0.000056    -0.000054     0.000017     0.437675     0.437275     0.507659
    18    -0.000200     0.000391    -0.000073     0.437994     0.437447     0.507483
    19    -0.000105     0.000374    -0.000050     0.438193     0.437559     0.507481
    20    -0.000226     0.001312    -0.000198     0.438291     0.437645     0.507623
    21    -0.000182     0.003096    -0.000415     0.438289     0.437717     0.507879
    22     0.000117     0.000664     0.000613     0.438196     0.437754     0.508225
    23     0.000451     0.001016     0.002033     0.438031     0.437742     0.508639
    24     0.000762     0.001293     0.001898     0.437816     0.437690     0.509106
    25     0.001047     0.001884     0.001647     0.437572     0.437617     0.509611
    26     0.001172     0.004177     0.001557     0.437327     0.437538     0.510142
    27     0.001214    -0.002302     0.001957     0.437116     0.437465     0.510688
    28     0.010046    -0.000462     0.021834     0.436976     0.437412     0.511234
    29    -0.000372    -0.000205    -0.002093     0.436926     0.437389     0.511769
    30    -0.000082    -0.000130    -0.000565     0.436971     0.437397     0.512278
    31    -0.000014     0.000035    -0.000050     0.437095     0.437427     0.512751
    32    -0.000032     0.000019    -0.000052     0.437272     0.437467     0.513179
    33    -0.000043     0.000017    -0.000054     0.437467     0.437507     0.513553
    34     0.000090    -0.000034     0.000155     0.437643     0.437539     0.513870
    35     0.000396    -0.000164     0.008195     0.437774     0.437558     0.514128
    36     0.000953    -0.000453    -0.001095     0.437844     0.437564     0.514329
    37     0.003940    -0.001368    -0.000742     0.437851     0.437561     0.514475
    38    -0.001473    -0.001683    -0.000626     0.437805     0.437552     0.514572
    39    -0.000436    -0.000269    -0.000581     0.437724     0.437543     0.514623
    40    -0.000195    -0.000052    -0.000591     0.437627     0.437536     0.514635
    41    -0.000135    -0.000012    -0.000537     0.437536     0.437534     0.514611
    42     0.000149    -0.000003    -0.000204     0.437463     0.437536     0.514557
    43     0.000019    -0.000002    -0.000086     0.437419     0.437540     0.514478
    44     0.000023    -0.000004    -0.000125     0.437403     0.437546     0.514377
    45     0.000042    -0.000011    -0.000230     0.437413     0.437550     0.514260
    46     0.000070    -0.000022    -0.000354     0.437440     0.437551     0.514130
    47     0.000118    -0.000038    -0.000448     0.437475     0.437548     0.513991
    48     0.000386    -0.000057    -0.000470     0.437509     0.437542     0.513848
    49    -0.000038    -0.000065    -0.000347     0.437537     0.437533     0.513705
    50     0.000031    -0.000178    -0.000649     0.437555     0.437522     0.513565
    51     0.000048    -0.000231    -0.000469     0.437561     0.437511     0.513430
    52     0.000052    -0.000424    -0.000389     0.437558     0.437502     0.513304
    53     0.000051    -0.002931    -0.000332     0.437549     0.437495     0.513188
    54     0.000047     0.000572    -0.000291     0.437536     0.437491     0.513082
    55     0.000042     0.000240    -0.000265     0.437524     0.437490     0.512987
    56     0.000037     0.000132    -0.000258     0.437514     0.437492     0.512905
    57     0.000033     0.000080    -0.000282     0.437508     0.437496     0.512834
    58     0.000032     0.000053    -0.000368     0.437506     0.437502     0.512775
    59     0.000032     0.000039    -0.000567     0.437508     0.437508     0.512728
    60     0.000033     0.000031    -0.000914     0.437513     0.437515     0.512691
    61     0.000033     0.000026    -0.001208     0.437519     0.437521     0.512665
    62     0.000031     0.000021    -0.001079     0.437525     0.437526     0.512648
    63     0.000028     0.000016    -0.000715     0.437530     0.437530     0.512641
    64     0.000023     0.000012    -0.000407     0.437533     0.437534     0.512642
    65     0.000021     0.000010    -0.000202     0.437535     0.437536     0.512650
    66     0.000247     0.000039    -0.000101     0.437534     0.437537     0.512665
    67    -0.000012    -0.000008    -0.000101     0.437532     0.437537     0.512686
    68    -0.000011    -0.000008    -0.000152     0.437528     0.437537     0.512711
    69    -0.000013    -0.000010    -0.000199     0.437525     0.437536     0.512740
    70    -0.000014    -0.000013    -0.000234     0.437522     0.437535     0.512772
    71    -0.000014    -0.000016    -0.000264     0.437520     0.437533     0.512807
    72    -0.000013    -0.000021    -0.000295     0.437519     0.437532     0.512842
    73    -0.000011    -0.000028    -0.000333     0.437519     0.437530     0.512877
    74    -0.000009    -0.000038    -0.000379     0.437520     0.437528     0.512913
    75    -0.000007    -0.000056    -0.000437     0.437521     0.437527     0.512947
    76    -0.000005    -0.000100    -0.000505     0.437523     0.437525     0.512980
    77    -0.000004    -0.000427    -0.000561     0.437525     0.437524     0.513011
    78    -0.000002     0.000152    -0.000530     0.437526     0.437522     0.513040
