
 TORUS: LARGE R=  2.00000,  SMALL R=  1.00000   
   363  0.28173
TRANSLATION 
  0.00000  0.00000  0.00000
     1    -0.005862    -0.020437    -0.137098     0.453580     0.453793     0.541603
     2     0.016471     0.080863     0.021826     0.438681     0.437950     0.507817
     3    -0.002820    -0.006075     0.001229     0.439552     0.441568     0.519556
     4    -0.006509     0.011395     0.047710     0.440137     0.440132     0.519206
     5     0.011445    -0.029601     0.005128     0.436012     0.438122     0.511677
     6     0.017070     0.009731     0.009237     0.438491     0.440189     0.514949
     7     0.011190     0.006860     0.007990     0.440731     0.441586     0.516861
     8    -0.017945    -0.007833     0.005626     0.440848     0.440898     0.515172
     9    -0.010981    -0.001930     0.002586     0.440429     0.439778     0.514991
    10     0.012794     0.002289    -0.000478     0.440190     0.439133     0.515037
    11     0.006448     0.002144    -0.000946     0.440698     0.439604     0.515133
    12     0.072564     0.010421     0.000974     0.440937     0.439994     0.515697
    13    -0.004050    -0.001275     0.001069     0.440813     0.439925     0.515431
    14    -0.003338    -0.001289     0.000539     0.440674     0.439872     0.514859
    15     0.004215     0.002491     0.001379     0.440536     0.439898     0.515102
    16     0.001664     0.002711     0.000871     0.440517     0.439900     0.515557
    17     0.000602    -0.001647     0.000177     0.440385     0.439768     0.515487
    18    -0.014846    -0.000974     0.000181     0.440119     0.439641     0.515250
    19    -0.005146     0.000557     0.000353     0.439952     0.439692     0.515257
    20     0.002311     0.000770     0.000712     0.439859     0.439795     0.515383
    21     0.002777    -0.001479     0.000656     0.439753     0.439809     0.515431
    22    -0.001934    -0.000123     0.000347     0.439650     0.439750     0.515397
    23     0.000477    -0.000429     0.000134     0.439591     0.439705     0.515382
    24    -0.000085    -0.000052     0.000026     0.439568     0.439702     0.515431
    25    -0.000082     0.000233     0.000112     0.439541     0.439701     0.515469
    26    -0.000266    -0.004062     0.000307     0.439510     0.439692     0.515437
    27    -0.000534     0.008532     0.000883     0.439508     0.439701     0.515406
    28     0.001197     0.001056    -0.000037     0.439549     0.439728     0.515436
    29     0.000189     0.000230    -0.000056     0.439613     0.439747     0.515486
    30     0.002148    -0.000276    -0.000098     0.439675     0.439744     0.515495
    31    -0.000769    -0.000181    -0.000113     0.439730     0.439742     0.515475
    32    -0.000292    -0.000417    -0.000040     0.439784     0.439756     0.515464
    33    -0.000075     0.000017    -0.000020     0.439834     0.439779     0.515472
    34    -0.000032    -0.000034    -0.000036     0.439873     0.439798     0.515483
    35     0.000098     0.000027    -0.000199     0.439903     0.439809     0.515486
    36    -0.000038     0.000020    -0.000192     0.439930     0.439821     0.515490
    37     0.000024    -0.000082    -0.000106     0.439956     0.439836     0.515500
    38    -0.000006     0.000024     0.000015     0.439976     0.439850     0.515508
    39    -0.000058     0.000148     0.000174     0.439991     0.439862     0.515507
    40    -0.000032     0.000164     0.000279     0.439999     0.439874     0.515502
    41     0.000003    -0.000130    -0.000055     0.439999     0.439885     0.515499
    42     0.000001     0.000008    -0.000003     0.439992     0.439894     0.515498
    43    -0.000084    -0.000058     0.000055     0.439976     0.439900     0.515496
    44     0.000012     0.000004     0.000237     0.439956     0.439905     0.515495
    45     0.000106     0.000041     0.000413     0.439936     0.439910     0.515497
    46     0.000450     0.000056    -0.000207     0.439918     0.439915     0.515502
    47    -0.000118     0.000060    -0.000210     0.439902     0.439917     0.515507
    48    -0.000040     0.000064    -0.000349     0.439889     0.439919     0.515509
    49    -0.000017     0.000055    -0.000655     0.439878     0.439919     0.515509
    50    -0.000006     0.000031    -0.010401     0.439870     0.439920     0.515508
   0.439918     0.439915     0.515502
    47    -0.000118     0.000060    -0.000210     0.439902     0.439917     0.515507
    48    -0.000040     0.000064    -0.000349     0.439889     0.439919