
 TORUS: LARGE R=  1.00000,  SMALL R=  1.00000   
   337  0.16237
 TRANSLATION 
  0.00000  0.00000  0.00000
     1     0.587638     0.423998    -0.002815     0.315148     0.315093     0.359084
     2    -0.050376    -0.547924    -0.003682     0.315844     0.315316     0.357663
     3    -0.006826    -0.008539    -0.001018     0.317500     0.316769     0.356682
     4     0.000782     0.000662     0.001749     0.319338     0.318870     0.355695
     5     0.000928    -0.000466     0.001307     0.320278     0.320221     0.355021
     6     0.000754    -0.003488    -0.000857     0.320398     0.320389     0.354539
     7     0.000857     0.004989    -0.000414     0.319948     0.319872     0.354087
     8     0.000530     0.002156    -0.000175     0.319133     0.319059     0.353611
     9    -0.000390    -0.004592     0.000130     0.318217     0.318248     0.353087
    10    -0.000641     0.007777     0.000420     0.317434     0.317653     0.352515
    11    -0.000105     0.000985     0.000375     0.316920     0.317350     0.351930
    12     0.000210    -0.005974     0.001234     0.316707     0.317297     0.351381
    13     0.000126     0.000778     0.002175     0.316754     0.317400     0.350909
    14    -0.000330    -0.000379     0.000370     0.316979     0.317558     0.350533
    15     0.003335    -0.000339     0.000274     0.317293     0.317698     0.350260
    16     0.000169    -0.000106     0.000100     0.317614     0.317783     0.350085
    17    -0.000096     0.000092    -0.000131     0.317884     0.317811     0.349996
    18    -0.000166     0.000224    -0.001041     0.318073     0.317799     0.349983
    19    -0.000129     0.000353     0.000636     0.318174     0.317773     0.350037
    20     0.000012     0.000076    -0.000048     0.318198     0.317754     0.350147
    21     0.000257     0.000343     0.002616     0.318161     0.317751     0.350302
    22     0.000551     0.000444     0.000800     0.318087     0.317765     0.350495
    23     0.000795     0.000533     0.000643     0.317995     0.317790     0.350714
    24     0.000938     0.000625     0.000609     0.317903     0.317819     0.350952
    25     0.001134     0.000838     0.000705     0.317823     0.317844     0.351197
    26    -0.000296    -0.000298    -0.000294     0.317763     0.317861     0.351443
    27     0.000204     0.000273     0.000239     0.317725     0.317870     0.351682
    28     0.000146     0.000344     0.000298     0.317709     0.317872     0.351907
    29     0.000067     0.001605     0.000568     0.317710     0.317870     0.352115
    30     0.000007    -0.000014    -0.000028     0.317725     0.317866     0.352300
    31    -0.000035     0.000022     0.000055     0.317747     0.317861     0.352462
    32    -0.000070     0.000019     0.000079     0.317774     0.317855     0.352599
    33    -0.000028     0.000015     0.002697     0.317800     0.317849     0.352711
    34     0.000005    -0.000148     0.000034     0.317824     0.317843     0.352798
    35     0.000013     0.000042     0.000216     0.317844     0.317837     0.352861
    36     0.000015     0.000043     0.001614     0.317859     0.317830     0.352902
    37     0.000013     0.000041    -0.000949     0.317868     0.317824     0.352923
    38     0.000008     0.000032    -0.000441     0.317871     0.317819     0.352926
    39     0.000002     0.000015    -0.000178     0.317868     0.317814     0.352913
    40    -0.000003     0.000012    -0.000787     0.317861     0.317812     0.352886
    41    -0.000010    -0.000021     0.002736     0.317850     0.317810     0.352849
    42    -0.000013    -0.000048    -0.001348     0.317838     0.317810     0.352803
    43    -0.000015    -0.000074    -0.000813     0.317825     0.317810     0.352751
    44    -0.000015    -0.000095    -0.000635     0.317814     0.317811     0.352694
    45    -0.000013    -0.000106    -0.000538     0.317806     0.317813     0.352635
    46    -0.000009    -0.000098    -0.000473     0.317801     0.317815     0.352576
    47    -0.000003    -0.000051    -0.000433     0.317800     0.317816     0.352517
    48     0.000003     0.000116    -0.000377     0.317803     0.317818     0.352461
    49     0.000009    -0.028270    -0.000355     0.317809     0.317819     0.352408
    50     0.000012    -0.000455    -0.000333     0.317816     0.317821     0.352359
    51     0.000011    -0.000266    -0.000314     0.317823     0.317822     0.352314
    52     0.000008    -0.000178    -0.000298     0.317830     0.317823     0.352275
    53     0.000005    -0.000114    -0.000287     0.317835     0.317825     0.352241
    54     0.000001    -0.000056    -0.000295     0.317837     0.317826     0.352212
    55    -0.000000     0.000012    -0.000091     0.317838     0.317826     0.352188
    56    -0.000000     0.000003    -0.000003     0.317836     0.317827     0.352170
    57     0.000001    -0.000247    -0.000349     0.317833     0.317827     0.352156
    58     0.000003    -0.000113    -0.000278     0.317829     0.317828     0.352147
    59     0.000005    -0.000064    -0.000261     0.317826     0.317828     0.352141
    60     0.000006    -0.000034    -0.000252     0.317822     0.317828     0.352140
    61     0.000007    -0.000012    -0.000230     0.317820     0.317828     0.352141
    62     0.000005     0.000010    -0.000379     0.317819     0.317827     0.352146
    63     0.000005     0.000036    -0.000333     0.317819     0.317827     0.352153
    64     0.000004     0.000084    -0.000350     0.317820     0.317827     0.352161
    65     0.000003     0.000460    -0.000381     0.317821     0.317826     0.352172
    66     0.000002    -0.000134    -0.000418     0.317823     0.317826     0.352183
    67     0.000001    -0.000046    -0.000449     0.317825     0.317826     0.352195
