
 TORUS: LARGE R=  1.00000,  SMALL R=  1.00000   
    90  0.30902
TRANSLATION 
  0.00000  0.00000  0.00000
     1     0.025838     0.017665    -0.005444     0.314647     0.313405     0.365155
     2    -0.008202    -0.098001    -0.003023     0.315346     0.314150     0.362482
     3    -0.001043    -0.002057    -0.001913     0.317496     0.315546     0.360425
     4    -0.003661    -0.003535    -0.001680     0.319111     0.317500     0.358945
     5    -0.001399    -0.004520    -0.001261     0.320596     0.319552     0.357802
     6    -0.000561     0.048264    -0.002118     0.321735     0.321232     0.356822
     7    -0.000502     0.002689    -0.080880     0.322434     0.322338     0.355937
     8    -0.000455     0.001269     0.004617     0.322703     0.322886     0.355156
     9    -0.000318     0.000935     0.011698     0.322613     0.322987     0.354503
    10     0.000313     0.000819     0.000839     0.322261     0.322780     0.353993
    11     0.001112     0.000801     0.001689     0.321756     0.322394     0.353625
    12     0.001187     0.000673     0.002204     0.321200     0.321937     0.353391
    13     0.000906     0.000472     0.002639     0.320680     0.321487     0.353280
    14     0.000599     0.000255     0.003078     0.320259     0.321094     0.353277
    15     0.000409     0.000079     0.003648     0.319972     0.320779     0.353362
    16     0.000018    -0.000006    -0.001113     0.319829     0.320547     0.353516
    17    -0.000037     0.000062     0.001019     0.319816     0.320388     0.353717
    18    -0.000080     0.000495     0.001616     0.319905     0.320291     0.353948
    19    -0.000085     0.003986     0.001822     0.320061     0.320238     0.354190
    20    -0.000069     0.035752     0.002137     0.320246     0.320218     0.354430
    21    -0.000049     0.000849     0.004401     0.320429     0.320219     0.354655
    22    -0.000043     0.000252    -0.005241     0.320584     0.320234     0.354858
    23    -0.000057     0.000178    -0.003235     0.320696     0.320259     0.355033
    24    -0.000086     0.000182    -0.007682     0.320759     0.320290     0.355175
    25    -0.000118     0.000200     0.010765     0.320777     0.320326     0.355285
    26    -0.000141     0.000226     0.003317     0.320756     0.320365     0.355363
    27    -0.000151     0.000298     0.002100     0.320710     0.320406     0.355410
    28    -0.000155     0.001030     0.001811     0.320650     0.320447     0.355431
    29    -0.000170    -0.000259     0.002339     0.320588     0.320486     0.355427
    30    -0.000242    -0.000083     0.006114     0.320534     0.320523     0.355405
    31     0.001493    -0.000033     0.001778     0.320493     0.320555     0.355369
    32    -0.000017     0.000006    -0.000048     0.320469     0.320581     0.355322
    33    -0.000062     0.000070    -0.000099     0.320460     0.320600     0.355268
    34     0.000310     0.000061     0.000039     0.320464     0.320613     0.355212
    35    -0.000105     0.000213     0.000263     0.320478     0.320619     0.355157
    36    -0.000063     0.000591     0.000585     0.320497     0.320619     0.355105
    37    -0.000032    -0.001363     0.001080     0.320517     0.320614     0.355059
    38    -0.000009    -0.000144     0.002474     0.320536     0.320606     0.355019
    39     0.000006     0.000099     0.001663     0.320550     0.320595     0.354987
    40     0.000014     0.000300     0.003614     0.320558     0.320582     0.354963
    41     0.000017     0.000557     0.008618     0.320562     0.320570     0.354946
    42     0.000017     0.001010    -0.122927     0.320561     0.320558     0.354936
    43     0.000014     0.002281    -0.008561     0.320556     0.320548     0.354933
    44     0.000011     0.091271    -0.004625     0.320550     0.320539     0.354935
    45     0.000007    -0.003023    -0.003292     0.320543     0.320532     0.354942
    46     0.000004    -0.001748    -0.002746     0.320537     0.320527     0.354951
    47     0.000002    -0.001658    -0.003032     0.320533     0.320524     0.354963
    48     0.000000     0.001075     0.001718     0.320530     0.320523     0.354976
    49    -0.000001    -0.000416    -0.000730     0.320529     0.320523     0.354989
    50    -0.000001    -0.000619    -0.001045     0.320529     0.320524     0.355002
    51    -0.000002    -0.000881    -0.001337     0.320531     0.320526     0.355013
    52    -0.000002    -0.001543    -0.001855     0.320533     0.320529     0.355024
    53    -0.000002    -0.005412    -0.002983     0.320535     0.320532     0.355032
    54    -0.000002     0.005334    -0.005985     0.320537     0.320535     0.355039
    55    -0.000002     0.002282    -0.018505     0.320539     0.320538     0.355043
    56    -0.000002     0.001764    -0.326057     0.320540     0.320541     0.355046
    57    -0.000001     0.001672    -0.062258     0.320540     0.320543     0.355048
    58    -0.000001     0.001810    -0.010124     0.320540     0.320545     0.355048
    59    -0.000001     0.002194    -0.003415     0.320539     0.320546     0.355047
    60    -0.000000     0.003173    -0.001118     0.320538     0.320547     0.355045
    61     0.000000     0.002245     0.000241     0.320538     0.320547     0.355043
    62     0.000000     0.006542     0.001546     0.320537     0.320547     0.355040
    63     0.000000     0.030742     0.003380     0.320536     0.320547     0.355037
    64     0.000000    -0.020568     0.007008     0.320536     0.320546     0.355035
    65     0.000000    -0.010526     0.015920     0.320536     0.320546     0.355032
    66     0.000000    -0.009404     0.038118     0.320536     0.320545     0.355029
    67     0.000000    -0.010382     0.060727     0.320536     0.320544     0.355027
    68     0.000000    -0.015689     0.051792     0.320536     0.320543     0.355026
    69     0.000000    -0.026721     0.040374     0.320537     0.320543     0.355024
    70     0.000000    -0.057572     0.040201     0.320537     0.320542     0.355023
    71     0.000000    -0.069758     0.062917     0.320537     0.320542     0.355023
    72     0.000000    -0.065538    -0.868697     0.320537     0.320541     0.355022
    73     0.000000    -0.031976    -0.039965     0.320538     0.320541     0.355023
    74     0.000000    -0.020475    -0.017422     0.320537     0.320541     0.355023
    75     0.000000    -0.015286    -0.009163     0.320537     0.320541     0.355023
    76     0.000000    -0.011879    -0.001242     0.320537     0.320541     0.355024
    77    -0.000000    -0.012234     0.016848     0.320537     0.320541     0.355024
    78    -0.000000    -0.011585     0.323846     0.320537     0.320541     0.355025
    79    -0.000000    -0.011379    -0.084963     0.320537     0.320542     0.355026
    80    -0.000000    -0.013412    -0.075640     0.320537     0.320542     0.355026
    81    -0.000000    -0.016446    -0.114621     0.320537     0.320542     0.355027
    82    -0.000000    -0.018746    -0.437477     0.320537     0.320542     0.355027
    83    -0.000000    -0.028793     0.232827     0.320537     0.320542     0.355028
    84    -0.000000    -0.039206     0.091824     0.320537     0.320542     0.355028
    85    -0.000000    -0.055198     0.064971     0.320537     0.320542     0.355028
    86    -0.000000    -0.193521     0.073478     0.320537     0.320543     0.355028
    87    -0.000000    -0.203195     0.080724     0.320537     0.320543     0.355028
    88    -0.000000    -0.100946     0.375799     0.320537     0.320543     0.355028
    89     0.000000     0.016707     0.012641     0.320537     0.320543     0.355028
    90     0.000000     0.235123     0.028247     0.320537     0.320542     0.355028
    91     0.000000    -0.158398     0.054058     0.320537     0.320542     0.355028
    92     0.000000    -0.051224     0.078881     0.320537     0.320542     0.355028
    93     0.000000    -0.034275     0.119233     0.320537     0.320542     0.355027
    94     0.000000    -0.025131     0.242384     0.320537     0.320542     0.355027
    95     0.000000    -0.020914     0.514117     0.320537     0.320542     0.355027
    96     0.000000    -0.017155     0.895292     0.320537     0.320542     0.355027
    97     0.000000    -0.016748     1.093869     0.320537     0.320542     0.355027
    98     0.000000    -0.012401     0.510095     0.320537     0.320542     0.355027
    99     0.000000    -0.011342     0.469800     0.320537     0.320542     0.355027
   100     0.000000    -0.006980     0.186464     0.320537     0.320542     0.355027
   101     0.000000    -0.008464     0.138412     0.320537     0.320542     0.355027
   102     0.000000    -0.005639     0.139970     0.320537     0.320542     0.355027
   103    -0.000000     0.002803    -0.069772     0.320537     0.320542     0.355027
   104    -0.000000     0.001569    -0.083471     0.320537     0.320542     0.355027
   105    -0.000000     0.011441    -0.490133     0.320537     0.320542     0.355027
   106    -0.000000     0.012322    -0.485554     0.320537     0.320542     0.355027
   107    -0.000000     0.011139    -0.618686     0.320537     0.320542     0.355027
   108    -0.000000     0.023122    -1.603207     0.320537     0.320542     0.355027
   109    -0.000000     0.025404    -0.992278     0.320537     0.320542     0.355027
   110    -0.000000     0.044408  -100.884258     0.320537     0.320542     0.355027
   111    -0.000000     0.025699     8.117256     0.320537     0.320542     0.355027
   112     0.000000    -0.002942    -0.082917     0.320537     0.320542     0.355027
   113    -0.000000     0.013868     1.244342     0.320537     0.320542     0.355027
   114    -0.000000     0.013873    -3.086506     0.320537     0.320542     0.355027
   115    -0.000000     0.006192     1.279053     0.320537     0.320542     0.355027
   116    -0.000000     0.000363    -0.403409     0.320537     0.320542     0.355027
   117    -0.000000     0.004850     2.543867     0.320537     0.320542     0.355027
   118     0.000000    -0.006691    -0.717193     0.320537     0.320542     0.355027
   119     0.000000    -0.004578    -0.496472     0.320537     0.320542     0.355027
   120     0.000000    -0.011848    -8.449349     0.320537     0.320542     0.355027
   121    -0.000000     0.001275    -0.747125     0.320537     0.320542     0.355027
   122     0.000000    -0.002195    -2.247367     0.320537     0.320542     0.355027
   123     0.000000    -0.000307     0.346506     0.320537     0.320542     0.355027
   124     0.000000    -0.005079   322.537839     0.320537     0.320542     0.355027
   125     0.000000    -0.003535    22.815436     0.320537     0.320542     0.355027
   126    -0.000000     0.006475    -5.497550     0.320537     0.320542     0.355027
   127    -0.000000     0.000223    -0.068861     0.320537     0.320542     0.355027
   128    -0.000000     0.002809    -1.056402     0.320537     0.320542     0.355027
   129     0.000000    -0.000143    -1.572611     0.320537     0.320542     0.355027
   130    -0.000000     0.001117     4.921094     0.320537     0.320542     0.355027
   131     0.000000    -0.002791    -5.478510     0.320537     0.320542     0.355027
   132     0.000000    -0.006014     6.276439     0.320537     0.320542     0.355027
   133     0.000000    -0.002705   -12.966907     0.320537     0.320542     0.355027
   134     0.000000    -0.002631     6.096906     0.320537     0.320542     0.355027
   135     0.000000    -0.016417    13.076204     0.320537     0.320542     0.355027
   136     0.000000    -0.001322    -1.476980     0.320537     0.320542     0.355027
   137     0.000000    -0.007085    -3.836475     0.320537     0.320542     0.355027
   138     0.000000    -0.006529     3.524646     0.320537     0.320542     0.355027
   139    -0.000000     0.000643     1.484171     0.320537     0.320542     0.355027
   140     0.000000    -0.003117    -0.995798     0.320537     0.320542     0.355027
   141     0.000000    -0.007423   -17.724055     0.320537     0.320542     0.355027
   142    -0.000000     0.004277     6.887423     0.320537     0.320542     0.355027
   143     0.000000    -0.002245    -1.635290     0.320537     0.320542     0.355027
   144     0.000000    -0.008971     3.989984     0.320537     0.320542     0.355027
   145     0.000000    -0.008252    -1.939212     0.320537     0.320542     0.355027
   146    -0.000000     0.007739     2.231876     0.320537     0.320542     0.355027
   147    -0.000000     0.001255     0.212052     0.320537     0.320542     0.355027
   148    -0.000000     0.002206     0.919413     0.320537     0.320542     0.355027
   149     0.000000    -0.002902    -1.580793     0.320537     0.320542     0.355027
   150     0.000000    -0.002614    -1.615633     0.320537     0.320542     0.355027
   151    -0.000000     0.006931   -46.340399     0.320537     0.320542     0.355027
   152    -0.000000     0.001435     9.041132     0.320537     0.320542     0.355027
   153    -0.000000     0.000874     1.036091     0.320537     0.320542     0.355027
   154     0.000000    -0.000476    15.303379     0.320537     0.320542     0.355027
   155     0.000000    -0.005359   -18.156027     0.320537     0.320542     0.355027
   156     0.000000    -0.008820    -4.740253     0.320537     0.320542     0.355027
   157     0.000000    -0.004239  1325.789093     0.320537     0.320542     0.355027
   158     0.000000    -0.000361     1.565642     0.320537     0.320542     0.355027
   159     0.000000    -0.006952    -5.971966     0.320537     0.320542     0.355027
   160     0.000000    -0.001392     3.800805     0.320537     0.320542     0.355027
   161     0.000000    -0.007078    -2.973719     0.320537     0.320542     0.355027
   162     0.000000    -0.002495    -1.229395     0.320537     0.320542     0.355027
   163     0.000000    -0.008127    12.566649     0.320537     0.320542     0.355027
   164     0.000000    -0.008247    38.501739     0.320537     0.320542     0.355027
   165     0.000000    -0.002339    -0.636198     0.320537     0.320542     0.355027
   166    -0.000000     0.005452     6.297559     0.320537     0.320542     0.355027
   167    -0.000000     0.001378     1.011892     0.320537     0.320542     0.355027
   168    -0.000000     0.002875    19.768583     0.320537     0.320542     0.355027
   169     0.000000    -0.004177   -10.813069     0.320537     0.320542     0.355027
   170     0.000000    -0.000231    -0.275161     0.320537     0.320542     0.355027
   171    -0.000000     0.009040    99.962890     0.320537     0.320542     0.355027
   172    -0.000000     0.000971   105.765819     0.320537     0.320542     0.355027
   173     0.000000    -0.005417    -5.477999     0.320537     0.320542     0.355027
   174     0.000000    -0.006117   -96.706664     0.320537     0.320542     0.355027
   175     0.000000    -0.008207    -5.008627     0.320537     0.320542     0.355027
   176     0.000000    -0.009843    -7.083089     0.320537     0.320542     0.355027
   177     0.000000    -0.008239   -11.266219     0.320537     0.320542     0.355027
   178    -0.000000     0.009043    16.317600     0.320537     0.320542     0.355027
   179     0.000000    -0.002627    -5.564478     0.320537     0.320542     0.355027
   180    -0.000000     0.005171   -33.975070     0.320537     0.320542     0.355027
   181    -0.000000     0.001474     2.774407     0.320537     0.320542     0.355027
   182     0.000000    -0.015149     9.672842     0.320537     0.320542     0.355027
   183     0.000000    -0.005499    12.366473     0.320537     0.320542     0.355027
   184     0.000000    -0.002833    -2.379127     0.320537     0.320542     0.355027
   185     0.000000    -0.001590    -0.363160     0.320537     0.320542     0.355027
   186     0.000000    -0.003478    -2.103933     0.320537     0.320542     0.355027
   187    -0.000000     0.001868     2.427669     0.320537     0.320542     0.355027
   188    -0.000000     0.004791     3.232253     0.320537     0.320542     0.355027
   189    -0.000000     0.003841     6.852469     0.320537     0.320542     0.355027
   190    -0.000000     0.003642     2.050839     0.320537     0.320542     0.355027
   191     0.000000    -0.006816   -10.436081     0.320537     0.320542     0.355027
   192    -0.000000     0.006580    11.041128     0.320537     0.320542     0.355027
   193    -0.000000     0.000285     0.133050     0.320537     0.320542     0.355027
   194     0.000000    -0.007482     7.101356     0.320537     0.320542     0.355027
   195     0.000000    -0.012650    -8.572115     0.320537     0.320542     0.355027
   196    -0.000000     0.000029    -0.069805     0.320537     0.320542     0.355027
   197     0.000000    -0.004051    -1.056162     0.320537     0.320542     0.355027
   198     0.000000    -0.008570    11.547803     0.320537     0.320542     0.355027
   199     0.000000    -0.003697     9.906650     0.320537     0.320542     0.355027
   200    -0.000000     0.005214     7.154225     0.320537     0.320542     0.355027
   201     0.000000    -0.003901    -3.189502     0.320537     0.320542     0.355027
   202    -0.000000     0.003844   122.051537     0.320537     0.320542     0.355027
   203     0.000000    -0.004772    -2.896826     0.320537     0.320542     0.355027
   204    -0.000000     0.003739     1.909348     0.320537     0.320542     0.355027
   205     0.000000    -0.002879    -1.851282     0.320537     0.320542     0.355027
   206     0.000000    -0.001537    -0.510719     0.320537     0.320542     0.355027
   207    -0.000000     0.001379    -1.949938     0.320537     0.320542     0.355027
   208    -0.000000     0.003891     1.941365     0.320537     0.320542     0.355027
   209     0.000000    -0.007923    -1.493384     0.320537     0.320542     0.355027
   210     0.000000    -0.000523    70.204329     0.320537     0.320542     0.355027
   211     0.000000    -0.001784    -3.447119     0.320537     0.320542     0.355027
   212     0.000000    -0.001403    -3.533967     0.320537     0.320542     0.355027
   213     0.000000    -0.001438    -7.395920     0.320537     0.320542     0.355027
   214     0.000000    -0.008081    35.576367     0.320537     0.320542     0.355027
   215    -0.000000     0.001681    -4.394808     0.320537     0.320542     0.355027
   216     0.000000    -0.005198    10.469496     0.320537     0.320542     0.355027
   217     0.000000    -0.009381    -9.383512     0.320537     0.320542     0.355027
   218     0.000000    -0.007549    -5.408196     0.320537     0.320542     0.355027
   219     0.000000    -0.007088    -1.706449     0.320537     0.320542     0.355027
   220     0.000000    -0.003934     5.936375     0.320537     0.320542     0.355027
   221    -0.000000     0.003531     1.733439     0.320537     0.320542     0.355027
   222     0.000000    -0.005636    -4.672783     0.320537     0.320542     0.355027
   223    -0.000000     0.005692     2.802848     0.320537     0.320542     0.355027
   224    -0.000000     0.003170    -3.628325     0.320537     0.320542     0.355027
   225     0.000000    -0.002964    -2.043860     0.320537     0.320542     0.355027
   226     0.000000    -0.000519    -0.468993     0.320537     0.320542     0.355027
   227    -0.000000     0.001370    -1.018666     0.320537     0.320542     0.355027
   228     0.000000    -0.011526    76.927518     0.320537     0.320542     0.355027
   229    -0.000000     0.005717     1.402109     0.320537     0.320542     0.355027
   230     0.000000    -0.011978    50.816810     0.320537     0.320542     0.355027
   231     0.000000    -0.000374    -9.100508     0.320537     0.320542     0.355027
   232     0.000000    -0.004814    -2.504952     0.320537     0.320542     0.355027
   233    -0.000000     0.002122   -14.485424     0.320537     0.320542     0.355027
   234    -0.000000     0.001705    -8.923605     0.320537     0.320542     0.355027
   235    -0.000000     0.006545     9.174959     0.320537     0.320542     0.355027
   236    -0.000000     0.006087    -2.316477     0.320537     0.320542     0.355027
   237    -0.000000     0.000322     0.975808     0.320537     0.320542     0.355027
   238    -0.000000     0.001392     1.266168     0.320537     0.320542     0.355027
   239     0.000000    -0.008345    -1.637389     0.320537     0.320542     0.355027
   240    -0.000000     0.006943    13.010561     0.320537     0.320542     0.355027
   241     0.000000    -0.005209   -12.339717     0.320537     0.320542     0.355027
   242     0.000000    -0.013349    -2.789999     0.320537     0.320542     0.355027
   243    -0.000000     0.005117     2.363513     0.320537     0.320542     0.355027
   244     0.000000    -0.004723   -36.795908     0.320537     0.320542     0.355027
   245     0.000000    -0.001011    -0.690376     0.320537     0.320542     0.355027
   246     0.000000    -0.004392     5.753531     0.320537     0.320542     0.355027
   247     0.000000    -0.003788    -2.583056     0.320537     0.320542     0.355027
   248    -0.000000     0.005332   250.723719     0.320537     0.320542     0.355027
   249     0.000000    -0.010146    11.904942     0.320537     0.320542     0.355027
   250     0.000000    -0.004611    -2.161630     0.320537     0.320542     0.355027
   251    -0.000000     0.000598     0.408642     0.320537     0.320542     0.355027
   252    -0.000000     0.001477     2.459651     0.320537     0.320542     0.355027
   253     0.000000    -0.002349   -26.486486     0.320537     0.320542     0.355027
   254    -0.000000     0.011948     9.287292     0.320537     0.320542     0.355027
   255    -0.000000     0.012835   -25.238150     0.320537     0.320542     0.355027
   256    -0.000000     0.004628     1.595708     0.320537     0.320542     0.355027
   257    -0.000000     0.003938     1.492131     0.320537     0.320542     0.355027
   258     0.000000    -0.008781    -9.270807     0.320537     0.320542     0.355027
   259     0.000000    -0.010237    -6.301766     0.320537     0.320542     0.355027
   260     0.000000    -0.000865    -1.095910     0.320537     0.320542     0.355027
   261     0.000000    -0.004967   -68.437683     0.320537     0.320542     0.355027
   262    -0.000000     0.002177    15.060162     0.320537     0.320542     0.355027
   263     0.000000    -0.000903    -0.432738     0.320537     0.320542     0.355027
   264     0.000000    -0.004367   -11.059933     0.320537     0.320542     0.355027
   265     0.000000    -0.010694   -94.109356     0.320537     0.320542     0.355027
   266     0.000000    -0.003602    -1.754601     0.320537     0.320542     0.355027
   267     0.000000    -0.001266    -0.395182     0.320537     0.320542     0.355027
   268    -0.000000     0.003305    -3.014259     0.320537     0.320542     0.355027
   269     0.000000    -0.001148    -0.311245     0.320537     0.320542     0.355027
   270    -0.000000     0.004406     2.341849     0.320537     0.320542     0.355027
   271     0.000000    -0.000930    -2.005515     0.320537     0.320542     0.355027
   272    -0.000000     0.000322    -0.828722     0.320537     0.320542     0.355027
   273     0.000000    -0.007776    17.190939     0.320537     0.320542     0.355027
   274    -0.000000     0.003167     6.942685     0.320537     0.320542     0.355027
   275    -0.000000     0.000308  -351.048707     0.320537     0.320542     0.355027
   276     0.000000    -0.001146    -0.962041     0.320537     0.320542     0.355027
   277     0.000000    -0.004749     5.092999     0.320537     0.320542     0.355027
   278     0.000000    -0.004741    -5.461239     0.320537     0.320542     0.355027
   279     0.000000    -0.006092    -2.098319     0.320537     0.320542     0.355027
   280     0.000000    -0.004818    -1.265495     0.320537     0.320542     0.355027
   281     0.000000    -0.003962    -7.852832     0.320537     0.320542     0.355027
   282     0.000000    -0.002002    -1.502916     0.320537     0.320542     0.355027
   283     0.000000    -0.001081    -0.152778     0.320537     0.320542     0.355027
   284     0.000000    -0.002017    -2.365143     0.320537     0.320542     0.355027
   285    -0.000000     0.010866    28.219759     0.320537     0.320542     0.355027
   286    -0.000000     0.013201    25.420725     0.320537     0.320542     0.355027
   287     0.000000    -0.003867    -1.150673     0.320537     0.320542     0.355027
   288     0.000000    -0.002871     3.752415     0.320537     0.320542     0.355027
   289     0.000000    -0.008383    -6.571735     0.320537     0.320542     0.355027
   290     0.000000    -0.015399    17.313933     0.320537     0.320542     0.355027
   291     0.000000    -0.002743    -1.356912     0.320537     0.320542     0.355027
   292     0.000000    -0.013053    -2.266955     0.320537     0.320542     0.355027
   293     0.000000    -0.010226     5.630149     0.320537     0.320542     0.355027
   294     0.000000    -0.011321   -15.516078     0.320537     0.320542     0.355027
   295     0.000000    -0.006249    26.813703     0.320537     0.320542     0.355027
   296     0.000000    -0.012126   -72.217750     0.320537     0.320542     0.355027
   297     0.000000    -0.004088     3.097057     0.320537     0.320542     0.355027
   298     0.000000    -0.000943    -1.258379     0.320537     0.320542     0.355027
   299     0.000000    -0.005596  -145.135223     0.320537     0.320542     0.355027
   300     0.000000    -0.003585    -4.467119     0.320537     0.320542     0.355027
   301    -0.000000     0.002399     0.927789     0.320537     0.320542     0.355027
   302     0.000000    -0.003933    -3.266018     0.320537     0.320542     0.355027
   303    -0.000000     0.003451     4.842818     0.320537     0.320542     0.355027
   304     0.000000    -0.005447    -7.820014     0.320537     0.320542     0.355027
   305     0.000000    -0.002221    -0.774647     0.320537     0.320542     0.355027
   306    -0.000000     0.003914    64.826345     0.320537     0.320542     0.355027
   307    -0.000000     0.002677  -263.565421     0.320537     0.320542     0.355027
   308     0.000000    -0.000159     3.670741     0.320537     0.320542     0.355027
   309    -0.000000     0.003769    21.331405     0.320537     0.320542     0.355027
   310    -0.000000     0.006935    -6.816794     0.320537     0.320542     0.355027
   311     0.000000    -0.016050    65.769970     0.320537     0.320542     0.355027
   312    -0.000000     0.002583     7.358280     0.320537     0.320542     0.355027
   313     0.000000    -0.003374    13.069993     0.320537     0.320542     0.355027
   314    -0.000000     0.003774     2.254448     0.320537     0.320542     0.355027
   315    -0.000000     0.003160     2.985373     0.320537     0.320542     0.355027
   316     0.000000    -0.004708    -0.936956     0.320537     0.320542     0.355027
   317     0.000000    -0.008440    -8.645250     0.320537     0.320542     0.355027
   318     0.000000    -0.005477    -1.739098     0.320537     0.320542     0.355027
   319    -0.000000     0.003271    -4.524468     0.320537     0.320542     0.355027
   320     0.000000    -0.004812    -4.466927     0.320537     0.320542     0.355027
   321     0.000000    -0.000914    -2.150807     0.320537     0.320542     0.355027
   322     0.000000    -0.005652   -19.899076     0.320537     0.320542     0.355027
   323     0.000000    -0.000025    -0.145271     0.320537     0.320542     0.355027
   324     0.000000    -0.005046   798.025369     0.320537     0.320542     0.355027
   325     0.000000    -0.005563   -14.498162     0.320537     0.320542     0.355027
   326     0.000000    -0.009158    24.841403     0.320537     0.320542     0.355027
   327     0.000000    -0.002326    12.935513     0.320537     0.320542     0.355027
   328     0.000000    -0.009589     8.008699     0.320537     0.320542     0.355027
   329    -0.000000     0.007178     7.600772     0.320537     0.320542     0.355027
   330     0.000000    -0.004365    -2.443404     0.320537     0.320542     0.355027
   331     0.000000    -0.006924    -5.198984     0.320537     0.320542     0.355027
   332     0.000000    -0.003265    -6.913024     0.320537     0.320542     0.355027
   333     0.000000    -0.001702    -2.042195     0.320537     0.320542     0.355027
   334    -0.000000     0.002780     1.852579     0.320537     0.320542     0.355027
   335     0.000000    -0.001053    -0.622094     0.320537     0.320542     0.355027
   336    -0.000000     0.001712     0.779867     0.320537     0.320542     0.355027
   337    -0.000000     0.003740     2.486431     0.320537     0.320542     0.355027
   338    -0.000000     0.000146    -0.711717     0.320537     0.320542     0.355027
   339     0.000000    -0.000706    -1.243993     0.320537     0.320542     0.355027
   340     0.000000    -0.020280     8.349472     0.320537     0.320542     0.355027
   341     0.000000    -0.002062     8.157593     0.320537     0.320542     0.355027
   342     0.000000    -0.008545    49.890643     0.320537     0.320542     0.355027
   343     0.000000    -0.003254    -5.022995     0.320537     0.320542     0.355027
   344    -0.000000     0.004022    57.281613     0.320537     0.320542     0.355027
   345     0.000000    -0.008950    41.677010     0.320537     0.320542     0.355027
   346     0.000000    -0.008304    14.743173     0.320537     0.320542     0.355027
   347     0.000000    -0.005738    -2.178276     0.320537     0.320542     0.355027
   348     0.000000    -0.007016    -5.659995     0.320537     0.320542     0.355027
   349     0.000000    -0.006570    15.329509     0.320537     0.320542     0.355027
   350    -0.000000     0.001959    18.837070     0.320537     0.320542     0.355027
   351     0.000000    -0.012397    17.646098     0.320537     0.320542     0.355027
   352    -0.000000     0.004808    -9.215176     0.320537     0.320542     0.355027
   353     0.000000    -0.004294    36.490672     0.320537     0.320542     0.355027
   354     0.000000    -0.010236    -3.092023     0.320537     0.320542     0.355027
   355     0.000000    -0.007184    42.232394     0.320537     0.320542     0.355027
   356    -0.000000     0.001500   -14.966446     0.320537     0.320542     0.355027
   357    -0.000000     0.004461     2.991653     0.320537     0.320542     0.355027
   358     0.000000    -0.001240    -0.549776     0.320537     0.320542     0.355027
   359     0.000000    -0.009078    54.208076     0.320537     0.320542     0.355027
   360    -0.000000     0.008576     2.464879     0.320537     0.320542     0.355027
   361     0.000000    -0.001763    -0.707582     0.320537     0.320542     0.355027
   362     0.000000    -0.005615     8.169987     0.320537     0.320542     0.355027
   363     0.000000    -0.012036    -3.703222     0.320537     0.320542     0.355027
   364     0.000000    -0.012802   -19.537800     0.320537     0.320542     0.355027
   365    -0.000000     0.002352     0.857881     0.320537     0.320542     0.355027
   366     0.000000    -0.003837    -1.662263     0.320537     0.320542     0.355027
   367    -0.000000     0.000084     0.042487     0.320537     0.320542     0.355027
   368    -0.000000     0.001719    19.004911     0.320537     0.320542     0.355027
   369     0.000000    -0.003097     7.013099     0.320537     0.320542     0.355027
   370     0.000000    -0.000971    -4.706507     0.320537     0.320542     0.355027
   0.320537     0.320542     0.355027
   367    -0.000000     0.000084     0.042487     0.320537     0.320542     0.355027
   368    -0.000000     0.001719    19.004911     0.320537     0.320542     0.355027
   369     0.000000    -0.003097     7.013099     0.320537     0.320542     0.355027
   370     0.000000    -0.0