
 TORUS: LARGE R=  2.00000,  SMALL R=  1.00000   
   314  0.23454   52
 TRANSLATION 
  0.00000  0.00000  0.00000
     1     0.298572     0.230862    -0.008699     0.434336     0.434281     0.529722
     2    -0.264858     1.628991    -0.006854     0.432444     0.431667     0.527792
     3    -0.023096    -0.044431    -0.006574     0.434335     0.433339     0.524902
     4    -0.008043    -0.004297    -0.005074     0.438275     0.437162     0.522243
     5     0.006523    -0.004912    -0.004770     0.440952     0.440362     0.520119
     6     0.001774     0.030206    -0.001770     0.441628     0.441713     0.518557
     7     0.004283     0.005511    -0.000742     0.441352     0.441814     0.517315
     8     0.019503    -0.010249    -0.000200     0.440742     0.441340     0.516084
     9    -0.006019     0.018984     0.000810     0.439820     0.440520     0.514758
    10    -0.003562    -0.018047     0.002537     0.438633     0.439480     0.513431
    11    -0.002552    -0.011794     0.002990     0.437629     0.438484     0.512205
    12    -0.002045    -0.010512     0.002421     0.437184     0.437815     0.511120
    13    -0.001805    -0.006757     0.002311     0.437256     0.437547     0.510198
    14    -0.001472    -0.003381     0.002586     0.437575     0.437557     0.509467
    15    -0.001112    -0.001756     0.002755     0.437930     0.437682     0.508944
    16    -0.000922    -0.001028     0.002226     0.438237     0.437838     0.508634
    17    -0.001030    -0.000789     0.001386     0.438460     0.437997     0.508530
    18    -0.001708    -0.000967     0.001079     0.438574     0.438140     0.508620
    19    -0.003478    -0.001622     0.001119     0.438578     0.438242     0.508889
    20    -0.007470    -0.002643     0.001199     0.438504     0.438298     0.509306
    21    -0.031734    -0.003662     0.001213     0.438400     0.438325     0.509833
    22     0.009494    -0.003990     0.001115     0.438306     0.438341     0.510430
    23     0.001510    -0.002486     0.000736     0.438242     0.438353     0.511062
    24    -0.000552     0.001939    -0.001341     0.438209     0.438358     0.511694
    25    -0.001220     0.003270     0.021294     0.438199     0.438352     0.512302
    26    -0.001393     0.001469    -0.005417     0.438197     0.438333     0.512867
    27    -0.001590     0.000490    -0.000637     0.438190     0.438300     0.513377
    28     0.072647     0.000139    -0.000132     0.438167     0.438254     0.513824
    29     0.000487     0.000057    -0.000049     0.438127     0.438197     0.514204
    30     0.000861     0.000095    -0.000084     0.438079     0.438138     0.514516
    31    -0.003644     0.000163    -0.000193     0.438036     0.438083     0.514760
    32    -0.000335     0.000142    -0.000523     0.438009     0.438042     0.514940
    33     0.000077    -0.000077    -0.000172     0.438005     0.438017     0.515059
    34     0.000258    -0.000363    -0.000425     0.438028     0.438012     0.515122
    35     0.000331    -0.000469    -0.000591     0.438072     0.438024     0.515135
    36     0.000332    -0.000407    -0.000730     0.438128     0.438050     0.515104
    37     0.000282    -0.000289    -0.000845     0.438185     0.438085     0.515037
    38     0.000202    -0.000179    -0.000952     0.438234     0.438123     0.514942
    39     0.000113    -0.000097    -0.001105     0.438266     0.438160     0.514827
    40     0.000037    -0.000041    -0.001651     0.438280     0.438192     0.514698
    41    -0.000010     0.000083    -0.001233     0.438276     0.438216     0.514563
    42    -0.000032    -0.000031    -0.024585     0.438258     0.438233     0.514427
    43    -0.000047    -0.000023    -0.006317     0.438232     0.438243     0.514295
    44    -0.000068    -0.000027    -0.001103     0.438205     0.438246     0.514169
    45    -0.000091    -0.000036    -0.000585     0.438182     0.438245     0.514053
    46    -0.000109    -0.000050    -0.000415     0.438166     0.438240     0.513949
    47    -0.000117    -0.000072    -0.000328     0.438158     0.438234     0.513856
    48    -0.000114    -0.000117    -0.000271     0.438159     0.438227     0.513776
    49    -0.000099    -0.000351    -0.000228     0.438165     0.438220     0.513708
    50    -0.000074     0.000247    -0.000186     0.438174     0.438212     0.513653
    51    -0.000044     0.000068    -0.000136     0.438184     0.438205     0.513609
    52    -0.000012     0.000019    -0.000052     0.438192     0.438199     0.513576
   0.438159     0.