
 TORUS: LARGE R=  1.00000,  SMALL R=  1.00000   
   180  0.30902
TRANSLATION 
  0.00000  0.00000  0.00000
     1    -0.006094     1.553952    -0.046014     0.333346     0.330637     0.383654
     2    -0.016255    -0.034586    -0.005117     0.327954     0.327660     0.365093
     3     0.000919    -0.000741     0.017345     0.323699     0.326092     0.351730
     4    -0.000655    -0.002975     0.005718     0.322637     0.324294     0.353869
     5     0.006781     0.036157    -0.002884     0.321969     0.322945     0.354595
     6    -0.000915     0.000582    -0.001449     0.321283     0.322121     0.354789
     7     0.001358    -0.000805     0.007426     0.321086     0.321615     0.355724
     8    -0.022308    -0.000766     0.010988     0.321260     0.321418     0.356563
     9    -0.000982    -0.002419     0.042608     0.321408     0.321296     0.356838
    10    -0.000884    -0.013887     0.047742     0.321446     0.321126     0.356553
    11    -0.000978     0.030379     0.025322     0.321431     0.320933     0.355909
    12    -0.001425     0.015482     0.015154     0.321398     0.320769     0.355187
    13    -0.007376     0.012950     0.009886     0.321364     0.320670     0.354624
    14     0.001483     0.006639     0.006575     0.321350     0.320658     0.354351
    15     0.000662     0.001785     0.004278     0.321365     0.320729     0.354381
    16     0.000587     0.000485     0.002837     0.321404     0.320863     0.354638
    17     0.000947     0.000189     0.002365     0.321455     0.321027     0.354992
    18     0.000296     0.000087     0.002562     0.321506     0.321192     0.355313
    19    -0.000048    -0.000055     0.017729     0.321552     0.321336     0.355513
    20    -0.000130    -0.000746     0.009841     0.321585     0.321446     0.355569
    21    -0.000169     0.001358     0.020972     0.321604     0.321515     0.355511
    22    -0.000211     0.000624    -0.057553     0.321612     0.321547     0.355400
    23    -0.000360     0.000481    -0.009245     0.321609     0.321549     0.355300
    24     0.000984     0.000470    -0.004076     0.321601     0.321532     0.355257
    25     0.000174     0.000661    -0.002508     0.321589     0.321505     0.355284
    26     0.000138     0.001621    -0.002140     0.321575     0.321476     0.355370
    27     0.000205     0.013445    -0.002176     0.321561     0.321449     0.355483
    28     0.000808    -0.004859    -0.002179     0.321548     0.321426     0.355589
    29    -0.000386    -0.001847    -0.001931     0.321534     0.321410     0.355662
    30    -0.000150    -0.000774    -0.001425     0.321519     0.321398     0.355692
    31    -0.000087    -0.000299    -0.000798     0.321505     0.321392     0.355682
    32    -0.000062    -0.000093    -0.000270     0.321489     0.321391     0.355650
    33     0.000147    -0.000063    -0.000107     0.321474     0.321396     0.355612
    34     0.002262    -0.002418    -0.000197     0.321459     0.321406     0.355583
    35    -0.000063     0.000553    -0.000144     0.321445     0.321421     0.355572
    36     0.000003     0.000386     0.000007     0.321433     0.321441     0.355578
    37     0.000100     0.000554     0.000142     0.321423     0.321466     0.355594
    38    -0.001425     0.000824     0.000228     0.321416     0.321494     0.355614
    39    -0.000166     0.002947     0.000268     0.321412     0.321524     0.355629
    40    -0.000100    -0.001162     0.000272     0.321411     0.321553     0.355635
    41    -0.000074    -0.000410     0.000247     0.321413     0.321582     0.355634
    42    -0.000058    -0.000224     0.000203     0.321418     0.321608     0.355627
    43    -0.000045    -0.000141     0.000145     0.321426     0.321630     0.355619
    44    -0.000033    -0.000095     0.000087     0.321436     0.321649     0.355615
    45    -0.000021    -0.000068     0.000042     0.321448     0.321662     0.355617
    46    -0.000014    -0.000065     0.000020     0.321463     0.321672     0.355626
    47    -0.000016    -0.000120     0.000017     0.321479     0.321677     0.355638
    48    -0.000025    -0.000231     0.000019     0.321496     0.321678     0.355653
    49    -0.000028     0.000715     0.000016     0.321515     0.321676     0.355668
    50    -0.000006     0.000005     0.000002     0.321535     0.321670     0.355681
    51    -0.000181    -0.000026    -0.000022     0.321555     0.321663     0.355690
    52    -0.000081    -0.000033    -0.000052     0.321575     0.321654     0.355698
    53    -0.000063    -0.000036    -0.000087     0.321595     0.321643     0.355704
    54    -0.000053    -0.000040    -0.000125     0.321615     0.321632     0.355709
    55    -0.000045    -0.000047    -0.000166     0.321634     0.321621     0.355715
    56    -0.000040    -0.000067    -0.000208     0.321653     0.321610     0.355720
    57    -0.000038    -0.000168    -0.000246     0.321669     0.321600     0.355726
    58    -0.000043     0.000288    -0.000261     0.321685     0.321591     0.355731
    59    -0.000060     0.000103    -0.000232     0.321699     0.321583     0.355735
    60    -0.000115     0.000095    -0.000175     0.321711     0.321576     0.355738
    61    -0.000994     0.000143    -0.000123     0.321721     0.321571     0.355738
    62     0.000164     0.000571    -0.000085     0.321730     0.321567     0.355738
    63     0.000075    -0.000311    -0.000060     0.321736     0.321565     0.355736
    64     0.000047    -0.000148    -0.000045     0.321741     0.321564     0.355733
    65     0.000034    -0.000112    -0.000035     0.321744     0.321565     0.355731
    66     0.000028    -0.000093    -0.000028     0.321745     0.321566     0.355728
    67     0.000024    -0.000076    -0.000022     0.321744     0.321569     0.355726
    68     0.000022    -0.000059    -0.000016     0.321742     0.321573     0.355723
    69     0.000020    -0.000045    -0.000012     0.321738     0.321577     0.355721
    70     0.000021    -0.000037    -0.000008     0.321734     0.321582     0.355719
    71     0.000024    -0.000040    -0.000006     0.321728     0.321588     0.355717
    72     0.000033    -0.000093    -0.000005     0.321721     0.321594     0.355715
    73     0.000045     0.000123    -0.000006     0.321713     0.321601     0.355714
    74     0.000049     0.000049    -0.000007     0.321705     0.321608     0.355713
    75     0.000047     0.000038    -0.000009     0.321697     0.321614     0.355712
    76     0.000044     0.000035    -0.000010     0.321688     0.321622     0.355712
    77     0.000042     0.000034    -0.000011     0.321679     0.321629     0.355712
    78     0.000043     0.000034    -0.000012     0.321670     0.321636     0.355713
    79     0.000045     0.000034    -0.000014     0.321661     0.321642     0.355714
    80     0.000049     0.000035    -0.000015     0.321653     0.321649     0.355715
    81     0.000059     0.000037    -0.000016     0.321644     0.321655     0.355717
    82     0.000078     0.000040    -0.000018     0.321636     0.321661     0.355718
    83     0.000130     0.000045    -0.000020     0.321629     0.321666     0.355719
    84     0.000622     0.000051    -0.000022     0.321623     0.321671     0.355721
    85    -0.000189     0.000059    -0.000024     0.321617     0.321675     0.355722
    86    -0.000078     0.000071    -0.000026     0.321611     0.321679     0.355723
    87    -0.000048     0.000085    -0.000027     0.321606     0.321682     0.355724
    88    -0.000034     0.000103    -0.000028     0.321603     0.321684     0.355725
    89    -0.000027     0.000127    -0.000028     0.321600     0.321686     0.355725
    90    -0.000022     0.000155    -0.000027     0.321597     0.321687     0.355725
    91    -0.000018     0.000190    -0.000026     0.321596     0.321687     0.355725
    92    -0.000016     0.000237    -0.000025     0.321595     0.321686     0.355725
    93    -0.000014     0.000303    -0.000024     0.321594     0.321685     0.355724
    94    -0.000013     0.000399    -0.000022     0.321595     0.321683     0.355723
    95    -0.000012     0.000550    -0.000020     0.321596     0.321681     0.355722
    96    -0.000012     0.000809    -0.000018     0.321598     0.321678     0.355721
    97    -0.000011     0.001321    -0.000016     0.321600     0.321675     0.355720
    98    -0.000011     0.002334    -0.000014     0.321603     0.321671     0.355718
    99    -0.000011     0.006988    -0.000012     0.321606     0.321667     0.355717
   100    -0.000012    -0.003069    -0.000010     0.321609     0.321662     0.355715
   101    -0.000012    -0.000972    -0.000008     0.321613     0.321658     0.355714
   102    -0.000013    -0.000446    -0.000006     0.321617     0.321654     0.355712
   103    -0.000015    -0.000203    -0.000004     0.321621     0.321649     0.355711
   104    -0.000017    -0.000089    -0.000003     0.321625     0.321645     0.355709
   105    -0.000023    -0.000030    -0.000001     0.321629     0.321640     0.355708
   106    -0.000009     0.000004     0.000000     0.321633     0.321636     0.355707
   107    -0.000025     0.000024     0.000001     0.321637     0.321632     0.355706
   108    -0.000040     0.000036     0.000002     0.321641     0.321629     0.355705
   109    -0.000084     0.000044     0.000003     0.321644     0.321626     0.355704
   110     0.000688     0.000047     0.000004     0.321648     0.321623     0.355703
   111     0.000065     0.000049     0.000005     0.321651     0.321620     0.355703
   112     0.000033     0.000050     0.000005     0.321653     0.321619     0.355702
   113     0.000022     0.000050     0.000005     0.321655     0.321617     0.355702
   114     0.000016     0.000050     0.000005     0.321657     0.321616     0.355702
   115     0.000013     0.000051     0.000005     0.321659     0.321615     0.355702
   116     0.000010     0.000053     0.000005     0.321660     0.321615     0.355702
   117     0.000008     0.000057     0.000004     0.321660     0.321615     0.355702
   118     0.000007     0.000066     0.000004     0.321660     0.321616     0.355702
   119     0.000006     0.000088     0.000004     0.321660     0.321617     0.355702
   120     0.000005     0.000179     0.000003     0.321659     0.321618     0.355703
   121     0.000005    -0.000350     0.000003     0.321658     0.321619     0.355703
   122     0.000004    -0.000066     0.000003     0.321657     0.321621     0.355703
   123     0.000004    -0.000031     0.000002     0.321655     0.321623     0.355703
   124     0.000004    -0.000017     0.000002     0.321653     0.321625     0.355704
   125     0.000003    -0.000011     0.000002     0.321651     0.321627     0.355704
   126     0.000003    -0.000008     0.000002     0.321649     0.321629     0.355704
   127     0.000003    -0.000006     0.000001     0.321646     0.321631     0.355704
   128     0.000003    -0.000004     0.000001     0.321644     0.321633     0.355705
   129     0.000004    -0.000004     0.000001     0.321641     0.321635     0.355705
   130     0.000004    -0.000003     0.000001     0.321638     0.321637     0.355705
   131     0.000005    -0.000003     0.000001     0.321636     0.321639     0.355705
   132     0.000008    -0.000003     0.000001     0.321633     0.321641     0.355705
   133     0.000013    -0.000003     0.000001     0.321631     0.321642     0.355705
   134     0.000039    -0.000004     0.000001     0.321629     0.321644     0.355705
   135    -0.000051    -0.000004     0.000001     0.321627     0.321645     0.355705
   136    -0.000016    -0.000004     0.000002     0.321625     0.321646     0.355705
   137    -0.000010    -0.000005     0.000002     0.321623     0.321647     0.355705
   138    -0.000007    -0.000006     0.000002     0.321622     0.321647     0.355705
   139    -0.000006    -0.000007     0.000002     0.321621     0.321647     0.355705
   140    -0.000005    -0.000010     0.000002     0.321620     0.321648     0.355705
   141    -0.000004    -0.000014     0.000001     0.321620     0.321647     0.355705
   142    -0.000003    -0.000029     0.000001     0.321619     0.321647     0.355705
   143    -0.000003     0.000169     0.000001     0.321619     0.321646     0.355705
   144    -0.000002     0.000019     0.000001     0.321619     0.321646     0.355705
   145    -0.000002     0.000009     0.000001     0.321620     0.321645     0.355705
   146    -0.000002     0.000006     0.000001     0.321621     0.321644     0.355705
   147    -0.000002     0.000004     0.000001     0.321621     0.321642     0.355705
   148    -0.000002     0.000003     0.000001     0.321622     0.321641     0.355705
   149    -0.000001     0.000002     0.000001     0.321624     0.321640     0.355705
   150    -0.000001     0.000002     0.000001     0.321625     0.321639     0.355705
   151    -0.000001     0.000002     0.000001     0.321626     0.321637     0.355705
   152    -0.000002     0.000001     0.000001     0.321628     0.321636     0.355705
   153    -0.000002     0.000001     0.000001     0.321629     0.321635     0.355705
   154    -0.000002     0.000001     0.000001     0.321631     0.321633     0.355705
   155    -0.000003     0.000001     0.000001     0.321632     0.321632     0.355705
   156    -0.000004     0.000001     0.000001     0.321634     0.321631     0.355705
   157    -0.000006     0.000001     0.000001     0.321635     0.321630     0.355705
   158    -0.000014     0.000001     0.000001     0.321637     0.321629     0.355705
   159     0.000073     0.000001     0.000001     0.321638     0.321628     0.355705
   160     0.000012     0.000002     0.000001     0.321639     0.321628     0.355705
   161     0.000007     0.000002     0.000001     0.321640     0.321627     0.355705
   162     0.000005     0.000002     0.000001     0.321641     0.321627     0.355705
   163     0.000004     0.000002     0.000001     0.321642     0.321627     0.355705
   164     0.000004     0.000002     0.000001     0.321643     0.321627     0.355705
   165     0.000003     0.000002     0.000001     0.321643     0.321627     0.355705
   166     0.000003     0.000003     0.000001     0.321644     0.321627     0.355705
   167     0.000003     0.000003     0.000001     0.321644     0.321627     0.355706
   168     0.000003     0.000003     0.000001     0.321644     0.321628     0.355706
   169     0.000003     0.000004     0.000001     0.321644     0.321628     0.355706
   170     0.000003     0.000007     0.000001     0.321644     0.321629     0.355706
   171     0.000003     0.000033     0.000001     0.321644     0.321629     0.355706
   172     0.000002    -0.000007     0.000001     0.321643     0.321630     0.355706
   173     0.000002    -0.000002     0.000000     0.321643     0.321631     0.355706
   174     0.000001    -0.000001     0.000000     0.321642     0.321632     0.355706
   175     0.000000     0.000000     0.000000     0.321641     0.321633     0.355706
   176    -0.000003     0.000000     0.000000     0.321641     0.321634     0.355706
   177    -0.000016     0.000001     0.000000     0.321640     0.321634     0.355706
   178     0.000038     0.000001    -0.000001     0.321639     0.321635     0.355706
   179     0.000018     0.000001    -0.000001     0.321638     0.321636     0.355706
   180     0.000017     0.000001    -0.000001     0.321637     0.321637     0.355707
   181     0.000016     0.000001    -0.000001     0.321636     0.321638     0.355707
   182     0.000020     0.000001    -0.000001     0.321636     0.321638     0.355707
   183     0.000029     0.000001    -0.000002     0.321635     0.321639     0.355707
   184     0.000068     0.000001    -0.000002     0.321634     0.321639     0.355707
   185    -0.000118     0.000001    -0.000002     0.321633     0.321640     0.355707
   186    -0.000029     0.000002    -0.000002     0.321633     0.321640     0.355707
   187    -0.000016     0.000002    -0.000002     0.321632     0.321640     0.355707
   188    -0.000011     0.000002    -0.000002     0.321632     0.321641     0.355707
   189    -0.000008     0.000002    -0.000002     0.321631     0.321641     0.355707
   190    -0.000007     0.000003    -0.000002     0.321631     0.321641     0.355707
   191    -0.000006     0.000004    -0.000002     0.321631     0.321640     0.355707
   192    -0.000005     0.000008    -0.000001     0.321631     0.321640     0.355707
   193    -0.000005    -0.000024    -0.000001     0.321631     0.321640     0.355707
   194    -0.000005    -0.000004    -0.000001     0.321631     0.321640     0.355707
   195    -0.000006    -0.000002    -0.000001     0.321631     0.321639     0.355707
   196    -0.000009    -0.000001    -0.000001     0.321631     0.321639     0.355707
   197    -0.000012    -0.000001    -0.000001     0.321631     0.321639     0.355707
   198    -0.000028    -0.000001    -0.000001     0.321631     0.321638     0.355707
   199     0.000057    -0.000001    -0.000001     0.321632     0.321637     0.355707
   200     0.000010    -0.000001    -0.000001     0.321632     0.321637     0.355707
   201     0.000009    -0.000001    -0.000001     0.321633     0.321636     0.355707
   202     0.000007    -0.000001    -0.000001     0.321633     0.321636     0.355707
   203     0.000006    -0.000001    -0.000001     0.321633     0.321635     0.355706
   204     0.000005    -0.000001    -0.000001     0.321634     0.321635     0.355706
   205     0.000006    -0.000001    -0.000001     0.321634     0.321634     0.355706
   206     0.000007     0.000000    -0.000001     0.321635     0.321634     0.355706
   207     0.000007     0.000000    -0.000001     0.321635     0.321634     0.355706
   208     0.000013     0.000000    -0.000001     0.321636     0.321633     0.355706
   209     0.000222     0.000000    -0.000001     0.321636     0.321633     0.355706
   210    -0.000009     0.000000    -0.000001     0.321636     0.321633     0.355706
   211    -0.000004     0.000000    -0.000001     0.321637     0.321632     0.355706
   212    -0.000002     0.000000     0.000000     0.321637     0.321632     0.355706
   213    -0.000001     0.000000     0.000000     0.321637     0.321632     0.355706
   214     0.000000     0.000000     0.000000     0.321637     0.321632     0.355706
   215     0.000000     0.000000     0.000000     0.321638     0.321632     0.355706
   216     0.000000     0.000000     0.000000     0.321638     0.321632     0.355706
   217     0.000001     0.000000     0.000001     0.321638     0.321632     0.355706
   218     0.000001     0.000000     0.000001     0.321638     0.321632     0.355706
   219     0.000001     0.000001     0.000001     0.321638     0.321632     0.355706
   220     0.000001     0.000001     0.000001     0.321638     0.321633     0.355706
   221     0.000001     0.000001     0.000001     0.321638     0.321633     0.355706
   222     0.000001     0.000002     0.000001     0.321638     0.321633     0.355706
   223     0.000001     0.000003     0.000002     0.321637     0.321633     0.355706
   224     0.000001     0.000007     0.000002     0.321637     0.321634     0.355706
   225     0.000001    -0.000077     0.000002     0.321637     0.321634     0.355706
   226     0.000001    -0.000006     0.000002     0.321637     0.321634     0.355706
   227     0.000001    -0.000003     0.000002     0.321637     0.321635     0.355706
   228     0.000001    -0.000002     0.000002     0.321636     0.321635     0.355706
   229     0.000001    -0.000002     0.000001     0.321636     0.321635     0.355706
   230     0.000001    -0.000001     0.000001     0.321636     0.321636     0.355706
   231     0.000001    -0.000001     0.000001     0.321636     0.321636     0.355706
   232     0.000001    -0.000001     0.000001     0.321635     0.321636     0.355706
   233     0.000001    -0.000000     0.000000     0.321635     0.321636     0.355706
   234     0.000001    -0.000000     0.000000     0.321635     0.321637     0.355706
   235     0.000002     0.000000    -0.000000     0.321635     0.321637     0.355706
   236     0.000001     0.000002    -0.000001     0.321635     0.321637     0.355706
   237     0.000001    -0.000010    -0.000001     0.321634     0.321637     0.355706
   238     0.000001    -0.000002    -0.000001     0.321634     0.321637     0.355706
   239     0.000001    -0.000001    -0.000002     0.321634     0.321637     0.355706
   240     0.000001    -0.000001    -0.000002     0.321634     0.321637     0.355706
   241     0.000001    -0.000001    -0.000002     0.321634     0.321637     0.355706
   242     0.000001    -0.000001    -0.000003     0.321634     0.321637     0.355706
   243     0.000001    -0.000001    -0.000003     0.321634     0.321637     0.355706
   0.321634     0.321637     0.355706
   240     0.000001    -0.000001    -0.000002     0.321634     0.321637