
 RIBOSOME MODEL - YELLOW,SHORT DIS DEL, ADDED PT
   168  0.25000
 TRANSLATION 
200.67507 93.62068 42.16662
     1     0.681974    -0.944249    -0.033925     0.706263     0.615037     0.650754
     2     0.012398     0.028756    -0.004132     0.680978     0.600965     0.652838
     3    -0.008171    -0.025120     0.073265     0.680534     0.600860     0.654142
     4    -0.022543    -0.091791    -0.028305     0.685523     0.603920     0.653462
     5    -0.025386    -0.158458    -0.027532     0.688248     0.605299     0.652112
     6    -0.018966    -0.166457    -0.031147     0.688365     0.605203     0.650735
     7    -0.011904    -0.110775    -0.051245     0.687441     0.604673     0.649653
     8    -0.010207    -0.081237    -0.103604     0.686642     0.604289     0.648988
     9    -0.011783    -0.076820    -0.083785     0.686334     0.604160     0.648726
    10    -0.013768    -0.078396    -0.061274     0.686394     0.604193     0.648782
    11    -0.014861    -0.080593    -0.053115     0.686582     0.604274     0.649049
    12    -0.014953    -0.081719    -0.050992     0.686730     0.604335     0.649417
    13    -0.014480    -0.080788    -0.051585     0.686786     0.604362     0.649796
    14    -0.013931    -0.078308    -0.053094     0.686772     0.604363     0.650118
    15    -0.013591    -0.075856    -0.054152     0.686733     0.604352     0.650345
    16    -0.013509    -0.074640    -0.054121     0.686702     0.604341     0.650468
    17    -0.013599    -0.074898    -0.053268     0.686690     0.604335     0.650496
    18    -0.013744    -0.076179    -0.052224     0.686696     0.604335     0.650452
    19    -0.013861    -0.077797    -0.051446     0.686707     0.604337     0.650364
    20    -0.013921    -0.079171    -0.051094     0.686718     0.604339     0.650260
    21    -0.013932    -0.080004    -0.051122     0.686722     0.604340     0.650159
    22    -0.013919    -0.080299    -0.051388     0.686721     0.604340     0.650077
    23    -0.013902    -0.080227    -0.051737     0.686718     0.604339     0.650021
    24    -0.013892    -0.079984    -0.052053     0.686714     0.604338     0.649992
    25    -0.013890    -0.079703    -0.052278     0.686711     0.604338     0.649988
    26    -0.013890    -0.079443    -0.052406     0.686710     0.604338     0.650001
    27    -0.013891    -0.079216    -0.052458     0.686710     0.604338     0.650026
    28    -0.013888    -0.079021    -0.052459     0.686711     0.604339     0.650056
    29    -0.013883    -0.078862    -0.052430     0.686712     0.604339     0.650084
    30    -0.013878    -0.078748    -0.052384     0.686712     0.604339     0.650107
    31    -0.013873    -0.078687    -0.052328     0.686712     0.604339     0.650123
    32    -0.013871    -0.078682    -0.052268     0.686712     0.604338     0.650131
    33    -0.013871    -0.078725    -0.052213     0.686712     0.604338     0.650132
    34    -0.013873    -0.078801    -0.052169     0.686712     0.604339     0.650128
    35    -0.013875    -0.078888    -0.052140     0.686712     0.604339     0.650120
    36    -0.013877    -0.078970    -0.052128     0.686713     0.604339     0.650112
    37    -0.013879    -0.079034    -0.052132     0.686713     0.604339     0.650103
    38    -0.013880    -0.079074    -0.052147     0.686713     0.604339     0.650096
    39    -0.013881    -0.079090    -0.052169     0.686713     0.604339     0.650092
    40    -0.013881    -0.079085    -0.052191     0.686713     0.604339     0.650089
    41    -0.013881    -0.079067    -0.052210     0.686712     0.604339     0.650089
    42    -0.013881    -0.079041    -0.052224     0.686712     0.604339     0.650090
    43    -0.013880    -0.079013    -0.052232     0.686712     0.604339     0.650093
    44    -0.013880    -0.078988    -0.052234     0.686712     0.604339     0.650095
    45    -0.013879    -0.078969    -0.052231     0.686712     0.604339     0.650098
    46    -0.013879    -0.078958    -0.052225     0.686712     0.604339     0.650100
    47    -0.013878    -0.078954    -0.052218     0.686712     0.604339     0.650102
    48    -0.013878    -0.078955    -0.052212     0.686712     0.604339     0.650102
    49    -0.013878    -0.078961    -0.052206     0.686712     0.604339     0.650102
    50    -0.013878    -0.078969    -0.052203     0.686712     0.604339     0.650102
    51    -0.013879    -0.078978    -0.052200     0.686712     0.604339     0.650101
    52    -0.013879    -0.078986    -0.052200     0.686712     0.604339     0.650100
    53    -0.013879    -0.078992    -0.052201     0.686712     0.604339     0.650099
    54    -0.013879    -0.078996    -0.052203     0.686712     0.604339     0.650099
    55    -0.013879    -0.078997    -0.052205     0.686712     0.604339     0.650098
    56    -0.013879    -0.078996    -0.052207     0.686712     0.604339     0.650098
    57    -0.013879    -0.078994    -0.052209     0.686712     0.604339     0.650098
    58    -0.013879    -0.078991    -0.052210     0.686712     0.604339     0.650098
    59    -0.013879    -0.078988    -0.052210     0.686712     0.604339     0.650098
    60    -0.013879    -0.078986    -0.052210     0.686712     0.604339     0.650099
    61    -0.013879    -0.078984    -0.052210     0.686712     0.604339     0.650099
    62    -0.013879    -0.078983    -0.052209     0.686712     0.604339     0.650099
    63    -0.013879    -0.078983    -0.052209     0.686712     0.604339     0.650099
    64    -0.013879    -0.078983    -0.052208     0.686712     0.604339     0.650099
    65    -0.013879    -0.078984    -0.052208     0.686712     0.604339     0.650099
    66    -0.013879    -0.078985    -0.052207     0.686712     0.604339     0.650099
    67    -0.013879    -0.078986    -0.052207     0.686712     0.604339     0.650099
    68    -0.013879    -0.078986    -0.052207     0.686712     0.604339     0.650099
    69    -0.013879    -0.078987    -0.052207     0.686712     0.604339     0.650099
    70    -0.013879    -0.078987    -0.052207     0.686712     0.604339     0.650099
    71    -0.013879    -0.078987    -0.052208     0.686712     0.604339     0.650099
    72    -0.013879    -0.078987    -0.052208     0.686712     0.604339     0.650099
    73    -0.013879    -0.078987    -0.052208     0.686712     0.604339     0.650099
    74    -0.013879    -0.078986    -0.052208     0.686712     0.604339     0.650099
    75    -0.013879    -0.078986    -0.052208     0.686712     0.604339     0.650099
    76    -0.013879    -0.078986    -0.052208     0.686712     0.604339     0.650099
    77    -0.013879    -0.078986    -0.052208     0.686712     0.604339     0.650099
    78    -0.013879    -0.078986    -0.052208     0.686712     0.604339     0.650099
    79    -0.013879    -0.078986    -0.052208     0.686712     0.604339     0.650099
    80    -0.013879    -0.078986    -0.052208     0.686712     0.604339     0.650099
