
 TORUS: LARGE R=  2.00000,  SMALL R=  1.00000   
   267  0.25320  158
 TRANSLATION 
  0.00000  0.00000  0.00000
     1     0.188398     0.151654    -0.009807     0.434937     0.434634     0.530874
     2    -0.238411     0.693974    -0.006288     0.432808     0.432111     0.528735
     3    -0.022074    -0.037290    -0.007221     0.434254     0.433200     0.525467
     4    -0.006046    -0.004031    -0.005289     0.437630     0.436527     0.522587
     5     0.008479    -0.005844    -0.003938     0.440193     0.439597     0.520353
     6     0.001421     0.011459    -0.001178     0.441243     0.441201     0.518685
     7     0.002954    -0.003444     0.000214     0.441198     0.441644     0.517351
     8     0.002998     0.005271     0.000831     0.440726     0.441414     0.516057
     9     0.018188     0.012795     0.001517     0.440042     0.440802     0.514685
    10    -0.006583    -0.035165     0.002729     0.439163     0.439958     0.513339
    11    -0.003267    -0.017180     0.003035     0.438336     0.439077     0.512144
    12    -0.001963    -0.021399     0.002344     0.437865     0.438392     0.511143
    13    -0.001497    -0.015640     0.001986     0.437822     0.438031     0.510332
    14    -0.001282    -0.004910     0.002157     0.438052     0.437961     0.509712
    15    -0.000988    -0.002045     0.002393     0.438352     0.438055     0.509295
    16    -0.000713    -0.000997     0.002248     0.438606     0.438207     0.509089
    17    -0.000674    -0.000677     0.001696     0.438774     0.438364     0.509089
    18    -0.001172    -0.000876     0.001518     0.438845     0.438502     0.509279
    19    -0.002572    -0.001518     0.001627     0.438825     0.438602     0.509636
    20    -0.005193    -0.002463     0.001700     0.438739     0.438655     0.510126
    21    -0.009644    -0.003425     0.001648     0.438625     0.438668     0.510712
    22    -0.017620    -0.003855     0.001466     0.438523     0.438657     0.511352
    23    -0.035357    -0.002898     0.001104     0.438457     0.438638     0.512009
    24    -0.044027    -0.000401     0.000262     0.438430     0.438618     0.512648
    25     0.015742     0.001242    -0.005219     0.438435     0.438597     0.513245
    26     0.005694     0.001133     0.011502     0.438457     0.438574     0.513779
    27     0.002500     0.000685    -0.009347     0.438482     0.438549     0.514239
    28     0.001428     0.000425    -0.001343     0.438496     0.438519     0.514620
    29     0.001181     0.000327    -0.000650     0.438492     0.438482     0.514922
    30     0.001411     0.000303    -0.000508     0.438469     0.438441     0.515146
    31     0.002678     0.000281    -0.000497     0.438434     0.438399     0.515300
    32    -0.003972     0.000213    -0.000527     0.438397     0.438361     0.515390
    33    -0.000337     0.000083    -0.000539     0.438368     0.438331     0.515424
    34     0.000169    -0.000074    -0.000819     0.438353     0.438313     0.515411
    35     0.000334    -0.000197    -0.000795     0.438356     0.438310     0.515359
    36     0.000360    -0.000253    -0.000833     0.438374     0.438319     0.515276
    37     0.000308    -0.000245    -0.000858     0.438404     0.438341     0.515169
    38     0.000217    -0.000196    -0.000854     0.438438     0.438370     0.515048
    39     0.000116    -0.000127    -0.000793     0.438471     0.438403     0.514917
    40     0.000030    -0.000046    -0.000526     0.438496     0.438437     0.514783
    41    -0.000026     0.000086     0.043860     0.438512     0.438468     0.514652
    42    -0.000053    -0.000984    -0.002318     0.438518     0.438493     0.514527
    43    -0.000062    -0.000176    -0.002142     0.438515     0.438512     0.514412
    44    -0.000066    -0.000127    -0.001704     0.438507     0.438525     0.514308
    45    -0.000072    -0.000135    -0.001052     0.438497     0.438531     0.514217
    46    -0.000078    -0.000213    -0.000635     0.438486     0.438533     0.514139
    47    -0.000084    -0.003406    -0.000411     0.438479     0.438530     0.514075
    48    -0.000086     0.000164    -0.000278     0.438474     0.438525     0.514023
    49    -0.000083     0.000062    -0.000190     0.438473     0.438518     0.513984
    50    -0.000075     0.000028    -0.000121     0.438474     0.438511     0.513955
    51    -0.000053     0.000010    -0.000056     0.438476     0.438503     0.513936
    52     0.000051    -0.000003     0.000020     0.438479     0.438495     0.513927
    53    -0.000186    -0.000018     0.000118     0.438481     0.438487     0.513925
    54    -0.000106    -0.000046     0.000218     0.438483     0.438481     0.513929
    55    -0.000075    -0.000248     0.000254     0.438483     0.438475     0.513939
    56    -0.000051     0.000094     0.000205     0.438482     0.438469     0.513954
    57    -0.000029     0.000033     0.000124     0.438480     0.438465     0.513972
    58    -0.000011     0.000011     0.000047     0.438478     0.438461     0.513993
    59     0.000004    -0.000004    -0.000017     0.438475     0.438459     0.514015
    60     0.000014    -0.000019    -0.000070     0.438473     0.438457     0.514039
    61     0.000021    -0.000034    -0.000114     0.438471     0.438456     0.514062
    62     0.000025    -0.000053    -0.000150     0.438469     0.438456     0.514085
    63     0.000026    -0.000077    -0.000179     0.438467     0.438457     0.514107
    64     0.000026    -0.000113    -0.000199     0.438467     0.438459     0.514127
    65     0.000025    -0.000185    -0.000209     0.438466     0.438461     0.514146
    66     0.000023    -0.000500    -0.000205     0.438466     0.438463     0.514162
    67     0.000022     0.000475    -0.000181     0.438466     0.438465     0.514176
    68     0.000028     0.000121    -0.000134     0.438467     0.438468     0.514188
    69    -0.000018     0.000057    -0.000075     0.438468     0.438470     0.514197
    70    -0.000003     0.000127    -0.000050     0.438469     0.438472     0.514205
    71    -0.000003    -0.000069    -0.000100     0.438470     0.438474     0.514209
    72    -0.000005    -0.000062    -0.000203     0.438471     0.438475     0.514212
    73    -0.000007    -0.000068    -0.000323     0.438473     0.438477     0.514213
    74    -0.000008    -0.000077    -0.000444     0.438474     0.438478     0.514212
    75    -0.000009    -0.000087    -0.000566     0.438475     0.438478     0.514210
    76    -0.000010    -0.000099    -0.000685     0.438475     0.438478     0.514206
    77    -0.000011    -0.000114    -0.000786     0.438475     0.438478     0.514202
    78    -0.000011    -0.000133    -0.000848     0.438476     0.438478     0.514197
    79    -0.000011    -0.000158    -0.000851     0.438476     0.438477     0.514191
    80    -0.000010    -0.000192    -0.000796     0.438475     0.438476     0.514186
    81    -0.000010    -0.000242    -0.000703     0.438475     0.438475     0.514180
    82    -0.000008    -0.000316    -0.000592     0.438475     0.438475     0.514175
    83    -0.000007    -0.000436    -0.000476     0.438475     0.438474     0.514169
    84    -0.000005    -0.000645    -0.000360     0.438474     0.438473     0.514165
    85    -0.000004    -0.001003    -0.000246     0.438474     0.438472     0.514160
    86    -0.000002    -0.000993    -0.000130     0.438474     0.438472     0.514157
    87    -0.000000    -0.000035    -0.000007     0.438473     0.438471     0.514154
    88     0.000001     0.000287     0.000127     0.438473     0.438471     0.514152
    89     0.000003     0.000317     0.000275     0.438473     0.438471     0.514150
    90     0.000004     0.000301     0.000435     0.438473     0.438470     0.514148
    91     0.000004     0.000282     0.000603     0.438473     0.438470     0.514148
    92     0.000005     0.000269     0.000776     0.438473     0.438471     0.514147
    93     0.000005     0.000263     0.000953     0.438472     0.438471     0.514148
    94     0.000004     0.000264     0.001131     0.438472     0.438471     0.514148
    95     0.000004     0.000272     0.001320     0.438472     0.438471     0.514149
    96     0.000003     0.000288     0.001563     0.438472     0.438471     0.514150
    97     0.000003     0.000314     0.001885     0.438472     0.438472     0.514151
    98     0.000002     0.000352     0.002406     0.438472     0.438472     0.514152
    99     0.000002     0.000400     0.003341     0.438473     0.438472     0.514154
   100     0.000001     0.000450     0.005468     0.438473     0.438473     0.514155
   101     0.000000     0.000431     0.008592     0.438473     0.438473     0.514156
   102    -0.000000    -0.000297    -0.001090     0.438473     0.438473     0.514158
   103    -0.000001    -0.036892    -0.002230     0.438473     0.438473     0.514159
   104    -0.000001    -0.016867    -0.001791     0.438473     0.438473     0.514160
   105    -0.000001    -0.004518    -0.001407     0.438473     0.438473     0.514160
   106    -0.000001    -0.002565    -0.001138     0.438473     0.438473     0.514161
   107    -0.000001    -0.001869    -0.000933     0.438473     0.438473     0.514162
   108    -0.000001    -0.001545    -0.000779     0.438473     0.438473     0.514162
   109    -0.000001    -0.001374    -0.000650     0.438473     0.438473     0.514162
   110    -0.000001    -0.001297    -0.000544     0.438473     0.438473     0.514163
   111    -0.000001    -0.001261    -0.000449     0.438473     0.438473     0.514163
   112    -0.000001    -0.001271    -0.000362     0.438473     0.438473     0.514163
   113    -0.000001    -0.001321    -0.000283     0.438473     0.438473     0.514163
   114    -0.000001    -0.001396    -0.000208     0.438473     0.438473     0.514162
   115    -0.000000    -0.001518    -0.000138     0.438473     0.438472     0.514162
   116    -0.000000    -0.001691    -0.000073     0.438473     0.438472     0.514162
   117    -0.000000    -0.001614    -0.000013     0.438473     0.438472     0.514162
   118     0.000000    -0.002562     0.000044     0.438473     0.438472     0.514161
   119     0.000000    -0.003014     0.000094     0.438473     0.438472     0.514161
   120     0.000000    -0.003932     0.000137     0.438473     0.438472     0.514161
   121     0.000000    -0.005568     0.000174     0.438473     0.438472     0.514160
   122     0.000000    -0.009190     0.000201     0.438473     0.438472     0.514160
   123     0.000000    -0.021568     0.000220     0.438473     0.438472     0.514160
   124     0.000000     0.061663     0.000227     0.438473     0.438472     0.514160
   125     0.000000     0.015320     0.000226     0.438473     0.438472     0.514160
   126     0.000000     0.009056     0.000212     0.438473     0.438472     0.514160
   127     0.000000     0.007032     0.000191     0.438473     0.438472     0.514159
   128     0.000000     0.005704     0.000162     0.438473     0.438472     0.514159
   129     0.000000     0.005109     0.000126     0.438473     0.438472     0.514159
   130     0.000000     0.004634     0.000090     0.438473     0.438472     0.514159
   131     0.000000     0.004118     0.000052     0.438473     0.438472     0.514159
   132     0.000000     0.003187     0.000018     0.438473     0.438472     0.514159
   133    -0.000000     0.106611    -0.000013     0.438473     0.438472     0.514159
   134    -0.000000     0.007905    -0.000036     0.438473     0.438473     0.514159
   135    -0.000000     0.007551    -0.000055     0.438473     0.438473     0.514159
   136    -0.000000     0.008010    -0.000065     0.438473     0.438473     0.514159
   137    -0.000000     0.008848    -0.000073     0.438473     0.438473     0.514160
   138    -0.000000     0.010282    -0.000075     0.438473     0.438473     0.514160
   139    -0.000000     0.012180    -0.000075     0.438473     0.438473     0.514160
   140    -0.000000     0.015049    -0.000069     0.438473     0.438473     0.514160
   141    -0.000000     0.019772    -0.000063     0.438473     0.438473     0.514160
   142    -0.000000     0.027748    -0.000053     0.438473     0.438473     0.514160
   143    -0.000000     0.045874    -0.000046     0.438473     0.438472     0.514160
   144    -0.000000     0.094155    -0.000034     0.438473     0.438472     0.514160
   145    -0.000000    -0.193093    -0.000023     0.438473     0.438472     0.514160
   146    -0.000000    -0.055239    -0.000015     0.438473     0.438472     0.514160
   147    -0.000000    -0.026164    -0.000007     0.438473     0.438472     0.514160
   148     0.000000     0.028636     0.000004     0.438473     0.438472     0.514160
   149     0.000000     0.044037     0.000008     0.438473     0.438472     0.514160
   150     0.000000     0.435234     0.000016     0.438473     0.438472     0.514160
   151     0.000000     0.285763     0.000021     0.438473     0.438472     0.514160
   152     0.000000    -0.273229     0.000024     0.438473     0.438472     0.514160
   153     0.000000     0.145047     0.000024     0.438473     0.438472     0.514160
   154     0.000000     0.204209     0.000026     0.438473     0.438472     0.514160
   155     0.000000     0.101789     0.000026     0.438473     0.438472     0.514160
   156     0.000000     0.053612     0.000024     0.438473     0.438472     0.514160
   157     0.000000     0.086762     0.000023     0.438473     0.438472     0.514160
   158     0.000000     0.034592     0.000020     0.438473     0.438472     0.514160
   0.438473     0.438472     0.514160
   155     0.000000     0.101789     0.000026     0.438473     0.438472     0.5