
 TORUS: LARGE R=  1.00000,  SMALL R=  1.00000   
   265  0.18097
 TRANSLATION 
  0.00000  0.00000  0.00000
     1     0.174756     0.148886    -0.003255     0.315070     0.314794     0.359748
     2    -0.040422    -0.185639    -0.003423     0.315573     0.315039     0.358153
     3    -0.005885    -0.007500    -0.001484     0.317267     0.316378     0.356932
     4     0.000295     0.000175     0.000476     0.319059     0.318540     0.355798
     5     0.005060    -0.000693     0.003014     0.320101     0.320042     0.354966
     6     0.000601    -0.001501    -0.000588     0.320476     0.320498     0.354376
     7     0.000300     0.004921    -0.000208     0.320239     0.320241     0.353872
     8     0.000067     0.000940    -0.000039     0.319581     0.319573     0.353363
     9    -0.000467     0.006919     0.000230     0.318759     0.318800     0.352816
    10    -0.000741     0.002518     0.000469     0.317990     0.318160     0.352245
    11    -0.000225     0.000602     0.000449     0.317413     0.317759     0.351692
    12     0.000284    -0.001096     0.002098     0.317081     0.317596     0.351203
    13     0.000422    -0.053148     0.001598     0.316989     0.317605     0.350804
    14     0.000247     0.000541    -0.018622     0.317090     0.317703     0.350509
    15    -0.000233    -0.000142     0.000230     0.317315     0.317815     0.350318
    16    -0.003629    -0.000246     0.000319     0.317593     0.317899     0.350224
    17     0.000864    -0.000192     0.000270     0.317861     0.317937     0.350217
    18     0.000189    -0.000085     0.000185     0.318081     0.317938     0.350284
    19    -0.000116     0.000093     0.001293     0.318232     0.317919     0.350413
    20    -0.000324     0.001104     0.000398     0.318311     0.317900     0.350590
    21    -0.000384    -0.000514     0.000420     0.318325     0.317893     0.350805
    22    -0.000190    -0.000117     0.000897     0.318289     0.317903     0.351043
    23     0.000214     0.000107     0.000222     0.318221     0.317927     0.351296
    24     0.000638     0.000362     0.000316     0.318138     0.317958     0.351552
    25     0.000936     0.000964     0.000378     0.318054     0.317990     0.351804
    26     0.001045    -0.001686     0.000637     0.317981     0.318017     0.352042
    27     0.000687    -0.000158    -0.000156     0.317925     0.318035     0.352261
    28    -0.001424     0.000248     0.000066     0.317890     0.318044     0.352456
    29    -0.000706    -0.000517     0.000093     0.317876     0.318046     0.352624
    30    -0.000221    -0.000115     0.000102     0.317880     0.318043     0.352762
    31    -0.000083    -0.000050     0.000135     0.317898     0.318037     0.352871
    32    -0.000042    -0.000032     0.000433     0.317925     0.318029     0.352950
    33    -0.000026    -0.000026    -0.000600     0.317955     0.318021     0.353002
    34    -0.000008    -0.000011     0.000925     0.317984     0.318013     0.353029
    35     0.000050     0.000168    -0.000167     0.318008     0.318006     0.353034
    36     0.000339    -0.000336    -0.000217     0.318026     0.317998     0.353020
    37     0.002769    -0.000273    -0.000256     0.318036     0.317992     0.352991
    38     0.000537    -0.000342    -0.000294     0.318038     0.317986     0.352949
    39     0.000115    -0.000865    -0.000330     0.318034     0.317981     0.352897
    40     0.000025     0.000203    -0.000364     0.318025     0.317977     0.352840
    41    -0.000006    -0.000031    -0.000421     0.318014     0.317975     0.352779
    42    -0.000018    -0.000092    -0.000450     0.318001     0.317974     0.352717
    43    -0.000021    -0.000121    -0.000496     0.317989     0.317974     0.352655
    44    -0.000020    -0.000138    -0.000551     0.317980     0.317976     0.352596
    45    -0.000017    -0.000145    -0.000619     0.317974     0.317978     0.352541
    46    -0.000012    -0.000143    -0.000702     0.317972     0.317981     0.352492
    47    -0.000006    -0.000120    -0.000792     0.317973     0.317983     0.352447
    48    -0.000000    -0.000011    -0.000368     0.317976     0.317986     0.352409
    49     0.000004     0.000548    -0.001504     0.317982     0.317989     0.352377
    50     0.000007     0.000604    -0.002297     0.317987     0.317991     0.352352
    51     0.000008     0.000170    -0.038456     0.317993     0.317993     0.352332
    52     0.000006     0.000046     0.001062     0.317997     0.317994     0.352318
    53     0.000002     0.000005     0.000119     0.318000     0.317995     0.352309
    54    -0.000061    -0.000007    -0.000221     0.318002     0.317996     0.352304
    55     0.000003    -0.000005    -0.000704     0.318001     0.317996     0.352304
    56    -0.000002     0.000008    -0.000268     0.318000     0.317996     0.352307
    57    -0.000004     0.000041    -0.000380     0.317997     0.317996     0.352312
    58    -0.000005     0.000329    -0.000422     0.317994     0.317996     0.352320
    59    -0.000005    -0.000110    -0.000432     0.317992     0.317996     0.352329
    60    -0.000004    -0.000047    -0.000416     0.317990     0.317995     0.352340
    61    -0.000002    -0.000025    -0.000364     0.317988     0.317995     0.352351
    62    -0.000001    -0.000012    -0.000256     0.317988     0.317994     0.352363
    63    -0.000000    -0.000002    -0.000063     0.317988     0.317993     0.352375
    64     0.000000     0.000006     0.000211     0.317989     0.317993     0.352386
    65     0.000000     0.000013     0.000452     0.317990     0.317993     0.352397
    66     0.000000     0.000021     0.000540     0.317992     0.317992     0.352407
