
 RIBOSOME MODEL - RED                           
   189  0.25000
 ROTATION    
  0.00000  0.00000  0.00000
     1    25.397861    28.126001    23.055177    -0.016010     3.259837    -0.072187
     2    19.701403    26.626706    22.458451     0.033203     6.273881     0.122622
     3    20.745408    24.894660    20.931380    -0.001076     0.032279    -0.003096
     4    20.624846    24.557274    20.367556     0.024474    -0.034071    -0.094995
     5    20.575898    24.779051    20.539665     0.031689    -0.052185    -0.034419
     6    20.609426    24.916779    20.768797     0.061782     0.174023     0.027120
     7    20.617675    24.940860    20.810121     0.079794     0.221463     0.019522
     8    20.609843    24.932891    20.741671     0.041801     0.192284     0.010654
     9    20.606130    24.917334    20.674210     0.026036     0.433029     0.010513
    10    20.608299    24.899810    20.652544     0.024700     0.415805     0.012254
    11    20.611399    24.890893    20.669543     0.026640     0.264549     0.013284
    12    20.612716    24.895459    20.699346     0.030733     0.216449     0.014387
    13    20.612746    24.907201    20.721143     0.036149     0.191466     0.015975
    14    20.612579    24.916261    20.728141     0.041036     0.170857     0.017536
    15    20.612591    24.917936    20.724314     0.043209     0.161087     0.018229
    16    20.612508    24.913996    20.716714     0.042443     0.161800     0.017858
    17    20.612174    24.908959    20.710247     0.040225     0.168314     0.016939
    18    20.611685    24.905967    20.706427     0.037894     0.176525     0.016044
    19    20.611304    24.905604    20.704895     0.036120     0.183904     0.015459
    20    20.611214    24.906748    20.704895     0.035177     0.188608     0.015245
    21    20.611369    24.908065    20.705872     0.035077     0.189521     0.015335
    22    20.611631    24.908864    20.707398     0.035605     0.187279     0.015598
    23    20.611846    24.909090    20.708990     0.036412     0.183759     0.015893
    24    20.611965    24.909019    20.710182     0.037149     0.180617     0.016116
    25    20.611971    24.908894    20.710700     0.037592     0.178686     0.016222
    26    20.611917    24.908798    20.710510     0.037682     0.178128     0.016217
    27    20.611828    24.908721    20.709884     0.037503     0.178678     0.016139
    28    20.611757    24.908626    20.709151     0.037203     0.179832     0.016034
    29    20.611709    24.908524    20.708602     0.036920     0.181030     0.015942
    30    20.611709    24.908447    20.708364     0.036740     0.181860     0.015889
    31    20.611715    24.908441    20.708423     0.036684     0.182162     0.015878
    32    20.611745    24.908477    20.708656     0.036729     0.182005     0.015901
    33    20.611768    24.908548    20.708930     0.036829     0.181595     0.015940
    34    20.611786    24.908614    20.709145     0.036934     0.181147     0.015977
    35    20.611798    24.908655    20.709246     0.037010     0.180818     0.016002
    36    20.611792    24.908655    20.709246     0.037041     0.180670     0.016009
    37    20.611780    24.908638    20.709168     0.037033     0.180692     0.016002
    38    20.611768    24.908602    20.709073     0.036999     0.180822     0.015988
    39    20.611763    24.908584    20.708984     0.036959     0.180985     0.015973
    40    20.611763    24.908560    20.708936     0.036928     0.181119     0.015963
    41    20.611763    24.908566    20.708936     0.036913     0.181190     0.015960
    42    20.611763    24.908566    20.708954     0.036913     0.181195     0.015961
    43    20.611763    24.908584    20.708990     0.036924     0.181154     0.015966
    44    20.611768    24.908584    20.709019     0.036938     0.181094     0.015972
    45    20.611774    24.908602    20.709037     0.036951     0.181041     0.015976
    46    20.611774    24.908602    20.709049     0.036958     0.181009     0.015977
    47    20.611768    24.908590    20.709037     0.036959     0.181002     0.015977
    48    20.611768    24.908596    20.709031     0.036956     0.181015     0.015976
    49    20.611768    24.908584    20.709013     0.036950     0.181036     0.015974
    50    20.611768    24.908584    20.709007     0.036945     0.181056     0.015972
    51    20.611768    24.908584    20.709007     0.036942     0.181070     0.015971
    52    20.611768    24.908584    20.709007     0.036941     0.181075     0.015971
    53    20.611768    24.908584    20.709007     0.036943     0.181071     0.015972
    54    20.611768    24.908584    20.709013     0.036944     0.181064     0.015972
    55    20.611768    24.908584    20.709019     0.036946     0.181056     0.015973
    56    20.611768    24.908584    20.709019     0.036948     0.181050     0.015973
    57    20.611768    24.908584    20.709019     0.036948     0.181048     0.015973
    58    20.611768    24.908584    20.709019     0.036948     0.181048     0.015973
    59    20.611768    24.908584    20.709019     0.036947     0.181051     0.015973
    60    20.611768    24.908584    20.709013     0.036946     0.181054     0.015973
    61    20.611768    24.908584    20.709013     0.036946     0.181057     0.015973
    62    20.611768    24.908584    20.709013     0.036946     0.181058     0.015972
    63    20.611768    24.908584    20.709013     0.036946     0.181057     0.015973
    64    20.611768    24.908584    20.709013     0.036946     0.181056     0.015973
    65    20.611768    24.908584    20.709013     0.036946     0.181056     0.015973
    66    20.611768    24.908584    20.709013     0.036946     0.181054     0.015973
    67    20.611768    24.908584    20.709013     0.036946     0.181054     0.015973
    68    20.611768    24.908584    20.709013     0.036946     0.181054     0.015973
    69    20.611768    24.908584    20.709013     0.036946     0.181054     0.015973
    70    20.611768    24.908584    20.709013     0.036946     0.181054     0.015973
    71    20.611768    24.908584    20.709013     0.036946     0.181055     0.015973
    72    20.611768    24.908584    20.709013     0.036946     0.181055     0.015973
    73    20.611768    24.908584    20.709013     0.036946     0.181056     0.015973
    74    20.611768    24.908584    20.709013     0.036946     0.181055     0.015973
    75    20.611768    24.908584    20.709013     0.036946     0.181055     0.015973
    76    20.611768    24.908584    20.709013     0.036946     0.181055     0.015973
    77    20.611768    24.908584    20.709013     0.036946     0.181055     0.015973
    78    20.611768    24.908584    20.709013     0.036946     0.181055     0.015973
    79    20.611768    24.908584    20.709013     0.036946     0.181054     0.015973
    80    20.611768    24.908584    20.709013     0.036946     0.181054     0.015973
    81    20.611768    24.908584    20.709013     0.036946     0.181055     0.015973
    82    20.611768    24.908584    20.709013     0.036946     0.181055     0.015973
    83    20.611768    24.908584    20.709013     0.036946     0.181055     0.015973
    84    20.611768    24.908584    20.709013     0.036946     0.181055     0.015973
    85    20.611768    24.908584    20.709013     0.036946     0.181055     0.015973
    86    20.611768    24.908584    20.709013     0.036946     0.181055     0.015973
    87    20.611768    24.908584    20.709013     0.036946     0.181055     0.015973
    88    20.611768    24.908584    20.709013     0.036946     0.181055     0.015973
    89    20.611768    24.908584    20.709013     0.036946     0.181055     0.015973
    90    20.611768    24.908584    20.709013     0.036946     0.181055     0.015973
    91    20.611768    24.908584    20.709013     0.036946     0.181055     0.015973
    92    20.611768    24.908584    20.709013     0.036946     0.181055     0.015973
    93    20.611768    24.908584    20.709013     0.036946     0.181055     0.015973
    94    20.611768    24.908584    20.709013     0.036946     0.181054     0.015973
    95    20.611768    24.908584    20.709013     0.036946     0.181055     0.015973
    96    20.611768    24.908584    20.709013     0.036946     0.181055     0.015973
    97    20.611768    24.908584    20.709013     0.036946     0.181055     0.015973
    98    20.611768    24.908584    20.709013     0.036946     0.181055     0.015973
    99    20.611768    24.908584    20.709013     0.036946     0.181055     0.015973
   100    20.611768    24.908584    20.709013     0.036946     0.181055     0.015973
   101    20.611768    24.908584    20.709013     0.036946     0.181055     0.015973
   102    20.611768    24.908584    20.709013     0.036946     0.181055     0.015973
   103    20.611768    24.908584    20.709013     0.036946     0.181055     0.015973
   104    20.611768    24.908584    20.709013     0.036946     0.181055     0.015973
   105    20.611768    24.908584    20.709013     0.036946     0.181055     0.015973
   106    20.611768    24.908584    20.709013     0.036946     0.181055     0.015973
   107    20.611768    24.908584    20.709013     0.036946     0.181055     0.015973
   108    20.611768    24.908584    20.709013     0.036946     0.181055     0.015973
   109    20.611768    24.908584    20.709013     0.036946     0.181055     0.015973
   110    20.611768    24.908584    20.709013     0.036946     0.181055     0.015973
   111    20.611768    24.908584    20.709013     0.036946     0.181055     0.015973
   112    20.611768    24.908584    20.709013     0.036946     0.181055     0.015973
   113    20.611768    24.908584    20.709013     0.036946     0.181055     0.015973
   114    20.611768    24.908584    20.709013     0.036946     0.181055     0.015973
   115    20.611768    24.908584    20.709013     0.036946     0.181054     0.015973
   116    20.611768    24.908584    20.709013     0.036946     0.181054     0.015973
   117    20.611768    24.908584    20.709013     0.036946     0.181055     0.015973
   118    20.611768    24.908584    20.709013     0.036946     0.181055     0.015973
   119    20.611768    24.908584    20.709013     0.036946     0.181055     0.015973
   120    20.611768    24.908584    20.709013     0.036946     0.181055     0.015973
   121    20.611768    24.908584    20.709013     0.036946     0.181055     0.015973
   122    20.611768    24.908584    20.709013     0.036946     0.181055     0.015973
   123    20.611768    24.908584    20.709013     0.036946     0.181055     0.015973
   124    20.611768    24.908584    20.709013     0.036946     0.181055     0.015973
   125    20.611768    24.908584    20.709013     0.036946     0.181054     0.015973
   126    20.611768    24.908584    20.709013     0.036946     0.181055     0.015973
   127    20.611768    24.908584    20.709013     0.036946     0.181055     0.015973
   128    20.611768    24.908584    20.709013     0.036946     0.181055     0.015973
   129    20.611768    24.908584    20.709013     0.036946     0.181055     0.015973
   130    20.611768    24.908584    20.709013     0.036946     0.181055     0.015973
   131    20.611768    24.908584    20.709013     0.036946     0.181055     0.015973
   132    20.611768    24.908584    20.709013     0.036946     0.181055     0.015973
   133    20.611768    24.908584    20.709013     0.036946     0.181055     0.015973
   134    20.611768    24.908584    20.709013     0.036946     0.181055     0.015973
   135    20.611768    24.908584    20.709013     0.036946     0.181055     0.015973
   136    20.611768    24.908584    20.709013     0.036946     0.181055     0.015973
   137    20.611768    24.908584    20.709013     0.036946     0.181055     0.015973
   138    20.611768    24.908584    20.709013     0.036946     0.181055     0.015973
   139    20.611768    24.908584    20.709013     0.036946     0.181055     0.015973
   140    20.611768    24.908584    20.709013     0.036946     0.181055     0.015973
   141    20.611768    24.908584    20.709013     0.036946     0.181055     0.015973
   142    20.611768    24.908584    20.709013     0.036946     0.181055     0.015973
   143    20.611768    24.908584    20.709013     0.036946     0.181055     0.015973
   144    20.611768    24.908584    20.709013     0.036946     0.181055     0.015973
   145    20.611768    24.908584    20.709013     0.036946     0.181054     0.015973
   146    20.611768    24.908584    20.709013     0.036946     0.181055     0.015973
   147    20.611768    24.908584    20.709013     0.036946     0.181054     0.015973
   148    20.611768    24.908584    20.709013     0.036946     0.181054     0.015973
   149    20.611768    24.908584    20.709013     0.036946     0.181055     0.015973
   150    20.611768    24.908584    20.709013     0.036946     0.181055     0.015973
   151    20.611768    24.908584    20.709013     0.036946     0.181055     0.015973
   152    20.611768    24.908584    20.709013     0.036946     0.181055     0.015973
   153    20.611768    24.908584    20.709013     0.036946     0.181055     0.015973
   154    20.611768    24.908584    20.709013     0.036946     0.181055     0.015973
   155    20.611768    24.908584    20.709013     0.036946     0.181054     0.015973
   156    20.611768    24.908584    20.709013     0.036946     0.181055     0.015973
   157    20.611768    24.908584    20.709013     0.036946     0.181055     0.015973
   158    20.611768    24.908584    20.709013     0.036946     0.181055     0.015973
   159    20.611768    24.908584    20.709013     0.036946     0.181055     0.015973
   160    20.611768    24.908584    20.709013     0.036946     0.181055     0.015973
   161    20.611768    24.908584    20.709013     0.036946     0.181055     0.015973
   162    20.611768    24.908584    20.709013     0.036946     0.181055     0.015973
   163    20.611768    24.908584    20.709013     0.036946     0.181055     0.015973
   164    20.611768    24.908584    20.709013     0.036946     0.181055     0.015973
   165    20.611768    24.908584    20.709013     0.036946     0.181055     0.015973
   166    20.611768    24.908584    20.709013     0.036946     0.181055     0.015973
   167    20.611768    24.908584    20.709013     0.036946     0.181055     0.015973
   168    20.611768    24.908584    20.709013     0.036946     0.181055     0.015973
