
 TORUS: LARGE R=  2.00000,  SMALL R=  1.00000   
   420  0.20433   78
 TRANSLATION 
  0.00000  0.00000  0.00000
     1     0.962929     0.537601    -0.006607     0.433903     0.434165     0.527936
     2    -0.291413    -4.814096    -0.007726     0.432234     0.431400     0.526328
     3    -0.022729    -0.076222    -0.005437     0.434690     0.433785     0.523970
     4    -0.021631    -0.004169    -0.004439     0.439067     0.438177     0.521699
     5     0.003686    -0.002989    -0.007852     0.441691     0.441303     0.519812
     6     0.002204     0.049731    -0.002500     0.441792     0.442141     0.518422
     7     0.006524     0.009699    -0.001678     0.441325     0.441672     0.517277
     8     0.008294     0.015736    -0.001034     0.440607     0.440835     0.516085
     9    -0.000549    -0.062497     0.000200     0.439314     0.439766     0.514826
    10    -0.001921    -0.018838     0.002725     0.437770     0.438569     0.513586
    11    -0.001992    -0.009575     0.003054     0.436722     0.437578     0.512384
    12    -0.002271    -0.006203     0.002567     0.436420     0.437052     0.511229
    13    -0.002128    -0.004048     0.002636     0.436570     0.436941     0.510181
    14    -0.001526    -0.002439     0.002797     0.436875     0.437029     0.509313
    15    -0.001165    -0.001575     0.002516     0.437238     0.437174     0.508657
    16    -0.001405    -0.001250     0.001572     0.437620     0.437348     0.508210
    17    -0.002371    -0.000914     0.000734     0.437939     0.437536     0.507968
    18    -0.009383    -0.000902     0.000459     0.438138     0.437697     0.507923
    19     0.008596    -0.001370     0.000465     0.438225     0.437804     0.508058
    20     0.003033    -0.002017     0.000512     0.438236     0.437872     0.508342
    21     0.001348    -0.002900     0.000575     0.438203     0.437925     0.508741
    22     0.000515     0.062846     0.000652     0.438144     0.437968     0.509221
    23     0.000109     0.000377     0.000580     0.438069     0.437989     0.509752
    24     0.000034     0.000080     0.000334     0.437982     0.437981     0.510310
    25     0.000245     0.000566     0.000723     0.437883     0.437947     0.510874
    26     0.000671     0.002140     0.000823     0.437769     0.437893     0.511431
    27     0.001301     0.183383     0.000854     0.437647     0.437825     0.511970
    28     0.002452    -0.003290     0.000904     0.437534     0.437752     0.512481
    29     0.008687    -0.001667     0.001009     0.437448     0.437686     0.512956
    30    -0.003522    -0.001022     0.001568     0.437408     0.437639     0.513385
    31    -0.000523    -0.002147    -0.000119     0.437420     0.437615     0.513763
    32    -0.000364    -0.000157     0.000091     0.437484     0.437615     0.514083
    33     0.000155     0.000108    -0.000073     0.437585     0.437634     0.514342
    34     0.000482     0.000569    -0.000288     0.437705     0.437667     0.514538
    35     0.000689     0.031660    -0.000485     0.437822     0.437705     0.514673
    36     0.000715    -0.000544    -0.000685     0.437917     0.437743     0.514752
    37     0.000506    -0.000154    -0.001327     0.437975     0.437775     0.514779
    38     0.000068    -0.000013     0.000115     0.437993     0.437798     0.514762
    39    -0.000379     0.000096    -0.000280     0.437974     0.437814     0.514708
    40    -0.000464    -0.000180    -0.000387     0.437928     0.437821     0.514626
    41    -0.000280    -0.000025    -0.000454     0.437867     0.437824     0.514522
    42    -0.000131    -0.000007    -0.000356     0.437805     0.437822     0.514403
    43    -0.000124    -0.000006    -0.000211     0.437753     0.437819     0.514274
    44    -0.000219    -0.000010    -0.000219     0.437717     0.437815     0.514139
    45    -0.000309    -0.000019    -0.000251     0.437700     0.437812     0.514003
    46    -0.000316    -0.000030    -0.000282     0.437701     0.437808     0.513869
    47    -0.000253    -0.000045    -0.000309     0.437715     0.437804     0.513739
    48    -0.000168    -0.000062    -0.000326     0.437736     0.437799     0.513617
    49    -0.000092    -0.000079    -0.000319     0.437760     0.437794     0.513503
    50    -0.000034    -0.000073    -0.000253     0.437781     0.437787     0.513400
    51     0.000007     0.000033     0.000268     0.437797     0.437780     0.513308
    52     0.000033     0.000136    -0.000750     0.437805     0.437773     0.513229
    53     0.000046     0.000110    -0.000499     0.437807     0.437766     0.513161
    54     0.000049     0.000069    -0.000398     0.437804     0.437761     0.513107
    55     0.000045     0.000041    -0.000322     0.437796     0.437756     0.513064
    56     0.000035     0.000022    -0.000258     0.437787     0.437753     0.513032
    57     0.000024     0.000011    -0.000218     0.437779     0.437752     0.513010
    58     0.000016     0.000006    -0.000277     0.437771     0.437753     0.512998
    59     0.000016     0.000005     0.001070     0.437766     0.437755     0.512994
    60     0.000029     0.000006     0.000293     0.437763     0.437758     0.512997
    61     0.000064     0.000009     0.000311     0.437763     0.437762     0.513007
    62     0.000303     0.000011     0.000442     0.437764     0.437767     0.513022
    63    -0.000091     0.000011     0.001199     0.437767     0.437771     0.513042
    64    -0.000025     0.000010    -0.000628     0.437770     0.437776     0.513065
    65    -0.000008     0.000007    -0.000144     0.437774     0.437780     0.513091
    66    -0.000002     0.000004    -0.000046     0.437777     0.437783     0.513119
    67    -0.000001     0.000005    -0.000048     0.437780     0.437785     0.513148
    68    -0.000002     0.004290     0.001581     0.437781     0.437787     0.513177
    69    -0.000005    -0.000048     0.000259     0.437782     0.437787     0.513206
    70    -0.000007    -0.000054     0.000268     0.437782     0.437788     0.513234
    71    -0.000010    -0.000076     0.000346     0.437781     0.437787     0.513261
    72    -0.000012    -0.000139     0.000530     0.437780     0.437787     0.513286
    73    -0.000013    -0.001294     0.001082     0.437779     0.437785     0.513309
    74    -0.000013     0.000147     0.008773     0.437777     0.437784     0.513329
    75    -0.000013     0.000058    -0.002139     0.437777     0.437783     0.513347
    76    -0.000010     0.000028    -0.001510     0.437776     0.437781     0.513363
    77    -0.000007     0.000011     0.002583     0.437777     0.437780     0.513375
    78     0.000002    -0.000002    -0.000056     0.437777     0.437778     0.513385
   0.437777     0.437784     0.513329
    75    -0.000013     0.000058    -0.002139  