
 TORUS: LARGE R=  1.00000,  SMALL R=  1.00000   
   539  0.12913
 TRANSLATION 
  0.00000  0.00000  0.00000
     1    -0.211211    -0.659952    -0.001777     0.315153     0.315330     0.357827
     2    -0.066720     0.561176    -0.003849     0.316140     0.315645     0.356615
     3    -0.003176    -0.011622    -0.000343     0.317823     0.317352     0.356070
     4     0.000332     0.000676    -0.014077     0.319512     0.319263     0.355381
     5     0.001308    -0.001964    -0.004594     0.320228     0.320259     0.354994
     6     0.001450     0.013983    -0.001153     0.320013     0.320026     0.354728
     7     0.001353     0.002502    -0.000235     0.319307     0.319133     0.354348
     8     0.002810    -0.002571     0.000172     0.318393     0.318171     0.353875
     9     0.003593    -0.008805     0.000300     0.317498     0.317431     0.353364
    10    -0.000711    -0.714528     0.000403     0.316832     0.317028     0.352818
    11    -0.000002    -0.000105    -0.000137     0.316502     0.316951     0.352248
    12    -0.000266    -0.002598     0.000538     0.316492     0.317098     0.351690
    13    -0.002188    -0.003336     0.000540     0.316704     0.317334     0.351182
    14     0.000916    -0.001556     0.000369     0.317023     0.317547     0.350748
    15    -0.000047     0.000128    -0.000064     0.317359     0.317675     0.350400
    16    -0.000260     0.000806    -0.001335     0.317653     0.317709     0.350139
    17    -0.000192     0.000715     0.014567     0.317871     0.317675     0.349961
    18     0.000060    -0.000419     0.003473     0.317999     0.317616     0.349859
    19     0.000447     0.004025     0.001473     0.318039     0.317564     0.349825
    20     0.000962     0.001623     0.001053     0.318005     0.317538     0.349849
    21     0.001759     0.001070     0.000831     0.317918     0.317538     0.349925
    22     0.009274     0.000708     0.000695     0.317805     0.317556     0.350043
    23    -0.000573     0.000393     0.000604     0.317690     0.317582     0.350197
    24    -0.000010     0.000164     0.000351     0.317594     0.317605     0.350378
    25    -0.000092    -0.000236     0.000443     0.317526     0.317623     0.350577
    26    -0.000285    -0.000518     0.000440     0.317491     0.317634     0.350787
    27    -0.000439    -0.000780     0.000420     0.317483     0.317641     0.351002
    28    -0.000515    -0.001058     0.000398     0.317497     0.317646     0.351215
    29    -0.000540    -0.001771     0.000379     0.317522     0.317650     0.351422
    30    -0.000785     0.001499     0.000376     0.317553     0.317653     0.351621
    31     0.000081     0.000075     0.000248     0.317585     0.317654     0.351809
    32    -0.000001    -0.000001    -0.000001     0.317614     0.317653     0.351984
    33     0.000020     0.000164     0.000008     0.317639     0.317650     0.352145
    34     0.000366     0.000112    -0.000018     0.317657     0.317645     0.352290
    35     0.000139     0.000214    -0.000056     0.317670     0.317638     0.352419
    36     0.000115     0.000308    -0.000096     0.317676     0.317631     0.352531
    37     0.000084     0.000569    -0.000135     0.317676     0.317625     0.352625
    38     0.000036    -0.000109    -0.000181     0.317670     0.317619     0.352700
    39     0.000127     0.000054    -0.000197     0.317660     0.317615     0.352758
    40     0.000027     0.000042    -0.000252     0.317647     0.317611     0.352798
    41    -0.000002    -0.000004    -0.000069     0.317632     0.317609     0.352821
    42    -0.000018    -0.000064    -0.000201     0.317617     0.317607     0.352829
    43    -0.000025    -0.000122    -0.000221     0.317604     0.317606     0.352822
    44    -0.000021    -0.000158    -0.000228     0.317596     0.317605     0.352804
    45    -0.000006    -0.000092    -0.000218     0.317592     0.317605     0.352774
    46     0.000023     0.025925    -0.000239     0.317593     0.317605     0.352736
    47     0.000076    -0.000926    -0.000233     0.317599     0.317605     0.352690
    48     0.000158    -0.000940    -0.000231     0.317608     0.317607     0.352639
    49     0.000193    -0.001458    -0.000232     0.317619     0.317608     0.352584
    50     0.000090     0.003080    -0.000239     0.317629     0.317610     0.352527
    51     0.000021     0.000256    -0.000256     0.317637     0.317613     0.352469
    52    -0.000000    -0.000002     0.000037     0.317643     0.317615     0.352411
    53    -0.000005    -0.000095    -0.001275     0.317645     0.317617     0.352355
    54    -0.000006    -0.000169     0.000827     0.317643     0.317618     0.352301
    55    -0.000005    -0.000371     0.000259     0.317639     0.317620     0.352250
    56    -0.000003     0.001059     0.000146     0.317633     0.317621     0.352202
    57    -0.000002     0.000181     0.000091     0.317627     0.317621     0.352158
    58    -0.000000     0.000065     0.000028     0.317621     0.317621     0.352119
