
 C - UA   N=   1  M=   0                              INVERS
   11
 0.10000000000000000D+01 0.00000000000000000D+00 0.00000000000000000D+00
 0.00000000000000000D+00 0.00000000000000000D+00 0.00000000000000000D+00
 0.00000000000000000D+00 0.00000000000000000D+00 0.00000000000000000D+00
 0.00000000000000000D+00 0.00000000000000000D+00
 0.00000000000000000D+00-0.90000000000000000D+01 0.00000000000000000D+00
-0.28800000000000000D+03 0.00000000000000000D+00-0.46080000000000000D+04
 0.00000000000000000D+00-0.73727999999999999D+05 0.00000000000000000D+00
-0.11796481250000000D+07 0.00000000000000000D+00
 0.00000000000000000D+00 0.00000000000000000D+00 0.00000000000000000D+00
 0.00000000000000000D+00 0.00000000000000000D+00 0.00000000000000000D+00
 0.00000000000000000D+00 0.00000000000000000D+00 0.00000000000000000D+00
 0.00000000000000000D+00 0.84934658249999999D+08
 0.00000000000000000D+00-0.96000000000000000D+02 0.00000000000000000D+00
-0.51200000000000000D+03 0.00000000000000000D+00 0.73727997802734374D+05
 0.00000000000000000D+00 0.35389435937500000D+07 0.13893633000000000D+08
 0.55574527999999999D+08 0.00000000000000000D+00
 0.00000000000000000D+00 0.00000000000000000D+00-0.17280000000000000D+04
 0.00000000000000000D+00-0.55296007812500000D+05 0.00000000000000000D+00
-0.79626239604492187D+07 0.00000000000000000D+00-0.38220597542187500D+09
-0.77856769999999999D+08-0.10513610017500000D+10
 0.00000000000000000D+00-0.25600000000000000D+03 0.00000000000000000D+00
-0.81920000000000000D+05 0.00000000000000000D+00-0.68812798593749999D+07
 0.00000000000000000D+00-0.35232156367797851D+09-0.34350858239999999D+10
-0.10085981229687500D+09-0.19747309590000000D+10
 0.00000000000000000D+00 0.00000000000000000D+00-0.57600000000000000D+05
 0.00000000000000000D+00-0.38830080000000000D+07 0.00000000000000000D+00
-0.32262657521093750D+09 0.00000000000000000D+00-0.83127851122499999D+10
 0.59376269439999999D+10 0.56615253745200000D+12
 0.00000000000000000D+00 0.00000000000000000D+00 0.00000000000000000D+00
-0.33177612500000000D+06 0.00000000000000000D+00-0.38928398499999999D+08
 0.00000000000000000D+00 0.27833205079687500D+09-0.11642010624000000D+11
-0.97788140892749965D+11 0.62275608095999999D+12
 0.00000000000000000D+00 0.00000000000000000D+00-0.11304960000000000D+07
 0.00000000000000000D+00-0.11508122975000000D+09 0.21233658000000000D+08
-0.16426469513375000D+11-0.23007518720000000D+10-0.96693013200434368D+12
-0.63084289254399999D+13 0.20766183064109999D+14
 0.00000000000000000D+00 0.00000000000000000D+00 0.00000000000000000D+00
-0.18579456000000000D+08-0.94371839999999999D+08-0.33124520701250000D+10
-0.16693199764000000D+11-0.80800303692249999D+11-0.35237170755840000D+13
 0.14904936789763998D+14 0.14391250946867200D+15
 0.00000000000000000D+00 0.00000000000000000D+00 0.65536000000000000D+05
 0.00000000000000000D+00 0.13398507760000000D+10 0.16986931200000000D+10
 0.21475227021600000D+12 0.34967599669799999D+12 0.19861737091314875D+14
 0.78134808139391999D+14 0.10954473828367404D+16
