  11 BEAD PROPELLOR
    11  1.0
    1        0.        0.        0.
    2  1.732051  0.707107  0.707107
    3  1.732051 -0.707107 -0.707107
    4  3.732051  0.707107  0.707107
    5  3.732051 -0.707107 -0.707107
    6  5.464102  0.        0.
    7 -1.732051  0.707107 -0.707107
    8 -1.732051 -0.707107  0.707107
    9 -3.732051  0.707107 -0.707107
   10 -3.732051 -0.707107  0.707107
   11 -5.464102  0.        0.
 0.        0.        0.
    2  1.732051  0.707107  0.707107
    3  1.732051 -0.707107 -0.707107
    4  3.732051  0.707107  0.707107
    5  3.732051 -0.707107 -0.707107
    6  5.464102  0.        0.
    7 -1.732051  0.707107 -0.707107
    8 -1.732051 -0.707107  0.707107
    9 -3.732051  0.707107 -0.707107
   10 -3.732051 -0.7071