03 YELLOW (30S) CENTERED;CT, C, OM FROM ROT.
14.569500,-.237654,-.542727,-.079727,-.419091,-.323138
-.237654,12.806581,-.221202,-.419076,.560071,.372089
-.542727,-.221202,13.792345,-.323416,.373192,-.458132
-.079727,-.419076,-.323416,297.970032,-10.952438,-16.082333
-.419091,.560071,.373192,-10.952551,178.085419,-22.630795
-.323138,.372089,-.458132,-16.082333,-22.630795,280.966248
W (30S) CENTERED;CT, C, OM FROM ROT.
14.569500,-.237654,-.542727,-.079727,-.419091,-.323138
-.237654,12.806581,-.221202,-.419076,.560071,.372089
-.542727,-.221202,13.792345,-.323416,.373192,-.458132
-.079727,-.419076,-.323416,297.970032,-10.952438,-16.082333
-.419091,.560071,.373192,-10.952551,178.085419,-22.630795
-.323138,.372089,-.458132,-16.082333,-22.630795,280.9