  ROD OF 12 BEADS TO TEST FOR SINGULARITIES
    12  1.3
    1   0.        0.        0.
    2   2.        0.        0.
    3   4.        0.        0.
    2   6.        0.        0.
    2   8.        0.        0.
    2  10.        0.        0.
    2  12.        0.        0.
    2  14.        0.        0.
    2  16.        0.        0.
    2  18.        0.        0.
    2  20.        0.        0.
    2  22.        0.        0.
   1   0.        0.        0.
    2   2.        0.        0.
    3   4.        0.        0.
    2   6.        0.        0.
    2   8.        0.        0.
    2  10.        0.        0.
    2  12.        0.        0.
    2  14.        0.        0.
    2  16.        0.        0.
    2  18.        0.        0.
    2 