 UNEQUAL SIZE BEADS (REG 45) -  10:5  D= 20
   362  1.00000
    1   0.00000   0.00000  10.00002
    2   1.03956   1.80057   9.78148
    3  -1.03956   1.80057   9.78148
    4  -2.07912  -0.00000   9.78148
    5  -1.03956  -1.80057   9.78148
    6   1.03956  -1.80057   9.78148
    7   2.07912   0.00000   9.78148
    8   3.52244   2.03368   9.13546
    9   2.03368   3.52244   9.13546
   10  -0.00000   4.06738   9.13546
   11  -2.03368   3.52244   9.13546
   12  -3.52244   2.03368   9.13546
   13  -4.06738  -0.00000   9.13546
   14  -3.52244  -2.03368   9.13546
   15  -2.03368  -3.52244   9.13546
   16   0.00000  -4.06738   9.13546
   17   2.03368  -3.52244   9.13546
   18   3.52244  -2.03368   9.13546
   19   4.06738   0.00001   9.13546
   20   5.52338   2.01034   8.09017
   21   4.50270   3.77821   8.09017
   22   2.93893   5.09037   8.09017
   23   1.02068   5.78856   8.09017
   24  -1.02068   5.78856   8.09017
   25  -2.93893   5.09037   8.09017
   26  -4.50270   3.77821   8.09017
   27  -5.52338   2.01034   8.09017
   28  -5.87787   0.00000   8.09017
   29  -5.52338  -2.01034   8.09017
   30  -4.50270  -3.77821   8.09017
   31  -2.93892  -5.09037   8.09017
   32  -1.02068  -5.78856   8.09017
   33   1.02067  -5.78856   8.09017
   34   2.93892  -5.09037   8.09017
   35   4.50269  -3.77821   8.09017
   36   5.52338  -2.01034   8.09017
   37   5.87787   0.00000   8.09017
   38   7.15587   2.00498   6.69131
   39   6.34957   3.86126   6.69131
   40   5.07236   5.43117   6.69131
   41   3.41895   6.59827   6.69131
   42   1.51197   7.27602   6.69131
   43  -0.50714   7.41414   6.69131
   44  -2.48864   7.00237   6.69131
   45  -4.28557   6.07127   6.69131
   46  -5.76466   4.68990   6.69131
   47  -6.81621   2.96070   6.69131
   48  -7.36224   1.01192   6.69131
   49  -7.36224  -1.01192   6.69131
   50  -6.81621  -2.96070   6.69131
   51  -5.76466  -4.68990   6.69131
   52  -4.28557  -6.07127   6.69131
   53  -2.48864  -7.00237   6.69131
   54  -0.50714  -7.41414   6.69131
   55   1.51198  -7.27602   6.69131
   56   3.41895  -6.59827   6.69131
   57   5.07236  -5.43117   6.69131
   58   6.34958  -3.86126   6.69131
   59   7.15587  -2.00498   6.69131
   60   7.43148   0.00000   6.69131
   61   8.42682   1.99719   5.00000
   62   7.73908   3.88671   5.00000
   63   6.63414   5.56670   5.00000
   64   5.17154   6.94659   5.00000
   65   3.43015   7.95198   5.00000
   66   1.50384   8.52869   5.00000
   67  -0.50355   8.64562   5.00000
   68  -2.48379   8.29643   5.00000
   69  -4.33013   7.50000   5.00000
   70  -5.94303   6.29924   5.00000
   71  -7.23553   4.75888   5.00000
   72  -8.13798   2.96198   5.00000
   73  -8.60171   1.00539   5.00000
   74  -8.60171  -1.00539   5.00000
   75  -8.13798  -2.96198   5.00000
   76  -7.23553  -4.75889   5.00000
   77  -5.94303  -6.29924   5.00000
   78  -4.33012  -7.50000   5.00000
   79  -2.48378  -8.29643   5.00000
   80  -0.50355  -8.64562   5.00000
   81   1.50383  -8.52869   5.00000
   82   3.43015  -7.95198   5.00000
   83   5.17155  -6.94658   5.00000
   84   6.63414  -5.56670   5.00000
   85   7.73908  -3.88671   5.00000
   86   8.42682  -1.99719   5.00000
   87   8.66028   0.00000   5.00000
   88   9.28822   2.04449   3.09017
   89   8.63156   3.99338   3.09017
   90   7.57130   5.75555   3.09017
   91   6.15701   7.24859   3.09017
   92   4.45483   8.40270   3.09017
   93   2.54434   9.16391   3.09017
   94   0.51489   9.49664   3.09017
   95  -1.53864   9.38529   3.09017
   96  -3.52022   8.83510   3.09017
   97  -5.33721   7.87179   3.09017
   98  -6.90463   6.54041   3.09017
   99  -8.14920   4.90321   3.09017
  100  -9.01272   3.03674   3.09017
  101  -9.45483   1.02827   3.09017
  102  -9.45483  -1.02827   3.09017
  103  -9.01272  -3.03673   3.09017
  104  -8.14920  -4.90321   3.09017
  105  -6.90463  -6.54041   3.09017
  106  -5.33721  -7.87179   3.09017
  107  -3.52023  -8.83510   3.09017
  108  -1.53864  -9.38529   3.09017
  109   0.51488  -9.49664   3.09017
  110   2.54435  -9.16391   3.09017
  111   4.45483  -8.40270   3.09017
  112   6.15701  -7.24860   3.09017
  113   7.57129  -5.75556   3.09017
  114   8.63156  -3.99338   3.09017
  115   9.28822  -2.04449   3.09017
  116   9.51060   0.00000   3.09017
  117   9.74166   2.00196   1.04528
  118   9.13925   3.92196   1.04528
  119   8.16269   5.68140   1.04528
  120   6.85194   7.20823   1.04528
  121   5.26067   8.43997   1.04528
  122   3.45403   9.32617   1.04528
  123   1.50598   9.83056   1.04528
  124  -0.50372   9.93250   1.04528
  125  -2.49280   9.62776   1.04528
  126  -4.37983   8.92888   1.04528
  127  -6.08754   7.86445   1.04528
  128  -7.54603   6.47805   1.04528
  129  -8.69558   4.82644   1.04528
  130  -9.48914   2.97724   1.04528
  131  -9.89423   1.00614   1.04528
  132  -9.89422  -1.00614   1.04528
  133  -9.48914  -2.97724   1.04528
  134  -8.69558  -4.82644   1.04528
  135  -7.54603  -6.47805   1.04528
  136  -6.08754  -7.86445   1.04528
  137  -4.37982  -8.92888   1.04528
  138  -2.49280  -9.62776   1.04528
  139  -0.50372  -9.93249   1.04528
  140   1.50598  -9.83056   1.04528
  141   3.45403  -9.32617   1.04528
  142   5.26067  -8.43997   1.04528
  143   6.85193  -7.20824   1.04528
  144   8.16268  -5.68140   1.04528
  145   9.13925  -3.92196   1.04528
  146   9.74166  -2.00196   1.04528
  147   9.94527   0.00000   1.04528
  148   9.74166   2.00196  -1.04528
  149   9.13925   3.92196  -1.04528
  150   8.16269   5.68140  -1.04528
  151   6.85194   7.20824  -1.04528
  152   5.26067   8.43997  -1.04528
  153   3.45403   9.32617  -1.04528
  154   1.50598   9.83056  -1.04528
  155  -0.50372   9.93250  -1.04528
  156  -2.49280   9.62776  -1.04528
  157  -4.37983   8.92888  -1.04528
  158  -6.08754   7.86445  -1.04528
  159  -7.54603   6.47805  -1.04528
  160  -8.69558   4.82644  -1.04528
  161  -9.48914   2.97724  -1.04528
  162  -9.89423   1.00614  -1.04528
  163  -9.89423  -1.00614  -1.04528
  164  -9.48914  -2.97724  -1.04528
  165  -8.69559  -4.82644  -1.04528
  166  -7.54603  -6.47805  -1.04528
  167  -6.08754  -7.86445  -1.04528
  168  -4.37982  -8.92888  -1.04528
  169  -2.49280  -9.62776  -1.04528
  170  -0.50372  -9.93250  -1.04528
  171   1.50598  -9.83056  -1.04528
  172   3.45403  -9.32617  -1.04528
  173   5.26067  -8.43997  -1.04528
  174   6.85193  -7.20824  -1.04528
  175   8.16268  -5.68140  -1.04528
  176   9.13926  -3.92196  -1.04528
  177   9.74166  -2.00196  -1.04528
  178   9.94527   0.00000  -1.04528
  179   9.28822   2.04449  -3.09018
  180   8.63156   3.99338  -3.09018
  181   7.57130   5.75555  -3.09018
  182   6.15701   7.24859  -3.09018
  183   4.45483   8.40270  -3.09018
  184   2.54434   9.16391  -3.09018
  185   0.51489   9.49664  -3.09018
  186  -1.53864   9.38529  -3.09018
  187  -3.52022   8.83510  -3.09018
  188  -5.33721   7.87179  -3.09018
  189  -6.90463   6.54041  -3.09018
  190  -8.14920   4.90321  -3.09018
  191  -9.01272   3.03674  -3.09018
  192  -9.45483   1.02827  -3.09018
  193  -9.45483  -1.02827  -3.09018
  194  -9.01272  -3.03673  -3.09018
  195  -8.14920  -4.90321  -3.09018
  196  -6.90463  -6.54041  -3.09018
  197  -5.33721  -7.87179  -3.09018
  198  -3.52023  -8.83510  -3.09018
  199  -1.53864  -9.38529  -3.09018
  200   0.51488  -9.49664  -3.09018
  201   2.54435  -9.16391  -3.09018
  202   4.45483  -8.40270  -3.09018
  203   6.15701  -7.24860  -3.09018
  204   7.57129  -5.75556  -3.09018
  205   8.63156  -3.99338  -3.09018
  206   9.28822  -2.04449  -3.09018
  207   9.51060   0.00000  -3.09018
  208   8.42682   1.99719  -5.00000
  209   7.73909   3.88671  -5.00000
  210   6.63414   5.56671  -5.00000
  211   5.17155   6.94659  -5.00000
  212   3.43015   7.95199  -5.00000
  213   1.50384   8.52869  -5.00000
  214  -0.50355   8.64562  -5.00000
  215  -2.48379   8.29644  -5.00000
  216  -4.33013   7.50000  -5.00000
  217  -5.94303   6.29924  -5.00000
  218  -7.23554   4.75889  -5.00000
  219  -8.13798   2.96198  -5.00000
  220  -8.60171   1.00539  -5.00000
  221  -8.60171  -1.00540  -5.00000
  222  -8.13798  -2.96198  -5.00000
  223  -7.23553  -4.75889  -5.00000
  224  -5.94303  -6.29924  -5.00000
  225  -4.33013  -7.50000  -5.00000
  226  -2.48379  -8.29644  -5.00000
  227  -0.50355  -8.64562  -5.00000
  228   1.50383  -8.52869  -5.00000
  229   3.43015  -7.95199  -5.00000
  230   5.17155  -6.94659  -5.00000
  231   6.63414  -5.56670  -5.00000
  232   7.73909  -3.88671  -5.00000
  233   8.42682  -1.99719  -5.00000
  234   8.66029   0.00000  -5.00000
  235   7.15587   2.00498  -6.69131
  236   6.34957   3.86126  -6.69131
  237   5.07236   5.43117  -6.69131
  238   3.41895   6.59827  -6.69131
  239   1.51197   7.27602  -6.69131
  240  -0.50714   7.41414  -6.69131
  241  -2.48864   7.00237  -6.69131
  242  -4.28557   6.07127  -6.69131
  243  -5.76466   4.68990  -6.69131
  244  -6.81621   2.96070  -6.69131
  245  -7.36224   1.01192  -6.69131
  246  -7.36224  -1.01192  -6.69131
  247  -6.81621  -2.96070  -6.69131
  248  -5.76466  -4.68990  -6.69131
  249  -4.28557  -6.07127  -6.69131
  250  -2.48864  -7.00237  -6.69131
  251  -0.50714  -7.41414  -6.69131
  252   1.51198  -7.27602  -6.69131
  253   3.41895  -6.59827  -6.69131
  254   5.07236  -5.43117  -6.69131
  255   6.34958  -3.86126  -6.69131
  256   7.15587  -2.00498  -6.69131
  257   7.43148   0.00000  -6.69131
  258   5.52338   2.01034  -8.09017
  259   4.50270   3.77821  -8.09017
  260   2.93893   5.09037  -8.09017
  261   1.02068   5.78856  -8.09017
  262  -1.02068   5.78856  -8.09017
  263  -2.93893   5.09037  -8.09017
  264  -4.50270   3.77821  -8.09017
  265  -5.52338   2.01034  -8.09017
  266  -5.87787   0.00000  -8.09017
  267  -5.52338  -2.01034  -8.09017
  268  -4.50270  -3.77821  -8.09017
  269  -2.93893  -5.09037  -8.09017
  270  -1.02068  -5.78856  -8.09017
  271   1.02067  -5.78856  -8.09017
  272   2.93892  -5.09037  -8.09017
  273   4.50269  -3.77821  -8.09017
  274   5.52338  -2.01034  -8.09017
  275   5.87787   0.00000  -8.09017
  276   3.52244   2.03368  -9.13545
  277   2.03368   3.52244  -9.13545
  278  -0.00000   4.06738  -9.13545
  279  -2.03368   3.52244  -9.13545
  280  -3.52244   2.03368  -9.13545
  281  -4.06738  -0.00000  -9.13545
  282  -3.52244  -2.03368  -9.13545
  283  -2.03368  -3.52244  -9.13545
  284   0.00000  -4.06738  -9.13545
  285   2.03368  -3.52244  -9.13545
  286   3.52244  -2.03368  -9.13545
  287   4.06738   0.00001  -9.13545
  288   1.03956   1.80057  -9.78148
  289  -1.03956   1.80057  -9.78148
  290  -2.07913  -0.00000  -9.78148
  291  -1.03956  -1.80057  -9.78148
  292   1.03956  -1.80057  -9.78148
  293   2.07913   0.00000  -9.78148
  294   0.00000   0.00000 -10.00002
    1  14.14215  14.14215   5.00000
    2  15.22686  16.02092   4.50484
    3  13.05744  16.02092   4.50484
    4  11.97273  14.14214   4.50484
    5  13.05744  12.26338   4.50484
    6  15.22686  12.26338   4.50484
    7  16.31157  14.14216   4.50484
    8  17.52758  16.09673   3.11745
    9  16.09673  17.52758   3.11745
   10  14.14214  18.05132   3.11745
   11  12.18757  17.52758   3.11745
   12  10.75672  16.09673   3.11745
   13  10.23298  14.14214   3.11745
   14  10.75672  12.18757   3.11745
   15  12.18757  10.75672   3.11745
   16  14.14215  10.23298   3.11745
   17  16.09673  10.75672   3.11745
   18  17.52758  12.18757   3.11745
   19  18.05132  14.14216   3.11745
   20  18.59536  16.12485   1.11260
   21  17.40392  17.76471   1.11260
   22  15.64850  18.77821   1.11260
   23  13.63261  18.99009   1.11260
   24  11.70483  18.36372   1.11260
   25  10.19848  17.00739   1.11260
   26   9.37401  15.15564   1.11260
   27   9.37401  13.12866   1.11260
   28  10.19848  11.27691   1.11260
   29  11.70483   9.92057   1.11260
   30  13.63261   9.29419   1.11260
   31  15.64850   9.50607   1.11260
   32  17.40392  10.51958   1.11260
   33  18.59536  12.15945   1.11260
   34  19.01681  14.14215   1.11260
   35  18.59536  16.12485  -1.11261
   36  17.40392  17.76471  -1.11261
   37  15.64850  18.77821  -1.11261
   38  13.63261  18.99009  -1.11261
   39  11.70483  18.36372  -1.11261
   40  10.19848  17.00739  -1.11261
   41   9.37401  15.15564  -1.11261
   42   9.37401  13.12866  -1.11261
   43  10.19848  11.27691  -1.11261
   44  11.70483   9.92057  -1.11261
   45  13.63261   9.29419  -1.11261
   46  15.64850   9.50607  -1.11261
   47  17.40392  10.51958  -1.11261
   48  18.59536  12.15945  -1.11261
   49  19.01681  14.14215  -1.11261
   50  17.52758  16.09673  -3.11745
   51  16.09673  17.52758  -3.11745
   52  14.14214  18.05132  -3.11745
   53  12.18757  17.52758  -3.11745
   54  10.75672  16.09673  -3.11745
   55  10.23298  14.14214  -3.11745
   56  10.75672  12.18757  -3.11745
   57  12.18757  10.75672  -3.11745
   58  14.14215  10.23298  -3.11745
   59  16.09672  10.75672  -3.11745
   60  17.52758  12.18757  -3.11745
   61  18.05132  14.14216  -3.11745
   62  15.22686  16.02092  -4.50484
   63  13.05744  16.02092  -4.50484
   64  11.97273  14.14214  -4.50484
   65  13.05744  12.26338  -4.50484
   66  15.22685  12.26338  -4.50484
   67  16.31157  14.14216  -4.50484
   68  14.14215  14.14215  -5.00000
8  -3.11745
   59  16.09672  10.75672  -3.11745
   60  17.52758  12.18757  -3.11745
   61  18.05132  14.14216  -3.11745
   62  15.22686  16.02092  -4.50484
   63  13.05744  16.02092  -4.50484
   64  11.97273  14.14214  -4.50484
   65  13.05744  12.26338  -4.50484
   66  15.22685  12.26338  -4.50484
   67  16.31157  14.14216  -4.50484
   68  14.14215  14.1