 UNEQUAL SIZE BEADS  (RASP. 45) - 10:5    D=20
   340  1.00000
    1   0.00000   0.00000   9.60000
    2   0.61678   1.89826   9.39022
    3  -1.61476   1.17319   9.39022
    4  -1.61476  -1.17319   9.39022
    5   0.61678  -1.89826   9.39022
    6   1.99596   0.00000   9.39022
    7   3.38154   1.95234   8.77004
    8   1.95234   3.38154   8.77004
    9  -0.00000   3.90468   8.77004
   10  -1.95234   3.38154   8.77004
   11  -3.38155   1.95234   8.77004
   12  -3.90468  -0.00000   8.77004
   13  -3.38154  -1.95234   8.77004
   14  -1.95234  -3.38155   8.77004
   15   0.00000  -3.90468   8.77004
   16   1.95233  -3.38154   8.77004
   17   3.38155  -1.95234   8.77004
   18   3.90469   0.00001   8.77004
   19   5.26170   2.03839   7.76656
   20   4.17003   3.80149   7.76656
   21   2.51518   5.05117   7.76656
   22   0.52065   5.61868   7.76656
   23  -1.54421   5.42733   7.76656
   24  -3.40051   4.50300   7.76656
   25  -4.79755   2.97052   7.76656
   26  -5.54666   1.03685   7.76656
   27  -5.54666  -1.03685   7.76656
   28  -4.79755  -2.97052   7.76656
   29  -3.40051  -4.50300   7.76656
   30  -1.54421  -5.42733   7.76656
   31   0.52065  -5.61868   7.76656
   32   2.51519  -5.05117   7.76656
   33   4.17003  -3.80149   7.76656
   34   5.26170  -2.03839   7.76656
   35   5.64276   0.00000   7.76656
   36   6.84521   2.00993   6.42365
   37   6.00166   3.85703   6.42365
   38   4.67190   5.39166   6.42365
   39   2.96365   6.48949   6.42365
   40   1.01530   7.06158   6.42365
   41  -1.01530   7.06158   6.42365
   42  -2.96365   6.48949   6.42365
   43  -4.67190   5.39166   6.42365
   44  -6.00166   3.85704   6.42365
   45  -6.84521   2.00994   6.42365
   46  -7.13422   0.00000   6.42365
   47  -6.84521  -2.00993   6.42365
   48  -6.00166  -3.85703   6.42365
   49  -4.67190  -5.39166   6.42365
   50  -2.96366  -6.48949   6.42365
   51  -1.01531  -7.06158   6.42365
   52   1.01530  -7.06158   6.42365
   53   2.96365  -6.48949   6.42365
   54   4.67190  -5.39166   6.42365
   55   6.00166  -3.85704   6.42365
   56   6.84521  -2.00994   6.42365
   57   7.13422  -0.00001   6.42365
   58   8.07226   1.98963   4.80000
   59   7.36154   3.86363   4.80000
   60   6.22300   5.51310   4.80000
   61   4.72280   6.84216   4.80000
   62   2.94813   7.77358   4.80000
   63   1.00212   8.25324   4.80000
   64  -1.00212   8.25324   4.80000
   65  -2.94813   7.77358   4.80000
   66  -4.72280   6.84216   4.80000
   67  -6.22300   5.51310   4.80000
   68  -7.36154   3.86364   4.80000
   69  -8.07226   1.98963   4.80000
   70  -8.31387   0.00000   4.80000
   71  -8.07226  -1.98963   4.80000
   72  -7.36154  -3.86363   4.80000
   73  -6.22300  -5.51310   4.80000
   74  -4.72280  -6.84216   4.80000
   75  -2.94813  -7.77358   4.80000
   76  -1.00212  -8.25324   4.80000
   77   1.00213  -8.25324   4.80000
   78   2.94813  -7.77358   4.80000
   79   4.72280  -6.84216   4.80000
   80   6.22299  -5.51310   4.80000
   81   7.36154  -3.86364   4.80000
   82   8.07226  -1.98963   4.80000
   83   8.31387   0.00000   4.80000
   84   8.90124   2.03165   2.96656
   85   8.22598   3.96142   2.96656
   86   7.13824   5.69255   2.96656
   87   5.69255   7.13824   2.96656
   88   3.96142   8.22598   2.96656
   89   2.03164   8.90124   2.96656
   90   0.00000   9.13018   2.96656
   91  -2.03165   8.90124   2.96656
   92  -3.96143   8.22598   2.96656
   93  -5.69256   7.13824   2.96656
   94  -7.13823   5.69255   2.96656
   95  -8.22598   3.96142   2.96656
   96  -8.90124   2.03164   2.96656
   97  -9.13018   0.00000   2.96656
   98  -8.90124  -2.03165   2.96656
   99  -8.22598  -3.96143   2.96656
  100  -7.13823  -5.69256   2.96656
  101  -5.69256  -7.13823   2.96656
  102  -3.96142  -8.22598   2.96656
  103  -2.03165  -8.90124   2.96656
  104   0.00000  -9.13018   2.96656
  105   2.03165  -8.90124   2.96656
  106   3.96142  -8.22598   2.96656
  107   5.69256  -7.13823   2.96656
  108   7.13824  -5.69255   2.96656
  109   8.22598  -3.96142   2.96656
  110   8.90124  -2.03165   2.96656
  111   9.13018   0.00000   2.96656
  112   9.32422   2.05241   1.00347
  113   8.66501   4.00886   1.00347
  114   7.60064   5.77785   1.00347
  115   6.18087   7.27668   1.00347
  116   4.47209   8.43526   1.00347
  117   2.55420   9.19942   1.00347
  118   0.51689   9.53344   1.00347
  119  -1.54460   9.42166   1.00347
  120  -3.53386   8.86934   1.00347
  121  -5.35789   7.90230   1.00347
  122  -6.93139   6.56576   1.00347
  123  -8.18078   4.92221   1.00347
  124  -9.04765   3.04851   1.00347
  125  -9.49147   1.03226   1.00347
  126  -9.49147  -1.03226   1.00347
  127  -9.04765  -3.04850   1.00347
  128  -8.18078  -4.92221   1.00347
  129  -6.93139  -6.56575   1.00347
  130  -5.35789  -7.90230   1.00347
  131  -3.53387  -8.86934   1.00347
  132  -1.54460  -9.42166   1.00347
  133   0.51688  -9.53344   1.00347
  134   2.55421  -9.19943   1.00347
  135   4.47209  -8.43526   1.00347
  136   6.18087  -7.27669   1.00347
  137   7.60063  -5.77786   1.00347
  138   8.66501  -4.00886   1.00347
  139   9.32422  -2.05241   1.00347
  140   9.54746   0.00000   1.00347
  141   9.32422   2.05241  -1.00347
  142   8.66501   4.00886  -1.00347
  143   7.60064   5.77786  -1.00347
  144   6.18087   7.27669  -1.00347
  145   4.47209   8.43527  -1.00347
  146   2.55421   9.19943  -1.00347
  147   0.51689   9.53345  -1.00347
  148  -1.54461   9.42166  -1.00347
  149  -3.53386   8.86934  -1.00347
  150  -5.35789   7.90230  -1.00347
  151  -6.93139   6.56576  -1.00347
  152  -8.18078   4.92221  -1.00347
  153  -9.04765   3.04851  -1.00347
  154  -9.49147   1.03226  -1.00347
  155  -9.49147  -1.03226  -1.00347
  156  -9.04765  -3.04850  -1.00347
  157  -8.18078  -4.92221  -1.00347
  158  -6.93139  -6.56576  -1.00347
  159  -5.35789  -7.90230  -1.00347
  160  -3.53387  -8.86934  -1.00347
  161  -1.54461  -9.42166  -1.00347
  162   0.51688  -9.53345  -1.00347
  163   2.55421  -9.19943  -1.00347
  164   4.47209  -8.43527  -1.00347
  165   6.18087  -7.27669  -1.00347
  166   7.60063  -5.77786  -1.00347
  167   8.66501  -4.00886  -1.00347
  168   9.32422  -2.05241  -1.00347
  169   9.54746   0.00000  -1.00347
  170   8.90124   2.03165  -2.96657
  171   8.22598   3.96142  -2.96657
  172   7.13824   5.69255  -2.96657
  173   5.69255   7.13824  -2.96657
  174   3.96142   8.22598  -2.96657
  175   2.03164   8.90124  -2.96657
  176   0.00000   9.13018  -2.96657
  177  -2.03165   8.90124  -2.96657
  178  -3.96143   8.22598  -2.96657
  179  -5.69256   7.13824  -2.96657
  180  -7.13823   5.69255  -2.96657
  181  -8.22598   3.96142  -2.96657
  182  -8.90124   2.03164  -2.96657
  183  -9.13018   0.00000  -2.96657
  184  -8.90124  -2.03165  -2.96657
  185  -8.22598  -3.96143  -2.96657
  186  -7.13823  -5.69256  -2.96657
  187  -5.69256  -7.13823  -2.96657
  188  -3.96142  -8.22598  -2.96657
  189  -2.03165  -8.90124  -2.96657
  190   0.00000  -9.13018  -2.96657
  191   2.03165  -8.90124  -2.96657
  192   3.96142  -8.22598  -2.96657
  193   5.69256  -7.13823  -2.96657
  194   7.13824  -5.69255  -2.96657
  195   8.22598  -3.96142  -2.96657
  196   8.90124  -2.03165  -2.96657
  197   9.13018   0.00000  -2.96657
  198   8.07227   1.98963  -4.80000
  199   7.36155   3.86364  -4.80000
  200   6.22300   5.51310  -4.80000
  201   4.72280   6.84216  -4.80000
  202   2.94813   7.77358  -4.80000
  203   1.00212   8.25324  -4.80000
  204  -1.00212   8.25324  -4.80000
  205  -2.94813   7.77358  -4.80000
  206  -4.72280   6.84216  -4.80000
  207  -6.22300   5.51310  -4.80000
  208  -7.36155   3.86364  -4.80000
  209  -8.07227   1.98963  -4.80000
  210  -8.31387   0.00000  -4.80000
  211  -8.07226  -1.98963  -4.80000
  212  -7.36155  -3.86363  -4.80000
  213  -6.22300  -5.51310  -4.80000
  214  -4.72280  -6.84216  -4.80000
  215  -2.94813  -7.77358  -4.80000
  216  -1.00212  -8.25324  -4.80000
  217   1.00213  -8.25324  -4.80000
  218   2.94813  -7.77358  -4.80000
  219   4.72280  -6.84216  -4.80000
  220   6.22300  -5.51310  -4.80000
  221   7.36154  -3.86364  -4.80000
  222   8.07227  -1.98963  -4.80000
  223   8.31388   0.00000  -4.80000
  224   6.84521   2.00993  -6.42365
  225   6.00166   3.85703  -6.42365
  226   4.67190   5.39166  -6.42365
  227   2.96365   6.48949  -6.42365
  228   1.01530   7.06158  -6.42365
  229  -1.01530   7.06158  -6.42365
  230  -2.96365   6.48949  -6.42365
  231  -4.67190   5.39166  -6.42365
  232  -6.00166   3.85704  -6.42365
  233  -6.84521   2.00994  -6.42365
  234  -7.13422   0.00000  -6.42365
  235  -6.84521  -2.00993  -6.42365
  236  -6.00166  -3.85703  -6.42365
  237  -4.67190  -5.39166  -6.42365
  238  -2.96366  -6.48949  -6.42365
  239  -1.01531  -7.06158  -6.42365
  240   1.01530  -7.06158  -6.42365
  241   2.96365  -6.48949  -6.42365
  242   4.67190  -5.39166  -6.42365
  243   6.00166  -3.85704  -6.42365
  244   6.84521  -2.00994  -6.42365
  245   7.13422  -0.00001  -6.42365
  246   5.26170   2.03839  -7.76656
  247   4.17003   3.80149  -7.76656
  248   2.51519   5.05117  -7.76656
  249   0.52065   5.61868  -7.76656
  250  -1.54421   5.42733  -7.76656
  251  -3.40051   4.50300  -7.76656
  252  -4.79755   2.97052  -7.76656
  253  -5.54666   1.03685  -7.76656
  254  -5.54667  -1.03685  -7.76656
  255  -4.79755  -2.97052  -7.76656
  256  -3.40051  -4.50300  -7.76656
  257  -1.54421  -5.42733  -7.76656
  258   0.52065  -5.61868  -7.76656
  259   2.51519  -5.05117  -7.76656
  260   4.17003  -3.80149  -7.76656
  261   5.26170  -2.03839  -7.76656
  262   5.64276   0.00000  -7.76656
  263   3.38154   1.95234  -8.77004
  264   1.95234   3.38155  -8.77004
  265  -0.00000   3.90468  -8.77004
  266  -1.95234   3.38154  -8.77004
  267  -3.38155   1.95234  -8.77004
  268  -3.90468  -0.00000  -8.77004
  269  -3.38154  -1.95234  -8.77004
  270  -1.95234  -3.38155  -8.77004
  271   0.00000  -3.90468  -8.77004
  272   1.95233  -3.38154  -8.77004
  273   3.38155  -1.95234  -8.77004
  274   3.90469   0.00001  -8.77004
  275   0.61678   1.89827  -9.39022
  276  -1.61476   1.17319  -9.39022
  277  -1.61476  -1.17319  -9.39022
  278   0.61678  -1.89827  -9.39022
  279   1.99596   0.00000  -9.39022
  280   0.00000   0.00000  -9.60000
    1  14.14215  14.14215   4.60000
    2  14.75890  16.04033   4.14446
    3  12.52746  15.31529   4.14446
    4  12.52746  12.96901   4.14446
    5  14.75890  12.24397   4.14446
    6  16.13802  14.14216   4.14446
    7  17.16765  16.08653   2.86805
    8  15.63616  17.41357   2.86805
    9  13.63033  17.70197   2.86805
   10  11.78699  16.86015   2.86805
   11  10.69141  15.15538   2.86805
   12  10.69141  13.12892   2.86805
   13  11.78699  11.42416   2.86805
   14  13.63032  10.58233   2.86805
   15  15.63616  10.87073   2.86805
   16  17.16765  12.19778   2.86805
   17  17.73859  14.14214   2.86805
   18  18.11313  16.22628   1.02359
   19  16.68973  17.83296   1.02359
   20  14.68272  18.59413   1.02359
   21  12.55186  18.33539   1.02359
   22  10.78532  17.11603   1.02359
   23   9.78778  15.21540   1.02359
   24   9.78778  13.06890   1.02359
   25  10.78532  11.16827   1.02359
   26  12.55186   9.94889   1.02359
   27  14.68272   9.69015   1.02359
   28  16.68973  10.45134   1.02359
   29  18.11313  12.05802   1.02359
   30  18.62683  14.14215   1.02359
   31  18.11313  16.22628  -1.02360
   32  16.68973  17.83296  -1.02360
   33  14.68272  18.59413  -1.02360
   34  12.55186  18.33539  -1.02360
   35  10.78532  17.11603  -1.02360
   36   9.78778  15.21540  -1.02360
   37   9.78778  13.06890  -1.02360
   38  10.78532  11.16827  -1.02360
   39  12.55186   9.94889  -1.02360
   40  14.68272   9.69015  -1.02360
   41  16.68973  10.45134  -1.02360
   42  18.11313  12.05802  -1.02360
   43  18.62683  14.14215  -1.02360
   44  17.16765  16.08653  -2.86805
   45  15.63616  17.41357  -2.86805
   46  13.63033  17.70197  -2.86805
   47  11.78699  16.86015  -2.86805
   48  10.69141  15.15538  -2.86805
   49  10.69141  13.12892  -2.86805
   50  11.78699  11.42416  -2.86805
   51  13.63032  10.58233  -2.86805
   52  15.63616  10.87073  -2.86805
   53  17.16765  12.19778  -2.86805
   54  17.73859  14.14214  -2.86805
   55  14.75890  16.04033  -4.14446
   56  12.52746  15.31529  -4.14446
   57  12.52746  12.96901  -4.14446
   58  14.75890  12.24397  -4.14446
   59  16.13802  14.14216  -4.14446
   60  14.14215  14.14215  -4.60000
6  -2.86805
   51  13.630