 UNEQUAL SIZE BEADS  (REG 45) - 10:5   D=20
   232  1.25000
    1   0.00000   0.00000  10.00002
    2   1.29409   2.24144   9.65926
    3  -1.29410   2.24144   9.65926
    4  -2.58820  -0.00000   9.65926
    5  -1.29409  -2.24144   9.65926
    6   1.29409  -2.24144   9.65926
    7   2.58820   0.00000   9.65926
    8   4.33013   2.50000   8.66025
    9   2.50000   4.33013   8.66025
   10  -0.00000   5.00002   8.66025
   11  -2.50000   4.33013   8.66025
   12  -4.33013   2.50000   8.66025
   13  -5.00002  -0.00000   8.66025
   14  -4.33013  -2.50000   8.66025
   15  -2.50000  -4.33013   8.66025
   16   0.00000  -5.00002   8.66025
   17   2.50000  -4.33013   8.66025
   18   4.33013  -2.50000   8.66025
   19   5.00002   0.00001   8.66025
   20   6.59358   2.55436   7.07107
   21   5.22558   4.76375   7.07107
   22   3.15185   6.32976   7.07107
   23   0.65243   7.04092   7.07107
   24  -1.93509   6.80114   7.07107
   25  -4.26127   5.64283   7.07107
   26  -6.01194   3.72244   7.07107
   27  -6.95068   1.29931   7.07107
   28  -6.95068  -1.29931   7.07107
   29  -6.01194  -3.72244   7.07107
   30  -4.26127  -5.64283   7.07107
   31  -1.93509  -6.80114   7.07107
   32   0.65244  -7.04092   7.07107
   33   3.15185  -6.32976   7.07107
   34   5.22558  -4.76375   7.07107
   35   6.59358  -2.55437   7.07107
   36   7.07109   0.00000   7.07107
   37   8.27551   2.55266   5.00000
   38   7.15544   4.87850   5.00000
   39   5.39958   6.77086   5.00000
   40   3.16395   8.06161   5.00000
   41   0.64718   8.63606   5.00000
   42  -1.92709   8.44313   5.00000
   43  -4.33013   7.50000   5.00000
   44  -6.34841   5.89047   5.00000
   45  -7.80262   3.75755   5.00000
   46  -8.56353   1.29074   5.00000
   47  -8.56354  -1.29075   5.00000
   48  -7.80262  -3.75755   5.00000
   49  -6.34841  -5.89047   5.00000
   50  -4.33013  -7.50000   5.00000
   51  -1.92709  -8.44313   5.00000
   52   0.64718  -8.63606   5.00000
   53   3.16395  -8.06161   5.00000
   54   5.39957  -6.77086   5.00000
   55   7.15544  -4.87849   5.00000
   56   8.27551  -2.55265   5.00000
   57   8.66029   0.00000   5.00000
   58   9.33014   2.50000   2.58819
   59   8.36517   4.82963   2.58819
   60   6.83013   6.83013   2.58819
   61   4.82963   8.36517   2.58819
   62   2.50000   9.33014   2.58819
   63  -0.00001   9.65930   2.58819
   64  -2.50001   9.33014   2.58819
   65  -4.82963   8.36517   2.58819
   66  -6.83013   6.83013   2.58819
   67  -8.36517   4.82963   2.58819
   68  -9.33014   2.50000   2.58819
   69  -9.65930  -0.00001   2.58819
   70  -9.33014  -2.50001   2.58819
   71  -8.36517  -4.82963   2.58819
   72  -6.83013  -6.83013   2.58819
   73  -4.82963  -8.36517   2.58819
   74  -2.50000  -9.33014   2.58819
   75   0.00000  -9.65930   2.58819
   76   2.50001  -9.33014   2.58819
   77   4.82963  -8.36517   2.58819
   78   6.83013  -6.83013   2.58819
   79   8.36517  -4.82963   2.58819
   80   9.33014  -2.50000   2.58819
   81   9.65930   0.00001   2.58819
   82   9.68587   2.48691  -0.00001
   83   8.76310   4.81755  -0.00001
   84   7.28971   6.84549  -0.00001
   85   5.35828   8.44331  -0.00001
   86   3.09018   9.51060  -0.00001
   87   0.62791   9.98032  -0.00001
   88  -1.87382   9.82291  -0.00001
   89  -4.25781   9.04830  -0.00001
   90  -6.37426   7.70516  -0.00001
   91  -8.09020   5.87787  -0.00001
   92  -9.29780   3.68126  -0.00001
   93  -9.92119   1.25334  -0.00001
   94  -9.92119  -1.25334  -0.00001
   95  -9.29780  -3.68126  -0.00001
   96  -8.09020  -5.87787  -0.00001
   97  -6.37426  -7.70516  -0.00001
   98  -4.25781  -9.04830  -0.00001
   99  -1.87382  -9.82291  -0.00001
  100   0.62791  -9.98032  -0.00001
  101   3.09018  -9.51060  -0.00001
  102   5.35828  -8.44331  -0.00001
  103   7.28971  -6.84550  -0.00001
  104   8.76309  -4.81756  -0.00001
  105   9.68587  -2.48691  -0.00001
  106  10.00009   0.00000  -0.00001
  107   9.33013   2.50000  -2.58819
  108   8.36516   4.82963  -2.58819
  109   6.83013   6.83013  -2.58819
  110   4.82963   8.36517  -2.58819
  111   2.50000   9.33014  -2.58819
  112  -0.00001   9.65929  -2.58819
  113  -2.50000   9.33013  -2.58819
  114  -4.82963   8.36516  -2.58819
  115  -6.83013   6.83013  -2.58819
  116  -8.36517   4.82963  -2.58819
  117  -9.33013   2.50000  -2.58819
  118  -9.65929  -0.00001  -2.58819
  119  -9.33013  -2.50000  -2.58819
  120  -8.36516  -4.82963  -2.58819
  121  -6.83012  -6.83013  -2.58819
  122  -4.82963  -8.36517  -2.58819
  123  -2.50000  -9.33014  -2.58819
  124   0.00000  -9.65929  -2.58819
  125   2.50001  -9.33013  -2.58819
  126   4.82963  -8.36516  -2.58819
  127   6.83013  -6.83012  -2.58819
  128   8.36517  -4.82963  -2.58819
  129   9.33014  -2.50000  -2.58819
  130   9.65930   0.00001  -2.58819
  131   8.27550   2.55265  -5.00000
  132   7.15544   4.87849  -5.00000
  133   5.39958   6.77086  -5.00000
  134   3.16394   8.06160  -5.00000
  135   0.64718   8.63605  -5.00000
  136  -1.92709   8.44313  -5.00000
  137  -4.33013   7.50000  -5.00000
  138  -6.34841   5.89047  -5.00000
  139  -7.80262   3.75754  -5.00000
  140  -8.56353   1.29074  -5.00000
  141  -8.56353  -1.29075  -5.00000
  142  -7.80262  -3.75755  -5.00000
  143  -6.34841  -5.89047  -5.00000
  144  -4.33012  -7.50000  -5.00000
  145  -1.92709  -8.44313  -5.00000
  146   0.64718  -8.63605  -5.00000
  147   3.16395  -8.06160  -5.00000
  148   5.39957  -6.77086  -5.00000
  149   7.15544  -4.87849  -5.00000
  150   8.27550  -2.55265  -5.00000
  151   8.66028   0.00000  -5.00000
  152   6.59357   2.55436  -7.07107
  153   5.22558   4.76374  -7.07107
  154   3.15185   6.32976  -7.07107
  155   0.65243   7.04091  -7.07107
  156  -1.93509   6.80114  -7.07107
  157  -4.26127   5.64283  -7.07107
  158  -6.01194   3.72244  -7.07107
  159  -6.95067   1.29931  -7.07107
  160  -6.95067  -1.29931  -7.07107
  161  -6.01194  -3.72244  -7.07107
  162  -4.26127  -5.64283  -7.07107
  163  -1.93509  -6.80114  -7.07107
  164   0.65244  -7.04091  -7.07107
  165   3.15185  -6.32976  -7.07107
  166   5.22558  -4.76375  -7.07107
  167   6.59357  -2.55436  -7.07107
  168   7.07109   0.00000  -7.07107
  169   4.33012   2.50000  -8.66026
  170   2.50000   4.33013  -8.66026
  171  -0.00000   5.00002  -8.66026
  172  -2.50000   4.33012  -8.66026
  173  -4.33013   2.50000  -8.66026
  174  -5.00002  -0.00000  -8.66026
  175  -4.33012  -2.50000  -8.66026
  176  -2.50000  -4.33013  -8.66026
  177   0.00000  -5.00002  -8.66026
  178   2.50000  -4.33012  -8.66026
  179   4.33013  -2.50000  -8.66026
  180   5.00002   0.00001  -8.66026
  181   1.29409   2.24144  -9.65926
  182  -1.29410   2.24144  -9.65926
  183  -2.58820  -0.00000  -9.65926
  184  -1.29409  -2.24144  -9.65926
  185   1.29409  -2.24144  -9.65926
  186   2.58820   0.00000  -9.65926
  187   0.00000   0.00000 -10.00002
    1  14.14215  14.14215   5.00000
    2  15.39215  16.30721   4.33013
    3  12.89215  16.30721   4.33013
    4  11.64214  14.14214   4.33013
    5  12.89215  11.97708   4.33013
    6  15.39215  11.97708   4.33013
    7  16.64216  14.14216   4.33013
    8  17.64529  16.68733   2.50000
    9  15.48023  18.26035   2.50000
   10  12.80406  18.26035   2.50000
   11  10.63900  16.68733   2.50000
   12   9.81199  14.14214   2.50000
   13  10.63900  11.59697   2.50000
   14  12.80407  10.02395   2.50000
   15  15.48023  10.02395   2.50000
   16  17.64529  11.59697   2.50000
   17  18.47229  14.14216   2.50000
   18  18.47229  16.64215  -0.00000
   19  16.64215  18.47229  -0.00000
   20  14.14214  19.14218  -0.00000
   21  11.64214  18.47229  -0.00000
   22   9.81199  16.64215  -0.00000
   23   9.14210  14.14214  -0.00000
   24   9.81199  11.64214  -0.00000
   25  11.64214   9.81199  -0.00000
   26  14.14215   9.14210  -0.00000
   27  16.64215   9.81199  -0.00000
   28  18.47229  11.64214  -0.00000
   29  19.14218  14.14216  -0.00000
   30  17.64529  16.68733  -2.50000
   31  15.48023  18.26034  -2.50000
   32  12.80406  18.26034  -2.50000
   33  10.63900  16.68733  -2.50000
   34   9.81199  14.14214  -2.50000
   35  10.63901  11.59697  -2.50000
   36  12.80407  10.02395  -2.50000
   37  15.48023  10.02395  -2.50000
   38  17.64529  11.59697  -2.50000
   39  18.47229  14.14216  -2.50000
   40  14.91469  16.51979  -4.33013
   41  12.11960  15.61161  -4.33013
   42  12.11961  12.67269  -4.33013
   43  14.91469  11.76451  -4.33013
   44  16.64215  14.14216  -4.33013
   45  14.14215  14.14215  -5.00000
7  -2.50000
   36  12.80407  10.02395  -2.50000
   37  15.48023  10.02395  -2.50000
   38  17.64529  11.59697  -2.50000
   39  18.47229  14.14216  -2.50000
   40  14.91469  16.5197