 UNEQUAL SIZE BEADS (REG 45) - 10:5  D= 20
   158  1.50000
    1   0.00000   0.00000  10.00002
    2   1.54508   2.67617   9.51057
    3  -1.54509   2.67616   9.51057
    4  -3.09018  -0.00000   9.51057
    5  -1.54508  -2.67617   9.51057
    6   1.54508  -2.67616   9.51057
    7   3.09018   0.00000   9.51057
    8   5.09037   2.93893   8.09017
    9   2.93893   5.09037   8.09017
   10  -0.00001   5.87787   8.09017
   11  -2.93893   5.09037   8.09017
   12  -5.09037   2.93893   8.09017
   13  -5.87787  -0.00001   8.09017
   14  -5.09037  -2.93893   8.09017
   15  -2.93892  -5.09037   8.09017
   16   0.00000  -5.87787   8.09017
   17   2.93892  -5.09037   8.09017
   18   5.09037  -2.93892   8.09017
   19   5.87787   0.00001   8.09017
   20   7.47434   3.09597   5.87785
   21   5.72061   5.72061   5.87785
   22   3.09597   7.47434   5.87785
   23   0.00000   8.09020   5.87785
   24  -3.09597   7.47434   5.87785
   25  -5.72061   5.72061   5.87785
   26  -7.47434   3.09597   5.87785
   27  -8.09020   0.00000   5.87785
   28  -7.47434  -3.09597   5.87785
   29  -5.72062  -5.72061   5.87785
   30  -3.09597  -7.47434   5.87785
   31   0.00000  -8.09020   5.87785
   32   3.09597  -7.47434   5.87785
   33   5.72061  -5.72062   5.87785
   34   7.47434  -3.09597   5.87785
   35   8.09020   0.00000   5.87785
   36   8.99526   3.08808   3.09017
   37   7.50517   5.84151   3.09017
   38   5.20179   7.96193   3.09017
   39   2.33470   9.21955   3.09017
   40  -0.78538   9.47810   3.09017
   41  -3.82036   8.70952   3.09017
   42  -6.44134   6.99715   3.09017
   43  -8.36429   4.52653   3.09017
   44  -9.38086   1.56538   3.09017
   45  -9.38086  -1.56539   3.09017
   46  -8.36429  -4.52653   3.09017
   47  -6.44133  -6.99715   3.09017
   48  -3.82035  -8.70952   3.09017
   49  -0.78537  -9.47810   3.09017
   50   2.33470  -9.21955   3.09017
   51   5.20178  -7.96193   3.09017
   52   7.50517  -5.84151   3.09017
   53   8.99526  -3.08807   3.09017
   54   9.51060   0.00000   3.09017
   55   9.51060   3.09018  -0.00001
   56   8.09020   5.87787  -0.00001
   57   5.87787   8.09020  -0.00001
   58   3.09018   9.51060  -0.00001
   59  -0.00001  10.00009  -0.00001
   60  -3.09019   9.51060  -0.00001
   61  -5.87787   8.09020  -0.00001
   62  -8.09020   5.87787  -0.00001
   63  -9.51060   3.09018  -0.00001
   64 -10.00009  -0.00001  -0.00001
   65  -9.51060  -3.09019  -0.00001
   66  -8.09019  -5.87787  -0.00001
   67  -5.87787  -8.09020  -0.00001
   68  -3.09018  -9.51060  -0.00001
   69   0.00000 -10.00009  -0.00001
   70   3.09018  -9.51060  -0.00001
   71   5.87788  -8.09019  -0.00001
   72   8.09020  -5.87787  -0.00001
   73   9.51060  -3.09017  -0.00001
   74  10.00009   0.00001  -0.00001
   75   8.99526   3.08808  -3.09018
   76   7.50517   5.84151  -3.09018
   77   5.20179   7.96193  -3.09018
   78   2.33470   9.21955  -3.09018
   79  -0.78538   9.47810  -3.09018
   80  -3.82036   8.70953  -3.09018
   81  -6.44134   6.99715  -3.09018
   82  -8.36429   4.52653  -3.09018
   83  -9.38086   1.56538  -3.09018
   84  -9.38086  -1.56539  -3.09018
   85  -8.36429  -4.52653  -3.09018
   86  -6.44133  -6.99715  -3.09018
   87  -3.82035  -8.70953  -3.09018
   88  -0.78537  -9.47810  -3.09018
   89   2.33470  -9.21955  -3.09018
   90   5.20178  -7.96193  -3.09018
   91   7.50517  -5.84151  -3.09018
   92   8.99526  -3.08807  -3.09018
   93   9.51060   0.00000  -3.09018
   94   7.47434   3.09597  -5.87785
   95   5.72061   5.72061  -5.87785
   96   3.09597   7.47434  -5.87785
   97   0.00000   8.09020  -5.87785
   98  -3.09597   7.47434  -5.87785
   99  -5.72061   5.72061  -5.87785
  100  -7.47434   3.09597  -5.87785
  101  -8.09020   0.00000  -5.87785
  102  -7.47434  -3.09597  -5.87785
  103  -5.72062  -5.72061  -5.87785
  104  -3.09597  -7.47434  -5.87785
  105   0.00000  -8.09020  -5.87785
  106   3.09597  -7.47434  -5.87785
  107   5.72061  -5.72062  -5.87785
  108   7.47434  -3.09597  -5.87785
  109   8.09020   0.00000  -5.87785
  110   5.09037   2.93893  -8.09017
  111   2.93892   5.09037  -8.09017
  112  -0.00001   5.87787  -8.09017
  113  -2.93893   5.09037  -8.09017
  114  -5.09037   2.93892  -8.09017
  115  -5.87787  -0.00001  -8.09017
  116  -5.09037  -2.93893  -8.09017
  117  -2.93892  -5.09037  -8.09017
  118   0.00000  -5.87787  -8.09017
  119   2.93892  -5.09037  -8.09017
  120   5.09037  -2.93892  -8.09017
  121   5.87787   0.00001  -8.09017
  122   1.54508   2.67616  -9.51057
  123  -1.54508   2.67616  -9.51057
  124  -3.09018  -0.00000  -9.51057
  125  -1.54508  -2.67616  -9.51057
  126   1.54508  -2.67616  -9.51057
  127   3.09018   0.00000  -9.51057
  128   0.00000   0.00000 -10.00002
    1  14.14216  14.14216   5.00000
    2  15.05033  16.93724   4.04508
    3  11.76451  15.86961   4.04508
    4  11.76452  12.41469   4.04508
    5  15.05033  11.34707   4.04508
    6  17.08109  14.14216   4.04508
    7  17.78491  17.19879   1.54508
    8  14.96790  18.82520   1.54508
    9  11.76451  18.26035   1.54508
   10   9.67363  15.76855   1.54508
   11   9.67363  12.51575   1.54508
   12  11.76451  10.02396   1.54508
   13  14.96790   9.45909   1.54508
   14  17.78491  11.08552   1.54508
   15  18.89746  14.14216   1.54508
   16  17.78491  17.19879  -1.54509
   17  14.96790  18.82520  -1.54509
   18  11.76451  18.26035  -1.54509
   19   9.67363  15.76856  -1.54509
   20   9.67363  12.51575  -1.54509
   21  11.76451  10.02396  -1.54509
   22  14.96790   9.45909  -1.54509
   23  17.78491  11.08552  -1.54509
   24  18.89746  14.14216  -1.54509
   25  15.05033  16.93724  -4.04508
   26  11.76452  15.86961  -4.04508
   27  11.76452  12.41469  -4.04508
   28  15.05033  11.34707  -4.04508
   29  17.08109  14.14216  -4.04508
   30  14.14216  14.14216  -5.00000
5  -1.54509
   21  11.76451  10.02396  -1.54509
   22  14.96790   9.45909  -1.54509
   23  17.78491  11.08552  -1.54509
   24  18.89746  14.14216  -1.54509
   25  15.05033  16.93724  -4.04508
   26  11.76452  15.86961  -4.04508
 