 UNEQUAL SIZE BEADS  (REG 45) - 10:5   D=20
   190  1.37500
    1   0.00000   0.00000  10.00002
    2   1.40866   2.43987   9.59493
    3  -1.40866   2.43987   9.59493
    4  -2.81733  -0.00000   9.59493
    5  -1.40866  -2.43988   9.59493
    6   1.40866  -2.43987   9.59493
    7   2.81733   0.00000   9.59493
    8   4.68208   2.70320   8.41253
    9   2.70320   4.68209   8.41253
   10  -0.00001   5.40642   8.41253
   11  -2.70321   4.68208   8.41253
   12  -4.68209   2.70320   8.41253
   13  -5.40642  -0.00001   8.41253
   14  -4.68208  -2.70321   8.41253
   15  -2.70320  -4.68209   8.41253
   16   0.00000  -5.40642   8.41253
   17   2.70320  -4.68208   8.41253
   18   4.68209  -2.70320   8.41253
   19   5.40643   0.00001   8.41253
   20   7.04715   2.73008   6.54861
   21   5.58506   5.09145   6.54861
   22   3.36867   6.76519   6.54861
   23   0.69732   7.52527   6.54861
   24  -2.06821   7.26900   6.54861
   25  -4.55441   6.03101   6.54861
   26  -6.42551   3.97851   6.54861
   27  -7.42882   1.38869   6.54861
   28  -7.42882  -1.38869   6.54861
   29  -6.42551  -3.97851   6.54861
   30  -4.55441  -6.03101   6.54861
   31  -2.06821  -7.26900   6.54861
   32   0.69732  -7.52527   6.54861
   33   3.36867  -6.76519   6.54861
   34   5.58505  -5.09145   6.54861
   35   7.04715  -2.73008   6.54861
   36   7.55752   0.00000   6.54861
   37   8.65112   2.81092   4.15415
   38   7.35908   5.34668   4.15415
   39   5.34668   7.35908   4.15415
   40   2.81091   8.65112   4.15415
   41  -0.00001   9.09635   4.15415
   42  -2.81092   8.65112   4.15415
   43  -5.34668   7.35908   4.15415
   44  -7.35908   5.34668   4.15415
   45  -8.65112   2.81091   4.15415
   46  -9.09635  -0.00001   4.15415
   47  -8.65112  -2.81092   4.15415
   48  -7.35907  -5.34668   4.15415
   49  -5.34668  -7.35908   4.15415
   50  -2.81092  -8.65112   4.15415
   51   0.00000  -9.09635   4.15415
   52   2.81091  -8.65112   4.15415
   53   5.34669  -7.35907   4.15415
   54   7.35908  -5.34668   4.15415
   55   8.65112  -2.81091   4.15415
   56   9.09635   0.00001   4.15415
   57   9.49728   2.78865   1.42315
   58   8.32692   5.35138   1.42315
   59   6.48196   7.48058   1.42315
   60   4.11187   9.00374   1.42315
   61   1.40867   9.79749   1.42315
   62  -1.40866   9.79749   1.42315
   63  -4.11187   9.00374   1.42315
   64  -6.48196   7.48058   1.42315
   65  -8.32692   5.35139   1.42315
   66  -9.49728   2.78866   1.42315
   67  -9.89826   0.00000   1.42315
   68  -9.49728  -2.78865   1.42315
   69  -8.32692  -5.35138   1.42315
   70  -6.48196  -7.48058   1.42315
   71  -4.11188  -9.00374   1.42315
   72  -1.40867  -9.79749   1.42315
   73   1.40866  -9.79749   1.42315
   74   4.11187  -9.00375   1.42315
   75   6.48195  -7.48058   1.42315
   76   8.32691  -5.35139   1.42315
   77   9.49728  -2.78866   1.42315
   78   9.89826  -0.00001   1.42315
   79   9.49728   2.78865  -1.42315
   80   8.32692   5.35138  -1.42315
   81   6.48196   7.48058  -1.42315
   82   4.11187   9.00374  -1.42315
   83   1.40867   9.79749  -1.42315
   84  -1.40866   9.79749  -1.42315
   85  -4.11187   9.00374  -1.42315
   86  -6.48196   7.48058  -1.42315
   87  -8.32692   5.35139  -1.42315
   88  -9.49728   2.78866  -1.42315
   89  -9.89826   0.00000  -1.42315
   90  -9.49728  -2.78865  -1.42315
   91  -8.32692  -5.35138  -1.42315
   92  -6.48196  -7.48058  -1.42315
   93  -4.11188  -9.00374  -1.42315
   94  -1.40867  -9.79749  -1.42315
   95   1.40866  -9.79749  -1.42315
   96   4.11187  -9.00375  -1.42315
   97   6.48195  -7.48058  -1.42315
   98   8.32691  -5.35139  -1.42315
   99   9.49728  -2.78866  -1.42315
  100   9.89826  -0.00001  -1.42315
  101   8.65112   2.81092  -4.15415
  102   7.35908   5.34668  -4.15415
  103   5.34668   7.35908  -4.15415
  104   2.81091   8.65112  -4.15415
  105  -0.00001   9.09635  -4.15415
  106  -2.81092   8.65112  -4.15415
  107  -5.34668   7.35908  -4.15415
  108  -7.35908   5.34668  -4.15415
  109  -8.65112   2.81091  -4.15415
  110  -9.09635  -0.00001  -4.15415
  111  -8.65112  -2.81092  -4.15415
  112  -7.35907  -5.34668  -4.15415
  113  -5.34668  -7.35908  -4.15415
  114  -2.81092  -8.65112  -4.15415
  115   0.00000  -9.09635  -4.15415
  116   2.81092  -8.65112  -4.15415
  117   5.34669  -7.35907  -4.15415
  118   7.35908  -5.34668  -4.15415
  119   8.65112  -2.81091  -4.15415
  120   9.09635   0.00001  -4.15415
  121   7.04716   2.73008  -6.54861
  122   5.58506   5.09145  -6.54861
  123   3.36867   6.76519  -6.54861
  124   0.69732   7.52527  -6.54861
  125  -2.06821   7.26900  -6.54861
  126  -4.55441   6.03101  -6.54861
  127  -6.42552   3.97851  -6.54861
  128  -7.42882   1.38869  -6.54861
  129  -7.42882  -1.38869  -6.54861
  130  -6.42551  -3.97851  -6.54861
  131  -4.55441  -6.03101  -6.54861
  132  -2.06821  -7.26900  -6.54861
  133   0.69732  -7.52527  -6.54861
  134   3.36867  -6.76519  -6.54861
  135   5.58505  -5.09145  -6.54861
  136   7.04716  -2.73008  -6.54861
  137   7.55752   0.00000  -6.54861
  138   4.68209   2.70321  -8.41253
  139   2.70321   4.68209  -8.41253
  140  -0.00001   5.40643  -8.41253
  141  -2.70321   4.68209  -8.41253
  142  -4.68209   2.70321  -8.41253
  143  -5.40643  -0.00001  -8.41253
  144  -4.68209  -2.70321  -8.41253
  145  -2.70321  -4.68209  -8.41253
  146   0.00000  -5.40643  -8.41253
  147   2.70320  -4.68209  -8.41253
  148   4.68209  -2.70321  -8.41253
  149   5.40643   0.00001  -8.41253
  150   1.40866   2.43988  -9.59493
  151  -1.40867   2.43988  -9.59493
  152  -2.81734  -0.00000  -9.59493
  153  -1.40866  -2.43988  -9.59493
  154   1.40866  -2.43988  -9.59493
  155   2.81734   0.00000  -9.59493
  156   0.00000   0.00000 -10.00002
    1  14.14215  14.14215   5.00000
    2  15.61161  16.68733   4.04508
    3  12.67269  16.68733   4.04508
    4  11.20321  14.14214   4.04508
    5  12.67269  11.59697   4.04508
    6  15.61161  11.59697   4.04508
    7  17.08109  14.14216   4.04508
    8  17.98925  16.93723   1.54508
    9  15.61161  18.66469   1.54508
   10  12.67269  18.66469   1.54508
   11  10.29505  16.93723   1.54508
   12   9.38683  14.14214   1.54508
   13  10.29505  11.34706   1.54508
   14  12.67269   9.61959   1.54508
   15  15.61161   9.61959   1.54508
   16  17.98925  11.34707   1.54508
   17  18.89745  14.14216   1.54508
   18  17.98925  16.93723  -1.54509
   19  15.61161  18.66469  -1.54509
   20  12.67268  18.66469  -1.54509
   21  10.29505  16.93723  -1.54509
   22   9.38683  14.14214  -1.54509
   23  10.29505  11.34706  -1.54509
   24  12.67269   9.61959  -1.54509
   25  15.61161   9.61959  -1.54509
   26  17.98925  11.34707  -1.54509
   27  18.89745  14.14216  -1.54509
   28  15.61161  16.68733  -4.04508
   29  12.67269  16.68733  -4.04508
   30  11.20322  14.14214  -4.04508
   31  12.67269  11.59697  -4.04508
   32  15.61161  11.59697  -4.04508
   33  17.08108  14.14216  -4.04508
   34  14.14215  14.14215  -5.00000
9  -1.54509
   25  15.61161   9.61959  -1.54509
   26  17.98925  11.34707  -1.54509
   27  18.89745  14.14216  -1.54509
   28  15.61161  16.68733  -4.04508
   29  12.67269  16.68733  -4.04508
   30