 UNEQUAL SIZE BEADS  (REG 45) - 10:5   D=20
   273  1.12500
    1   0.00000   0.00000  10.00002
    2   1.19658   2.07253   9.70942
    3  -1.19658   2.07253   9.70942
    4  -2.39316  -0.00000   9.70942
    5  -1.19658  -2.07253   9.70942
    6   1.19658  -2.07253   9.70942
    7   2.39316   0.00000   9.70942
    8   4.02462   2.32362   8.85456
    9   2.32361   4.02462   8.85456
   10  -0.00000   4.64725   8.85456
   11  -2.32362   4.02462   8.85456
   12  -4.02462   2.32361   8.85456
   13  -4.64725  -0.00000   8.85456
   14  -4.02462  -2.32362   8.85456
   15  -2.32361  -4.02462   8.85456
   16   0.00000  -4.64725   8.85456
   17   2.32361  -4.02462   8.85456
   18   4.02462  -2.32361   8.85456
   19   4.64725   0.00001   8.85456
   20   6.23131   2.26801   7.48511
   21   5.07981   4.26247   7.48511
   22   3.31561   5.74281   7.48511
   23   1.15150   6.53049   7.48511
   24  -1.15150   6.53049   7.48511
   25  -3.31561   5.74281   7.48511
   26  -5.07982   4.26247   7.48511
   27  -6.23131   2.26801   7.48511
   28  -6.63125   0.00000   7.48511
   29  -6.23131  -2.26801   7.48511
   30  -5.07981  -4.26247   7.48511
   31  -3.31561  -5.74281   7.48511
   32  -1.15150  -6.53049   7.48511
   33   1.15150  -6.53049   7.48511
   34   3.31561  -5.74281   7.48511
   35   5.07981  -4.26247   7.48511
   36   6.23131  -2.26801   7.48511
   37   6.63125   0.00000   7.48511
   38   7.89648   2.31861   5.68065
   39   6.92338   4.44938   5.68065
   40   5.38940   6.21970   5.68065
   41   3.41880   7.48612   5.68065
   42   1.17123   8.14608   5.68065
   43  -1.17123   8.14608   5.68065
   44  -3.41880   7.48612   5.68065
   45  -5.38940   6.21970   5.68065
   46  -6.92338   4.44939   5.68065
   47  -7.89647   2.31862   5.68065
   48  -8.22987   0.00000   5.68065
   49  -7.89648  -2.31861   5.68065
   50  -6.92338  -4.44938   5.68065
   51  -5.38940  -6.21969   5.68065
   52  -3.41881  -7.48612   5.68065
   53  -1.17123  -8.14608   5.68065
   54   1.17123  -8.14608   5.68065
   55   3.41879  -7.48613   5.68065
   56   5.38939  -6.21970   5.68065
   57   6.92337  -4.44939   5.68065
   58   7.89647  -2.31862   5.68065
   59   8.22987  -0.00001   5.68065
   60   9.07847   2.23764   3.54605
   61   8.27916   4.34524   3.54605
   62   6.99870   6.20030   3.54605
   63   5.31150   7.69503   3.54605
   64   3.31561   8.74256   3.54605
   65   1.12704   9.28200   3.54605
   66  -1.12703   9.28200   3.54605
   67  -3.31561   8.74256   3.54605
   68  -5.31150   7.69503   3.54605
   69  -6.99870   6.20030   3.54605
   70  -8.27916   4.34524   3.54605
   71  -9.07847   2.23764   3.54605
   72  -9.35019   0.00000   3.54605
   73  -9.07847  -2.23764   3.54605
   74  -8.27916  -4.34524   3.54605
   75  -6.99870  -6.20030   3.54605
   76  -5.31150  -7.69503   3.54605
   77  -3.31561  -8.74256   3.54605
   78  -1.12704  -9.28200   3.54605
   79   1.12704  -9.28200   3.54605
   80   3.31561  -8.74256   3.54605
   81   5.31149  -7.69504   3.54605
   82   6.99869  -6.20031   3.54605
   83   8.27916  -4.34524   3.54605
   84   9.07847  -2.23764   3.54605
   85   9.35020   0.00000   3.54605
   86   9.65952   2.28935   1.20537
   87   8.87118   4.45528   1.20537
   88   7.60460   6.38102   1.20537
   89   5.92806   7.96276   1.20537
   90   3.93192   9.11523   1.20537
   91   1.72382   9.77630   1.20537
   92  -0.57721   9.91033   1.20537
   93  -2.84713   9.51006   1.20537
   94  -4.96356   8.59712   1.20537
   95  -6.81239   7.22071   1.20537
   96  -8.29397   5.45503   1.20537
   97  -9.32843   3.39527   1.20537
   98  -9.85999   1.15246   1.20537
   99  -9.85999  -1.15247   1.20537
  100  -9.32843  -3.39527   1.20537
  101  -8.29397  -5.45503   1.20537
  102  -6.81239  -7.22071   1.20537
  103  -4.96355  -8.59712   1.20537
  104  -2.84712  -9.51007   1.20537
  105  -0.57721  -9.91033   1.20537
  106   1.72382  -9.77630   1.20537
  107   3.93192  -9.11522   1.20537
  108   5.92806  -7.96275   1.20537
  109   7.60460  -6.38102   1.20537
  110   8.87119  -4.45527   1.20537
  111   9.65952  -2.28934   1.20537
  112   9.92714   0.00000   1.20537
  113   9.65952   2.28935  -1.20536
  114   8.87118   4.45528  -1.20536
  115   7.60460   6.38102  -1.20536
  116   5.92806   7.96276  -1.20536
  117   3.93192   9.11523  -1.20536
  118   1.72382   9.77630  -1.20536
  119  -0.57721   9.91033  -1.20536
  120  -2.84713   9.51006  -1.20536
  121  -4.96356   8.59712  -1.20536
  122  -6.81239   7.22071  -1.20536
  123  -8.29397   5.45503  -1.20536
  124  -9.32843   3.39527  -1.20536
  125  -9.85999   1.15246  -1.20536
  126  -9.85999  -1.15247  -1.20536
  127  -9.32843  -3.39527  -1.20536
  128  -8.29397  -5.45503  -1.20536
  129  -6.81239  -7.22071  -1.20536
  130  -4.96355  -8.59712  -1.20536
  131  -2.84712  -9.51007  -1.20536
  132  -0.57721  -9.91033  -1.20536
  133   1.72382  -9.77630  -1.20536
  134   3.93192  -9.11522  -1.20536
  135   5.92806  -7.96275  -1.20536
  136   7.60460  -6.38102  -1.20536
  137   8.87119  -4.45527  -1.20536
  138   9.65952  -2.28934  -1.20536
  139   9.92714   0.00000  -1.20536
  140   9.07847   2.23764  -3.54605
  141   8.27916   4.34524  -3.54605
  142   6.99870   6.20030  -3.54605
  143   5.31150   7.69503  -3.54605
  144   3.31561   8.74256  -3.54605
  145   1.12704   9.28200  -3.54605
  146  -1.12703   9.28200  -3.54605
  147  -3.31561   8.74256  -3.54605
  148  -5.31150   7.69503  -3.54605
  149  -6.99870   6.20030  -3.54605
  150  -8.27916   4.34524  -3.54605
  151  -9.07847   2.23764  -3.54605
  152  -9.35019   0.00000  -3.54605
  153  -9.07847  -2.23764  -3.54605
  154  -8.27916  -4.34524  -3.54605
  155  -6.99870  -6.20030  -3.54605
  156  -5.31150  -7.69503  -3.54605
  157  -3.31561  -8.74256  -3.54605
  158  -1.12704  -9.28200  -3.54605
  159   1.12704  -9.28200  -3.54605
  160   3.31561  -8.74256  -3.54605
  161   5.31149  -7.69504  -3.54605
  162   6.99869  -6.20031  -3.54605
  163   8.27916  -4.34524  -3.54605
  164   9.07847  -2.23764  -3.54605
  165   9.35020   0.00000  -3.54605
  166   7.89648   2.31861  -5.68065
  167   6.92338   4.44938  -5.68065
  168   5.38940   6.21970  -5.68065
  169   3.41880   7.48612  -5.68065
  170   1.17123   8.14608  -5.68065
  171  -1.17123   8.14608  -5.68065
  172  -3.41880   7.48612  -5.68065
  173  -5.38940   6.21970  -5.68065
  174  -6.92338   4.44939  -5.68065
  175  -7.89647   2.31862  -5.68065
  176  -8.22987   0.00000  -5.68065
  177  -7.89648  -2.31861  -5.68065
  178  -6.92338  -4.44938  -5.68065
  179  -5.38940  -6.21969  -5.68065
  180  -3.41881  -7.48612  -5.68065
  181  -1.17123  -8.14608  -5.68065
  182   1.17123  -8.14608  -5.68065
  183   3.41879  -7.48613  -5.68065
  184   5.38939  -6.21970  -5.68065
  185   6.92337  -4.44939  -5.68065
  186   7.89647  -2.31862  -5.68065
  187   8.22987  -0.00001  -5.68065
  188   6.23131   2.26801  -7.48511
  189   5.07981   4.26247  -7.48511
  190   3.31561   5.74281  -7.48511
  191   1.15150   6.53049  -7.48511
  192  -1.15150   6.53049  -7.48511
  193  -3.31561   5.74281  -7.48511
  194  -5.07982   4.26247  -7.48511
  195  -6.23131   2.26801  -7.48511
  196  -6.63125   0.00000  -7.48511
  197  -6.23131  -2.26801  -7.48511
  198  -5.07981  -4.26247  -7.48511
  199  -3.31561  -5.74281  -7.48511
  200  -1.15150  -6.53049  -7.48511
  201   1.15150  -6.53049  -7.48511
  202   3.31561  -5.74281  -7.48511
  203   5.07981  -4.26247  -7.48511
  204   6.23131  -2.26801  -7.48511
  205   6.63125   0.00000  -7.48511
  206   4.02462   2.32362  -8.85456
  207   2.32362   4.02462  -8.85456
  208  -0.00000   4.64725  -8.85456
  209  -2.32362   4.02462  -8.85456
  210  -4.02462   2.32362  -8.85456
  211  -4.64725  -0.00000  -8.85456
  212  -4.02462  -2.32362  -8.85456
  213  -2.32362  -4.02462  -8.85456
  214   0.00000  -4.64725  -8.85456
  215   2.32361  -4.02462  -8.85456
  216   4.02462  -2.32362  -8.85456
  217   4.64725   0.00001  -8.85456
  218   1.19658   2.07254  -9.70942
  219  -1.19658   2.07253  -9.70942
  220  -2.39317  -0.00000  -9.70942
  221  -1.19658  -2.07254  -9.70942
  222   1.19658  -2.07253  -9.70942
  223   2.39317   0.00000  -9.70942
  224   0.00000   0.00000 -10.00002
    1  14.14215  14.14215   5.00000
    2  15.39215  16.30721   4.33013
    3  12.89215  16.30721   4.33013
    4  11.64214  14.14214   4.33013
    5  12.89215  11.97708   4.33013
    6  15.39215  11.97708   4.33013
    7  16.64216  14.14216   4.33013
    8  17.78488  16.48319   2.50000
    9  15.94095  18.08097   2.50000
   10  13.52591  18.42821   2.50000
   11  11.30652  17.41464   2.50000
   12   9.98740  15.36209   2.50000
   13   9.98740  12.92221   2.50000
   14  11.30652  10.86966   2.50000
   15  13.52590   9.85607   2.50000
   16  15.94095  10.20333   2.50000
   17  17.78488  11.80110   2.50000
   18  18.47229  14.14214   2.50000
   19  18.56945  16.46577  -0.00000
   20  16.98248  18.25708  -0.00000
   21  14.74484  19.10572  -0.00000
   22  12.36912  18.81725  -0.00000
   23  10.39958  17.45777  -0.00000
   24   9.28740  15.33873  -0.00000
   25   9.28740  12.94557  -0.00000
   26  10.39958  10.82652  -0.00000
   27  12.36912   9.46703  -0.00000
   28  14.74484   9.17856  -0.00000
   29  16.98248  10.02721  -0.00000
   30  18.56945  11.81852  -0.00000
   31  19.14218  14.14215  -0.00000
   32  17.78488  16.48319  -2.50000
   33  15.94095  18.08097  -2.50000
   34  13.52591  18.42821  -2.50000
   35  11.30652  17.41464  -2.50000
   36   9.98741  15.36208  -2.50000
   37   9.98740  12.92222  -2.50000
   38  11.30652  10.86966  -2.50000
   39  13.52590   9.85607  -2.50000
   40  15.94095  10.20333  -2.50000
   41  17.78488  11.80110  -2.50000
   42  18.47229  14.14214  -2.50000
   43  15.39215  16.30721  -4.33013
   44  12.89215  16.30721  -4.33013
   45  11.64214  14.14214  -4.33013
   46  12.89215  11.97708  -4.33013
   47  15.39215  11.97709  -4.33013
   48  16.64215  14.14216  -4.33013
   49  14.14215  14.14215  -5.00000
7  -2.50000
   40  15.94095  10.20333  -2.50000
   41  17.78488  11.80110  -2.50000
   42  18.47229  14.14214  -2.50000
   43  15.39215  16.30721  -4.33013
   44  12.89215  16.30721  -4.33013
   45 