
 RIBOSOME MODEL - YELLOW                        
    21
  910    -0.724     0.860     0.790    812
  907    -1.102    -0.037     0.744     808
  804    -1.240    -0.769     0.619    904
  901    -0.406    -1.681     0.464    712
  911    -0.933     0.980     0.240    813
  604     1.276    -1.066     0.232
  908    -1.271     0.025     0.124     809  -1.265   0.125  0.132
  603     1.721    -0.179     0.110
  913    -0.310     2.019     0.080    505  -0.403   2.012   0.139
  602     2.246     0.654    -0.112
  905    -1.431    -0.813    -0.134     805  -1.443  -0.720  -0.124
  902    -0.965    -1.583    -0.171    713,801
  601     2.577     1.408    -0.285
  709    -0.007    -1.903    -0.303
  507     0.400     2.772    -0.311
  609     0.461    -1.850    -0.390
  608     1.183    -1.051    -0.634
  518     1.713     2.672    -0.693
  607     1.524    -0.262    -0.761
  606     2.244     0.650    -1.015
  605     2.482     1.548    -1.251
 -999
C  TO GET UNEDITED YETR8 FILE IT IS AS YETR8.DA
    2.577     1.408    -0.285
  709    -0.007    -1.903    -0.303
  507     0.400     2.772    -0.311
  609     0.4