
 99
  1.5,  484.4
  2.5,  470.3
  3.5,  458.0
  4.5,  453.0
  5.5,  450.3
  6.5,  449.1
  7.5,  442.0
  8.5,  427.2
  9.5,  424.5
 10.5,  437.5
 11.5,  426.9
 12.5,  411.7
 13.5,  416.5
 14.5,  419.8
 15.5,  416.0
 16.5,  407.7
 17.5,  396.6
 18.5,  391.5
 19.5,  386.6
 20.5,  384.3
 21.5,  377.6
 22.5,  365.1
 23.5,  351.4
 24.5,  358.6
 25.5,  376.1
 26.5,  370.7
 27.5,  358.7
 28.5,  352.9
 29.5,  358.9
 30.5,  355.8
 31.5,  364.2
 32.5,  394.7
 33.5,  396.3
 34.5,  384.2
 35.5,  422.0
 36.5,  559.5
 37.5,  762.2
 38.5,  915.0
 39.5, 1006.0
 40.5, 1044.0
 41.5, 1069.8
 42.5, 1100.8
 43.5, 1133.2
 44.5, 1187.8
 45.5, 1205.0
 46.5, 1184.4
 47.5, 1195.8
 48.5, 1189.2
 49.5, 1134.7
 50.5, 1128.6
 51.5, 1163.0
 52.5, 1189.6
 53.5, 1199.3
 54.5, 1208.4
 55.5, 1259.7
 56.5, 1297.3
 57.5, 1258.3
 58.5, 1189.1
 59.5, 1146.0
 60.5, 1150.4
 61.5, 1158.0
 62.5, 1164.6
 63.5, 1199.5
 64.5, 1172.9
 65.5, 1145.7
 66.5, 1174.4
 67.5, 1215.3
 68.5, 1206.7
 69.5, 1177.4
 70.5, 1214.7
 71.5, 1213.8
 72.5, 1165.3
 73.5, 1126.6
 74.5, 1155.8
 75.5, 1158.3
 76.5, 1150.8
 77.5, 1207.3
 78.5, 1160.0
 79.5, 1067.5
 80.5, 1076.3
 81.5, 1134.9
 82.5, 1130.0
 83.5, 1156.9
 84.5, 1168.2
 85.5, 1086.8
 86.5, 1087.4
 87.5, 1089.8
 88.5, 1034.7
 89.5, 1044.2
 90.5, 1104.5
 91.5, 1094.9
 92.5, 1036.2
 93.5, 1017.0
 94.5,  981.9
 95.5,  912.0
 96.5,  845.7
 97.5,  776.9
 98.5,  698.7
 99.5,  633.7
1155.8
 75.5, 1158.3
 76.5, 1150.8
 77.5,