
 54
  1  37.5    762.2    770.2     -8.0     -1.1
  2  38.5    915.0    902.0     13.0      1.4
  3  39.5   1006.0    991.1     14.9      1.5
  4  40.5   1044.0   1051.7     -7.7     -0.7
  5  41.5   1069.8   1093.2    -23.4     -2.2
  6  42.5   1100.8   1121.9    -21.1     -1.9
  7  43.5   1133.2   1142.0     -8.8     -0.8
  8  44.5   1187.8   1156.2     31.6      2.7
  9  45.5   1205.0   1166.5     38.5      3.2
 10  46.5   1184.4   1174.1     10.3      0.9
 11  47.5   1195.8   1179.8     16.0      1.3
 12  48.5   1189.2   1184.2      5.0      0.4
 13  49.5   1134.7   1187.6    -52.9     -4.7
 14  50.5   1128.6   1190.3    -61.7     -5.5
 15  51.5   1163.0   1192.4    -29.4     -2.5
 16  52.5   1189.6   1194.1     -4.5     -0.4
 17  53.5   1199.3   1195.4      3.9      0.3
 18  54.5   1208.4   1196.4     12.0      1.0
 19  55.5   1259.7   1197.0     62.7      5.0
 20  56.5   1297.3   1197.4     99.9      7.7
 21  57.5   1258.3   1197.5     60.8      4.8
 22  58.5   1189.1   1197.3     -8.2     -0.7
 23  59.5   1146.0   1196.9    -50.9     -4.4
 24  60.5   1150.4   1196.3    -45.9     -4.0
 25  61.5   1158.0   1195.4    -37.4     -3.2
 26  62.5   1164.6   1194.3    -29.7     -2.5
 27  63.5   1199.5   1192.9      6.6      0.6
 28  64.5   1172.9   1191.3    -18.4     -1.6
 29  65.5   1145.7   1189.4    -43.7     -3.8
 30  66.5   1174.4   1187.3    -12.9     -1.1
 31  67.5   1215.3   1185.0     30.3      2.5
 32  68.5   1206.7   1182.4     24.3      2.0
 33  69.5   1177.4   1179.6     -2.2     -0.2
 34  70.5   1214.7   1176.5     38.2      3.1
 35  71.5   1213.8   1173.2     40.6      3.3
 36  72.5   1165.3   1169.7     -4.4     -0.4
 37  73.5   1126.6   1165.9    -39.3     -3.5
 38  74.5   1155.8   1161.9     -6.1     -0.5
 39  75.5   1158.3   1157.6      0.7      0.1
 40  76.5   1150.8   1153.2     -2.4     -0.2
 41  77.5   1207.3   1148.4     58.9      4.9
 42  78.5   1160.0   1143.5     16.5      1.4
 43  79.5   1067.5   1138.2    -70.7     -6.6
 44  80.5   1076.3   1132.8    -56.5     -5.2
 45  81.5   1134.9   1127.1      7.8      0.7
 46  82.5   1130.0   1121.2      8.8      0.8
 47  83.5   1156.9   1115.0     41.9      3.6
 48  84.5   1168.2   1108.6     59.6      5.1
 49  85.5   1086.8   1101.9    -15.1     -1.4
 50  86.5   1087.4   1095.1     -7.7     -0.7
 51  87.5   1089.8   1087.9      1.9      0.2
 52  88.5   1034.7   1080.6    -45.9     -4.4
 53  89.5   1044.2   1073.0    -28.8     -2.8
 54  90.5   1104.5   1065.1     39.4      3.6
 RMS FIT:    35.382
 CORRELATION OF OBS AND PRED: 0.90767
  J PAR    COEF   S.E.
  1   A     785.645      39.809
  2   B       5.148       2.608
  3   K       0.412       0.100
  4  T0      35.716       0.501
  5   C      -0.120       0.039
  6  BK     356.600       0.000
