147
1,1162
2,1220
3,1196
4,1183
5,1097
6,1140
7,1102
8,1090
9,1044
10,1060
11,1065
12,1032
13,1021
14,1011
15,963
16,979
17,974
18,943
19,923
20,907
21,881
22,891
23,868
24,881
25,879
26,801
27,872
28,833
29,826
30,773
31,815
32,843
33,789
34,773
35,756
36,766
37,745
38,761
39,843
40,991
41,1187
42,1350
43,1426
44,1469
45,1506
46,1569
47,1557
48,1608
49,1575
50,1561
51,1631
52,1597
53,1602
54,1643
55,1631
56,1579
57,1651
58,1651
59,1628
60,1641
61,1647
62,1716
63,1684
64,1625
65,1727
66,1678
67,1705
68,1697
69,1731
70,1730
71,1710
72,1681
73,1650
74,1659
75,1665
76,1685
77,1688
78,1649
79,1653
80,1654
81,1636
82,1638
83,1646
84,1706
85,1665
86,1680
87,1695
88,1684
89,1666
90,1676
91,1687
92,1644
93,1598
94,1643
95,1600
96,1673
97,1662
98,1637
99,1626
100,1685
101,1628
102,1656
103,1670
104,1570
105,1610
106,1558
107,1595
108,1644
109,1627
110,1594
111,1541
112,1574
113,1603
114,1599
115,1544
116,1629
117,1589
118,1543
119,1562
120,1562
121,1632
122,1617
123,1621
124,1544
125,1548
126,1551
127,1551
128,1600
129,1575
130,1599
131,1585
132,1548
133,1587
134,1508
135,1576
136,1539
137,1548
138,1589
139,1505
140,1517
141,1460
142,1537
143,1540
144,1546
145,1556
146,1556
147,1498
7
110,1594
111,1541
112,1574
113,1603
114,1599
115,1544
116,1629
117,1589
118,1543
119,1562
120,1562
121,1632
122,1617
123,1621
124,1544
125,1548
126,1551
127,1551
128,1600
1