77
1,3139
2,3010
3,2918
4,2724
5,2653
6,2614
7,2652
8,2689
9,2670
10,2479
11,2361
12,2483
13,2435
14,2382
15,2304
16,2291
17,2337
18,2342
19,2242
20,2674
21,7310
22,15308
23,20340
24,22848
25,24019
26,24207
27,24910
28,24793
29,24717
30,24863
31,23835
32,24915
33,24976
34,24764
35,24551
36,23931
37,24847
38,25095
39,24498
40,23623
41,24340
42,24900
43,25964
44,25368
45,25679
46,25185
47,24179
48,26044
49,25075
50,25470
51,26208
52,25646
53,26508
54,25879
55,24751
56,24534
57,26000
58,24920
59,24131
60,24083
61,23025
62,22832
63,23649
64,23440
65,24214
66,22986
67,22600
68,24026
69,25070
70,24076
71,24443
72,23924
73,21787
74,22502
75,22491
76,24021
77,22596


40,23623
41,24340
