
 55
  1  22.5  17824.0  17767.4     56.6      0.3
  2  23.5  21594.0  21826.6   -232.6     -1.1
  3  24.5  23433.5  23349.9     83.6      0.4
  4  25.5  24113.0  23956.7    156.3      0.6
  5  26.5  24558.5  24230.4    328.1      1.3
  6  27.5  24851.5  24381.1    470.4      1.9
  7  28.5  24755.0  24484.4    270.6      1.1
  8  29.5  24790.0  24567.5    222.5      0.9
  9  30.5  24349.0  24640.3   -291.3     -1.2
 10  31.5  24375.0  24706.3   -331.3     -1.4
 11  32.5  24945.5  24766.8    178.7      0.7
 12  33.5  24870.0  24822.2     47.8      0.2
 13  34.5  24657.5  24872.7   -215.2     -0.9
 14  35.5  24241.0  24918.3   -677.3     -2.8
 15  36.5  24389.0  24959.1   -570.1     -2.3
 16  37.5  24971.0  24995.0    -24.0     -0.1
 17  38.5  24796.5  25026.1   -229.6     -0.9
 18  39.5  24060.5  25052.4   -991.9     -4.1
 19  40.5  23981.5  25073.9  -1092.4     -4.6
 20  41.5  24620.0  25090.5   -470.5     -1.9
 21  42.5  25432.0  25102.3    329.7      1.3
 22  43.5  25666.0  25109.3    556.7      2.2
 23  44.5  25523.5  25111.5    412.0      1.6
 24  45.5  25432.0  25108.8    323.2      1.3
 25  46.5  24682.0  25101.3   -419.3     -1.7
 26  47.5  25111.5  25089.0     22.5      0.1
 27  48.5  25559.5  25071.8    487.7      1.9
 28  49.5  25272.5  25049.8    222.7      0.9
 29  50.5  25839.0  25023.0    816.0      3.2
 30  51.5  25927.0  24991.4    935.6      3.6
 31  52.5  26077.0  24955.0   1122.0      4.3
 32  53.5  26193.5  24913.7   1279.8      4.9
 33  54.5  25315.0  24867.6    447.4      1.8
 34  55.5  24642.5  24816.6   -174.1     -0.7
 35  56.5  25267.0  24760.9    506.1      2.0
 36  57.5  25460.0  24700.3    759.7      3.0
 37  58.5  24525.5  24634.9   -109.4     -0.4
 38  59.5  24107.0  24564.6   -457.6     -1.9
 39  60.5  23554.0  24489.5   -935.5     -4.0
 40  61.5  22928.5  24409.7  -1481.2     -6.5
 41  62.5  23240.5  24324.9  -1084.4     -4.7
 42  63.5  23544.5  24235.4   -690.9     -2.9
 43  64.5  23827.0  24141.0   -314.0     -1.3
 44  65.5  23600.0  24041.8   -441.8     -1.9
 45  66.5  22793.0  23937.8  -1144.8     -5.0
 46  67.5  23313.0  23828.9   -515.9     -2.2
 47  68.5  24548.0  23715.2    832.8      3.4
 48  69.5  24573.0  23596.7    976.3      4.0
 49  70.5  24259.5  23473.4    786.1      3.2
 50  71.5  24183.5  23345.2    838.3      3.5
 51  72.5  22855.5  23212.3   -356.8     -1.6
 52  73.5  22144.5  23074.5   -930.0     -4.2
 53  74.5  22496.5  22931.8   -435.3     -1.9
 54  75.5  23256.0  22784.3    471.7      2.0
 55  76.5  23308.5  22632.1    676.4      2.9
 RMS FIT:   637.506
 CORRELATION OF OBS AND PRED: 0.87783
  J PAR    COEF   S.E.
  1   A   21513.143     407.584
  2   B     111.820      30.382
  3   K       1.026       0.294
  4  T0      21.279       0.375
  5   C      -2.413       0.489
  6  BK    2303.000       0.000
