
 76
  1.5, 3074.5
  2.5, 2964.0
  3.5, 2821.0
  4.5, 2688.5
  5.5, 2633.5
  6.5, 2633.0
  7.5, 2670.5
  8.5, 2679.5
  9.5, 2574.5
 10.5, 2420.0
 11.5, 2422.0
 12.5, 2459.0
 13.5, 2408.5
 14.5, 2343.0
 15.5, 2297.5
 16.5, 2314.0
 17.5, 2339.5
 18.5, 2292.0
 19.5, 2458.0
 20.5, 4992.0
 21.5,11309.0
 22.5,17824.0
 23.5,21594.0
 24.5,23433.5
 25.5,24113.0
 26.5,24558.5
 27.5,24851.5
 28.5,24755.0
 29.5,24790.0
 30.5,24349.0
 31.5,24375.0
 32.5,24945.5
 33.5,24870.0
 34.5,24657.5
 35.5,24241.0
 36.5,24389.0
 37.5,24971.0
 38.5,24796.5
 39.5,24060.5
 40.5,23981.5
 41.5,24620.0
 42.5,25432.0
 43.5,25666.0
 44.5,25523.5
 45.5,25432.0
 46.5,24682.0
 47.5,25111.5
 48.5,25559.5
 49.5,25272.5
 50.5,25839.0
 51.5,25927.0
 52.5,26077.0
 53.5,26193.5
 54.5,25315.0
 55.5,24642.5
 56.5,25267.0
 57.5,25460.0
 58.5,24525.5
 59.5,24107.0
 60.5,23554.0
 61.5,22928.5
 62.5,23240.5
 63.5,23544.5
 64.5,23827.0
 65.5,23600.0
 66.5,22793.0
 67.5,23313.0
 68.5,24548.0
 69.5,24573.0
 70.5,24259.5
 71.5,24183.5
 72.5,22855.5
 73.5,22144.5
 74.5,22496.5
 75.5,23256.0
 76.5,23308.5
5927.