
146
  1.5, 1191.0
  2.5, 1208.0
  3.5, 1189.5
  4.5, 1140.0
  5.5, 1118.5
  6.5, 1121.0
  7.5, 1096.0
  8.5, 1067.0
  9.5, 1052.0
 10.5, 1062.5
 11.5, 1048.5
 12.5, 1026.5
 13.5, 1016.0
 14.5,  987.0
 15.5,  971.0
 16.5,  976.5
 17.5,  958.5
 18.5,  933.0
 19.5,  915.0
 20.5,  894.0
 21.5,  886.0
 22.5,  879.5
 23.5,  874.5
 24.5,  880.0
 25.5,  840.0
 26.5,  836.5
 27.5,  852.5
 28.5,  829.5
 29.5,  799.5
 30.5,  794.0
 31.5,  829.0
 32.5,  816.0
 33.5,  781.0
 34.5,  764.5
 35.5,  761.0
 36.5,  755.5
 37.5,  753.0
 38.5,  802.0
 39.5,  917.0
 40.5, 1089.0
 41.5, 1268.5
 42.5, 1388.0
 43.5, 1447.5
 44.5, 1487.5
 45.5, 1537.5
 46.5, 1563.0
 47.5, 1582.5
 48.5, 1591.5
 49.5, 1568.0
 50.5, 1596.0
 51.5, 1614.0
 52.5, 1599.5
 53.5, 1622.5
 54.5, 1637.0
 55.5, 1605.0
 56.5, 1615.0
 57.5, 1651.0
 58.5, 1639.5
 59.5, 1634.5
 60.5, 1644.0
 61.5, 1681.5
 62.5, 1700.0
 63.5, 1654.5
 64.5, 1676.0
 65.5, 1702.5
 66.5, 1691.5
 67.5, 1701.0
 68.5, 1714.0
 69.5, 1730.5
 70.5, 1720.0
 71.5, 1695.5
 72.5, 1665.5
 73.5, 1654.5
 74.5, 1662.0
 75.5, 1675.0
 76.5, 1686.5
 77.5, 1668.5
 78.5, 1651.0
 79.5, 1653.5
 80.5, 1645.0
 81.5, 1637.0
 82.5, 1642.0
 83.5, 1676.0
 84.5, 1685.5
 85.5, 1672.5
 86.5, 1687.5
 87.5, 1689.5
 88.5, 1675.0
 89.5, 1671.0
 90.5, 1681.5
 91.5, 1665.5
 92.5, 1621.0
 93.5, 1620.5
 94.5, 1621.5
 95.5, 1636.5
 96.5, 1667.5
 97.5, 1649.5
 98.5, 1631.5
 99.5, 1655.5
100.5, 1656.5
101.5, 1642.0
102.5, 1663.0
103.5, 1620.0
104.5, 1590.0
105.5, 1584.0
106.5, 1576.5
107.5, 1619.5
108.5, 1635.5
109.5, 1610.5
110.5, 1567.5
111.5, 1557.5
112.5, 1588.5
113.5, 1601.0
114.5, 1571.5
115.5, 1586.5
116.5, 1609.0
117.5, 1566.0
118.5, 1552.5
119.5, 1562.0
120.5, 1597.0
121.5, 1624.5
122.5, 1619.0
123.5, 1582.5
124.5, 1546.0
125.5, 1549.5
126.5, 1551.0
127.5, 1575.5
128.5, 1587.5
129.5, 1587.0
130.5, 1592.0
131.5, 1566.5
132.5, 1567.5
133.5, 1547.5
134.5, 1542.0
135.5, 1557.5
136.5, 1543.5
137.5, 1568.5
138.5, 1547.0
139.5, 1511.0
140.5, 1488.5
141.5, 1498.5
142.5, 1538.5
143.5, 1543.0
144.5, 1551.0
145.5, 1556.0
146.5, 1527.0
1624.5
122.5, 1619.0
123.5, 1582.5
124.5, 1546.0
125.5, 1549.5
126.5, 1551.0
127.5, 1575.5
128.5, 15