
 53
  1  20.5   2185.5   2219.3    -33.8     -1.5
  2  21.5   2716.0   2670.5     45.5      1.7
  3  22.5   2985.0   2937.7     47.3      1.6
  4  23.5   3120.0   3096.4     23.6      0.8
  5  24.5   3150.5   3190.9    -40.4     -1.3
  6  25.5   3182.0   3247.5    -65.5     -2.1
  7  26.5   3236.5   3281.6    -45.1     -1.4
  8  27.5   3227.5   3302.4    -74.9     -2.3
  9  28.5   3256.0   3315.0    -59.0     -1.8
 10  29.5   3285.5   3322.8    -37.3     -1.1
 11  30.5   3316.0   3327.5    -11.5     -0.3
 12  31.5   3336.0   3330.3      5.7      0.2
 13  32.5   3357.0   3331.8     25.2      0.8
 14  33.5   3403.5   3332.3     71.2      2.1
 15  34.5   3431.5   3332.2     99.3      2.9
 16  35.5   3426.0   3331.5     94.5      2.8
 17  36.5   3350.0   3330.3     19.7      0.6
 18  37.5   3329.5   3328.6      0.9      0.0
 19  38.5   3343.5   3326.5     17.0      0.5
 20  39.5   3322.0   3324.0     -2.0     -0.1
 21  40.5   3290.5   3321.1    -30.6     -0.9
 22  41.5   3313.0   3317.8     -4.8     -0.1
 23  42.5   3348.5   3314.2     34.3      1.0
 24  43.5   3362.0   3310.1     51.9      1.5
 25  44.5   3360.5   3305.7     54.8      1.6
 26  45.5   3336.5   3300.8     35.7      1.1
 27  46.5   3286.0   3295.6     -9.6     -0.3
 28  47.5   3257.0   3290.0    -33.0     -1.0
 29  48.5   3286.0   3284.0      2.0      0.1
 30  49.5   3305.0   3277.6     27.4      0.8
 31  50.5   3297.5   3270.9     26.6      0.8
 32  51.5   3262.0   3263.7     -1.7     -0.1
 33  52.5   3204.0   3256.2    -52.2     -1.6
 34  53.5   3203.5   3248.3    -44.8     -1.4
 35  54.5   3230.0   3240.0    -10.0     -0.3
 36  55.5   3168.0   3231.3    -63.3     -2.0
 37  56.5   3158.5   3222.2    -63.7     -2.0
 38  57.5   3187.5   3212.8    -25.3     -0.8
 39  58.5   3152.5   3202.9    -50.4     -1.6
 40  59.5   3128.0   3192.7    -64.7     -2.1
 41  60.5   3186.5   3182.1      4.4      0.1
 42  61.5   3207.0   3171.1     35.9      1.1
 43  62.5   3132.0   3159.7    -27.7     -0.9
 44  63.5   3125.0   3148.0    -23.0     -0.7
 45  64.5   3162.5   3135.8     26.7      0.8
 46  65.5   3153.5   3123.3     30.2      1.0
 47  66.5   3114.0   3110.4      3.6      0.1
 48  67.5   3105.0   3097.1      7.9      0.3
 49  68.5   3126.0   3083.4     42.6      1.4
 50  69.5   3079.5   3069.3     10.2      0.3
 51  70.5   3009.5   3054.9    -45.4     -1.5
 52  71.5   3041.5   3040.0      1.5      0.0
 53  72.5   3099.0   3024.8     74.2      2.4
 RMS FIT:    42.477
 CORRELATION OF OBS AND PRED: 0.97449
  J PAR    COEF   S.E.
  1   A    1789.699      37.846
  2   B       4.960       2.722
  3   K       0.532       0.054
  4  T0      19.558       0.133
  5   C      -0.192       0.043
  6  BK    1512.000       0.000
