
 72
  1.5, 2380.5
  2.5, 2308.0
  3.5, 2214.5
  4.5, 2148.0
  5.5, 2100.5
  6.5, 2064.5
  7.5, 1987.0
  8.5, 1929.5
  9.5, 1873.5
 10.5, 1801.0
 11.5, 1760.5
 12.5, 1714.5
 13.5, 1692.5
 14.5, 1652.0
 15.5, 1628.5
 16.5, 1610.0
 17.5, 1542.0
 18.5, 1514.0
 19.5, 1670.0
 20.5, 2185.5
 21.5, 2716.0
 22.5, 2985.0
 23.5, 3120.0
 24.5, 3150.5
 25.5, 3182.0
 26.5, 3236.5
 27.5, 3227.5
 28.5, 3256.0
 29.5, 3285.5
 30.5, 3316.0
 31.5, 3336.0
 32.5, 3357.0
 33.5, 3403.5
 34.5, 3431.5
 35.5, 3426.0
 36.5, 3350.0
 37.5, 3329.5
 38.5, 3343.5
 39.5, 3322.0
 40.5, 3290.5
 41.5, 3313.0
 42.5, 3348.5
 43.5, 3362.0
 44.5, 3360.5
 45.5, 3336.5
 46.5, 3286.0
 47.5, 3257.0
 48.5, 3286.0
 49.5, 3305.0
 50.5, 3297.5
 51.5, 3262.0
 52.5, 3204.0
 53.5, 3203.5
 54.5, 3230.0
 55.5, 3168.0
 56.5, 3158.5
 57.5, 3187.5
 58.5, 3152.5
 59.5, 3128.0
 60.5, 3186.5
 61.5, 3207.0
 62.5, 3132.0
 63.5, 3125.0
 64.5, 3162.5
 65.5, 3153.5
 66.5, 3114.0
 67.5, 3105.0
 68.5, 3126.0
 69.5, 3079.5
 70.5, 3009.5
 71.5, 3041.5
 72.5, 3099.0
