
105
  2  42.5   1388.0   1383.1      4.9      0.4
  3  43.5   1447.5   1426.5     21.0      1.4
  4  44.5   1487.5   1464.1     23.4      1.6
  5  45.5   1537.5   1496.7     40.8      2.7
  6  46.5   1563.0   1524.8     38.2      2.4
  7  47.5   1582.5   1549.0     33.5      2.1
  8  48.5   1591.5   1569.9     21.6      1.4
  9  49.5   1568.0   1587.9    -19.9     -1.3
 10  50.5   1596.0   1603.3     -7.3     -0.5
 11  51.5   1614.0   1616.6     -2.6     -0.2
 12  52.5   1599.5   1627.9    -28.4     -1.8
 13  53.5   1622.5   1637.5    -15.0     -0.9
 14  54.5   1637.0   1645.7     -8.7     -0.5
 15  55.5   1605.0   1652.6    -47.6     -3.0
 16  56.5   1615.0   1658.5    -43.5     -2.7
 17  57.5   1651.0   1663.3    -12.3     -0.7
 18  58.5   1639.5   1667.3    -27.8     -1.7
 19  59.5   1634.5   1670.6    -36.1     -2.2
 20  60.5   1644.0   1673.3    -29.3     -1.8
 21  61.5   1681.5   1675.4      6.1      0.4
 22  62.5   1700.0   1677.0     23.0      1.4
 23  63.5   1654.5   1678.2    -23.7     -1.4
 24  64.5   1676.0   1679.0     -3.0     -0.2
 25  65.5   1702.5   1679.5     23.0      1.4
 26  66.5   1691.5   1679.7     11.8      0.7
 27  67.5   1701.0   1679.7     21.3      1.3
 28  68.5   1714.0   1679.4     34.6      2.0
 29  69.5   1730.5   1679.0     51.5      3.0
 30  70.5   1720.0   1678.4     41.6      2.4
 31  71.5   1695.5   1677.6     17.9      1.1
 32  72.5   1665.5   1676.8    -11.3     -0.7
 33  73.5   1654.5   1675.7    -21.2     -1.3
 34  74.5   1662.0   1674.6    -12.6     -0.8
 35  75.5   1675.0   1673.5      1.5      0.1
 36  76.5   1686.5   1672.2     14.3      0.8
 37  77.5   1668.5   1670.8     -2.3     -0.1
 38  78.5   1651.0   1669.4    -18.4     -1.1
 39  79.5   1653.5   1668.0    -14.5     -0.9
 40  80.5   1645.0   1666.4    -21.4     -1.3
 41  81.5   1637.0   1664.9    -27.9     -1.7
 42  82.5   1642.0   1663.3    -21.3     -1.3
 43  83.5   1676.0   1661.6     14.4      0.9
 44  84.5   1685.5   1659.9     25.6      1.5
 45  85.5   1672.5   1658.2     14.3      0.9
 46  86.5   1687.5   1656.5     31.0      1.8
 47  87.5   1689.5   1654.7     34.8      2.1
 48  88.5   1675.0   1652.9     22.1      1.3
 49  89.5   1671.0   1651.1     19.9      1.2
 50  90.5   1681.5   1649.2     32.3      1.9
 51  91.5   1665.5   1647.4     18.1      1.1
 52  92.5   1621.0   1645.5    -24.5     -1.5
 53  93.5   1620.5   1643.6    -23.1     -1.4
 54  94.5   1621.5   1641.6    -20.1     -1.2
 55  95.5   1636.5   1639.7     -3.2     -0.2
 56  96.5   1667.5   1637.7     29.8      1.8
 57  97.5   1649.5   1635.7     13.8      0.8
 58  98.5   1631.5   1633.7     -2.2     -0.1
 59  99.5   1655.5   1631.7     23.8      1.4
 60 100.5   1656.5   1629.7     26.8      1.6
 61 101.5   1642.0   1627.6     14.4      0.9
 62 102.5   1663.0   1625.6     37.4      2.3
 63 103.5   1620.0   1623.5     -3.5     -0.2
 64 104.5   1590.0   1621.4    -31.4     -2.0
 65 105.5   1584.0   1619.3    -35.3     -2.2
 66 106.5   1576.5   1617.1    -40.6     -2.6
 67 107.5   1619.5   1615.0      4.5      0.3
 68 108.5   1635.5   1612.8     22.7      1.4
 69 109.5   1610.5   1610.7     -0.2     -0.0
 70 110.5   1567.5   1608.5    -41.0     -2.6
 71 111.5   1557.5   1606.3    -48.8     -3.1
 72 112.5   1588.5   1604.1    -15.6     -1.0
 73 113.5   1601.0   1601.8     -0.8     -0.1
 74 114.5   1571.5   1599.6    -28.1     -1.8
 75 115.5   1586.5   1597.3    -10.8     -0.7
 76 116.5   1609.0   1595.1     13.9      0.9
 77 117.5   1566.0   1592.8    -26.8     -1.7
 78 118.5   1552.5   1590.5    -38.0     -2.4
 79 119.5   1562.0   1588.2    -26.2     -1.7
 80 120.5   1597.0   1585.8     11.2      0.7
 81 121.5   1624.5   1583.5     41.0      2.5
 82 122.5   1619.0   1581.1     37.9      2.3
 83 123.5   1582.5   1578.8      3.7      0.2
 84 124.5   1546.0   1576.4    -30.4     -2.0
 85 125.5   1549.5   1574.0    -24.5     -1.6
 86 126.5   1551.0   1571.6    -20.6     -1.3
 87 127.5   1575.5   1569.1      6.4      0.4
 88 128.5   1587.5   1566.7     20.8      1.3
 89 129.5   1587.0   1564.2     22.8      1.4
 90 130.5   1592.0   1561.8     30.2      1.9
 91 131.5   1566.5   1559.3      7.2      0.5
 92 132.5   1567.5   1556.8     10.7      0.7
 93 133.5   1547.5   1554.3     -6.8     -0.4
 94 134.5   1542.0   1551.7     -9.7     -0.6
 95 135.5   1557.5   1549.2      8.3      0.5
 96 136.5   1543.5   1546.6     -3.1     -0.2
 97 137.5   1568.5   1544.1     24.4      1.6
 98 138.5   1547.0   1541.5      5.5      0.4
 99 139.5   1511.0   1538.9    -27.9     -1.8
100 140.5   1488.5   1536.3    -47.8     -3.2
101 141.5   1498.5   1533.7    -35.2     -2.3
102 142.5   1538.5   1531.0      7.5      0.5
103 143.5   1543.0   1528.4     14.6      0.9
104 144.5   1551.0   1525.7     25.3      1.6
105 145.5   1556.0   1523.0     33.0      2.1
106 146.5   1527.0   1520.3      6.7      0.4
 RMS FIT:    25.362
 CORRELATION OF OBS AND PRED: 0.93106
  J PAR    COEF   S.E.
  1   A     978.382      33.190
  2   B      -1.137       0.957
  3   K       0.139       0.020
  4  T0      34.992       0.942
  5   C      -0.007       0.006
  6  BK     756.000       0.000
  1.6
105 145.5   1556.0   1523.0     33.0      2.1
106 146.5   1527.0   1520.3      6.7      0.4
 RMS FIT:    25.362
 CORRELATION OF OBS AND PRED: 