70
1,2734
2,3035
3,3029
4,3104
5,3008
6,3033
7,3041
8,2812
9,3022
10,2930
11,2940
12,2981
13,3029
14,3033
15,2928
16,2856
17,2894
18,2997
19,3006
20,3498
21,5088
22,6427
23,7785
24,8315
25,8176
26,8950
27,8941
28,8869
29,8877
30,8810
31,9102
32,9316
33,9158
34,9535
35,9082
36,8792
37,9046
38,9481
39,9426
40,8870
41,9050
42,8721
43,9104
44,9376
45,9240
46,8854
47,9048
48,8467
49,9158
50,8843
51,8763
52,9052
53,8827
54,9147
55,8727
56,8980
57,8496
58,8452
59,8579
60,8621
61,8707
62,8793
63,8322
64,8458
65,8502
66,8502
67,8254
68,8189
69,8208
70,8165

9
29,8877
30,8810
31,9102
32,9316
33,9158
34,9535
35,9082
36,8792
37,9046
38,9481
39,9426
40,8870
41,9050
42,8721
43,9104
44