
 50
  1  20.5   4293.0   4214.8     78.2      1.8
  2  21.5   5757.5   5964.8   -207.3     -3.6
  3  22.5   7106.0   7093.7     12.3      0.2
  4  23.5   8050.0   7822.6    227.4      2.8
  5  24.5   8245.5   8293.8    -48.3     -0.6
  6  25.5   8563.0   8598.8    -35.8     -0.4
  7  26.5   8945.5   8796.6    148.9      1.7
  8  27.5   8905.0   8925.0    -20.0     -0.2
  9  28.5   8873.0   9008.3   -135.3     -1.5
 10  29.5   8843.5   9062.3   -218.8     -2.5
 11  30.5   8956.0   9096.8   -140.8     -1.6
 12  31.5   9209.0   9118.4     90.6      1.0
 13  32.5   9237.0   9131.3    105.7      1.1
 14  33.5   9346.5   9138.0    208.5      2.2
 15  34.5   9308.5   9140.4    168.1      1.8
 16  35.5   8937.0   9139.5   -202.5     -2.3
 17  36.5   8919.0   9135.9   -216.9     -2.4
 18  37.5   9263.5   9130.3    133.2      1.4
 19  38.5   9453.5   9122.7    330.8      3.5
 20  39.5   9148.0   9113.5     34.5      0.4
 21  40.5   8960.0   9102.8   -142.8     -1.6
 22  41.5   8885.5   9090.6   -205.1     -2.3
 23  42.5   8912.5   9077.0   -164.5     -1.8
 24  43.5   9240.0   9062.0    178.0      1.9
 25  44.5   9308.0   9045.6    262.4      2.8
 26  45.5   9047.0   9027.8     19.2      0.2
 27  46.5   8951.0   9008.7    -57.7     -0.6
 28  47.5   8757.5   8988.3   -230.8     -2.6
 29  48.5   8812.5   8966.5   -154.0     -1.7
 30  49.5   9000.5   8943.4     57.1      0.6
 31  50.5   8803.0   8918.9   -115.9     -1.3
 32  51.5   8907.5   8893.1     14.4      0.2
 33  52.5   8939.5   8866.0     73.5      0.8
 34  53.5   8987.0   8837.6    149.4      1.7
 35  54.5   8937.0   8807.8    129.2      1.4
 36  55.5   8853.5   8776.6     76.9      0.9
 37  56.5   8738.0   8744.2     -6.2     -0.1
 38  57.5   8474.0   8710.4   -236.4     -2.8
 39  58.5   8515.5   8675.2   -159.7     -1.9
 40  59.5   8600.0   8638.8    -38.8     -0.5
 41  60.5   8664.0   8601.0     63.0      0.7
 42  61.5   8750.0   8561.8    188.2      2.2
 43  62.5   8557.5   8521.4     36.1      0.4
 44  63.5   8390.0   8479.6    -89.6     -1.1
 45  64.5   8480.0   8436.4     43.6      0.5
 46  65.5   8502.0   8392.0    110.0      1.3
 47  66.5   8378.0   8346.2     31.8      0.4
 48  67.5   8221.5   8299.0    -77.5     -0.9
 49  68.5   8198.5   8250.5    -52.0     -0.6
 50  69.5   8186.5   8200.7    -14.2     -0.2
 RMS FIT:   142.424
 CORRELATION OF OBS AND PRED: 0.98587
  J PAR    COEF   S.E.
  1   A    6122.317     153.528
  2   B      15.600      11.364
  3   K       0.444       0.036
  4  T0      19.976       0.087
  5   C      -0.667       0.189
  6  BK    2942.000       0.000
