 69
  1.5, 2884.5
  2.5, 3032.0
  3.5, 3066.5
  4.5, 3056.0
  5.5, 3020.5
  6.5, 3037.0
  7.5, 2926.5
  8.5, 2917.0
  9.5, 2976.0
 10.5, 2935.0
 11.5, 2960.5
 12.5, 3005.0
 13.5, 3031.0
 14.5, 2980.5
 15.5, 2892.0
 16.5, 2875.0
 17.5, 2945.5
 18.5, 3001.5
 19.5, 3252.0
 20.5, 4293.0
 21.5, 5757.5
 22.5, 7106.0
 23.5, 8050.0
 24.5, 8245.5
 25.5, 8563.0
 26.5, 8945.5
 27.5, 8905.0
 28.5, 8873.0
 29.5, 8843.5
 30.5, 8956.0
 31.5, 9209.0
 32.5, 9237.0
 33.5, 9346.5
 34.5, 9308.5
 35.5, 8937.0
 36.5, 8919.0
 37.5, 9263.5
 38.5, 9453.5
 39.5, 9148.0
 40.5, 8960.0
 41.5, 8885.5
 42.5, 8912.5
 43.5, 9240.0
 44.5, 9308.0
 45.5, 9047.0
 46.5, 8951.0
 47.5, 8757.5
 48.5, 8812.5
 49.5, 9000.5
 50.5, 8803.0
 51.5, 8907.5
 52.5, 8939.5
 53.5, 8987.0
 54.5, 8937.0
 55.5, 8853.5
 56.5, 8738.0
 57.5, 8474.0
 58.5, 8515.5
 59.5, 8600.0
 60.5, 8664.0
 61.5, 8750.0
 62.5, 8557.5
 63.5, 8390.0
 64.5, 8480.0
 65.5, 8502.0
 66.5, 8378.0
 67.5, 8221.5
 68.5, 8198.5
 69.5, 8186.5
9308.0
 45.5, 9047.0
 46.5, 8951.0
 47.5, 8757.5
 48.5, 8812.5
 49.5, 9000.5
 50.5, 8803.0
 51.5, 8907.5