91
1,266.8
2,284.1
3,293.5
4,272.5
5,251.
6,219.6
7,195.6
8,173.0
9,179.
10,165.5
11,160.
12,150.3
13,152.7
14,149.4
15,151.1
16,323.
17,561.8
18,807.6
19,819.1
20,937.1
21,913.0
22,889.0
23,868.1
24,896.7
25,1003.7
26,1022.2
27,1053.2
28,977.6
29,916.5
30,1001.6
31,1013.4
32,1106.9
33,1059.9
34,950.7
35,1025.7
36,864.7
37,1039.2
38,1020.9
39,1040.3
40,1046.
41,1063.1
42,1088.1
43,931.3
44,957.7
45,930.6
46,997.8
47,1066.3
48,981.1
49,970.2
50,877.
51,950.0
52,988.8
53,975.1
54,982.1
55,841.3
56,995.3
57,903.5
58,927.6
59,951.8
60,988.6
61,945.8
62,903.3
63,975.3
64,812.6
65,820.2
66,894.3
67,967.8
68,964.6
69,940.
70,944.
71,891.8
72,871.8
73,886.1
74,877.5
75,881.1
76,824.7
77,826.7
78,759.5
79,796.
80,814.7
81,828.7
82,763.4
83,667.1
84,674.0
85,680.8
86,671.9
87,606.4
88,609.8
89,603.4
90,557.3
91,495.8

.1
54,982.1
55,841.3
56,995.3
57,903.5
58,927.6
59,951.8
60,988.6
61,945.8
62,903.3
63,975.3
64,812.6
65,820.2
66,894.3
67,967.8
68,964.6
69,940.
70,944.
71,891.8
72,871.8
73,886.1
74,877.5
75,881.1
76,824.7
77,826