 60
  1  16.5    442.4    467.1    -24.7     -5.6
  2  17.5    684.7    659.6     25.1      3.7
  3  18.5    813.3    781.0     32.3      4.0
  4  19.5    878.1    857.8     20.3      2.3
  5  20.5    925.0    906.7     18.3      2.0
  6  21.5    901.0    937.8    -36.8     -4.1
  7  22.5    878.6    957.9    -79.3     -9.0
  8  23.5    882.4    970.9    -88.5    -10.0
  9  24.5    950.2    979.5    -29.3     -3.1
 10  25.5   1013.0    985.2     27.8      2.7
 11  26.5   1037.7    989.1     48.6      4.7
 12  27.5   1015.4    991.8     23.6      2.3
 13  28.5    947.1    993.6    -46.5     -4.9
 14  29.5    959.0    994.9    -35.9     -3.7
 15  30.5   1007.5    995.8     11.7      1.2
 16  31.5   1060.1    996.4     63.7      6.0
 17  32.5   1083.4    996.7     86.7      8.0
 18  33.5   1005.3    996.8      8.5      0.8
 19  34.5    988.2    996.8     -8.6     -0.9
 20  35.5    945.2    996.5    -51.3     -5.4
 21  36.5    951.9    996.1    -44.2     -4.6
 22  37.5   1030.0    995.5     34.5      3.3
 23  38.5   1030.6    994.8     35.8      3.5
 24  39.5   1043.1    993.9     49.2      4.7
 25  40.5   1054.5    992.8     61.7      5.8
 26  41.5   1075.6    991.6     84.0      7.8
 27  42.5   1009.7    990.3     19.4      1.9
 28  43.5    944.5    988.8    -44.3     -4.7
 29  44.5    944.2    987.2    -43.0     -4.5
 30  45.5    964.2    985.4    -21.2     -2.2
 31  46.5   1032.0    983.4     48.6      4.7
 32  47.5   1023.7    981.3     42.4      4.1
 33  48.5    975.7    979.1     -3.4     -0.3
 34  49.5    923.6    976.7    -53.1     -5.7
 35  50.5    913.5    974.1    -60.6     -6.6
 36  51.5    969.4    971.5     -2.1     -0.2
 37  52.5    981.9    968.6     13.3      1.4
 38  53.5    978.6    965.6     13.0      1.3
 39  54.5    911.7    962.5    -50.8     -5.6
 40  55.5    918.3    959.2    -40.9     -4.5
 41  56.5    949.4    955.7     -6.3     -0.7
 42  57.5    915.5    952.2    -36.7     -4.0
 43  58.5    939.7    948.4     -8.7     -0.9
 44  59.5    970.2    944.5     25.7      2.6
 45  60.5    967.2    940.5     26.7      2.8
 46  61.5    924.6    936.3    -11.7     -1.3
 47  62.5    939.3    931.9      7.4      0.8
 48  63.5    894.0    927.5    -33.5     -3.7
 49  64.5    816.4    922.8   -106.4    -13.0
 50  65.5    857.2    918.0    -60.8     -7.1
 51  66.5    931.1    913.1     18.0      1.9
 52  67.5    966.2    908.0     58.2      6.0
 53  68.5    952.3    902.8     49.5      5.2
 54  69.5    942.0    897.4     44.6      4.7
 55  70.5    917.9    891.8     26.1      2.8
 56  71.5    881.8    886.1     -4.3     -0.5
 57  72.5    879.0    880.3     -1.3     -0.1
 58  73.5    881.8    874.3      7.5      0.8
 59  74.5    879.3    868.2     11.1      1.3
 60  75.5    852.9    861.9     -9.0     -1.1
 RMS FIT:    42.206
 CORRELATION OF OBS AND PRED: 0.89677
  J PAR    COEF   S.E.
  1   A     822.980      35.096
  2   B       2.628       2.229
  3   K       0.470       0.096
  4  T0      15.472       0.303
  5   C      -0.075       0.031
  6  BK     151.000       0.000
  0.8
 59  74.5    879.3    868.2     11.1      1.3
 60  75.5    852.9    861.9     -9.0     -1.1
 RMS FIT:    42.206
 CORRELATION OF OBS AND PRED: 0.89677
  J PAR    COEF   S.E.
  1   A     822.980      35.096
  2   B       2.628       2.229
  3   K       0.470       0.096
  4  T0      15.472       0.303
  5   C      -0.075       0.031