
 90
  1.5,  275.5
  2.5,  288.8
  3.5,  283.0
  4.5,  261.7
  5.5,  235.3
  6.5,  207.6
  7.5,  184.3
  8.5,  176.0
  9.5,  172.2
 10.5,  162.8
 11.5,  155.2
 12.5,  151.5
 13.5,  151.1
 14.5,  150.3
 15.5,  237.1
 16.5,  442.4
 17.5,  684.7
 18.5,  813.3
 19.5,  878.1
 20.5,  925.0
 21.5,  901.0
 22.5,  878.6
 23.5,  882.4
 24.5,  950.2
 25.5, 1013.0
 26.5, 1037.7
 27.5, 1015.4
 28.5,  947.1
 29.5,  959.0
 30.5, 1007.5
 31.5, 1060.1
 32.5, 1083.4
 33.5, 1005.3
 34.5,  988.2
 35.5,  945.2
 36.5,  951.9
 37.5, 1030.0
 38.5, 1030.6
 39.5, 1043.1
 40.5, 1054.5
 41.5, 1075.6
 42.5, 1009.7
 43.5,  944.5
 44.5,  944.2
 45.5,  964.2
 46.5, 1032.0
 47.5, 1023.7
 48.5,  975.7
 49.5,  923.6
 50.5,  913.5
 51.5,  969.4
 52.5,  981.9
 53.5,  978.6
 54.5,  911.7
 55.5,  918.3
 56.5,  949.4
 57.5,  915.5
 58.5,  939.7
 59.5,  970.2
 60.5,  967.2
 61.5,  924.6
 62.5,  939.3
 63.5,  894.0
 64.5,  816.4
 65.5,  857.2
 66.5,  931.1
 67.5,  966.2
 68.5,  952.3
 69.5,  942.0
 70.5,  917.9
 71.5,  881.8
 72.5,  879.0
 73.5,  881.8
 74.5,  879.3
 75.5,  852.9
 76.5,  825.7
 77.5,  793.1
 78.5,  777.7
 79.5,  805.4
 80.5,  821.7
 81.5,  796.1
 82.5,  715.2
 83.5,  670.6
 84.5,  677.4
 85.5,  676.4
 86.5,  639.1
 87.5,  608.1
 88.5,  606.6
 89.5,  580.4
 90.5,  526.6
