
 59
  1  30.5    -38.4    -12.1    -26.3     68.6
  2  31.5     41.2    -10.9     52.1    126.5
  3  32.5     56.8    -10.1     66.9    117.8
  4  33.5     -5.3    -10.0      4.7    -89.0
  5  34.5    -10.4    -10.8      0.4     -3.9
  6  35.5     11.3    -12.5     23.8    210.3
  7  36.5    -82.3    -14.8    -67.5     82.0
  8  37.5    -87.8    -17.4    -70.4     80.2
  9  38.5    -19.0    -19.8      0.8     -4.0
 10  39.5     17.9    -21.3     39.2    218.9
 11  40.5     53.5    -21.4     74.9    140.0
 12  41.5     -3.6    -19.6     16.0   -445.4
 13  42.5   -102.9    -15.6    -87.3     84.8
 14  43.5      6.1     -9.3     15.4    252.2
 15  44.5     60.0     -0.7     60.7    101.2
 16  45.5    -40.9      9.6    -50.5    123.5
 17  46.5     13.1     21.1     -8.0    -61.3
 18  47.5     59.0     33.0     26.0     44.1
 19  48.5      7.8     44.1    -36.3   -465.5
 20  49.5     19.8     53.6    -33.8   -170.6
 21  50.5     55.5     60.4     -4.9     -8.8
 22  51.5    104.0     63.7     40.3     38.7
 23  52.5     96.6     63.0     33.6     34.8
 24  53.5     68.9     57.9     11.0     16.0
 25  54.5     54.9     48.5      6.4     11.7
 26  55.5     74.1     35.3     38.8     52.4
 27  56.5      2.0     18.9    -16.9   -846.0
 28  57.5   -101.5      0.5   -102.0    100.5
 29  58.5    -15.8    -18.7      2.9    -18.5
 30  59.5     14.6    -37.4     52.0    356.3
 31  60.5    -60.9    -54.3     -6.6     10.9
 32  61.5    -74.2    -68.0     -6.2      8.3
 33  62.5   -127.3    -77.7    -49.6     39.0
 34  63.5   -105.2    -82.5    -22.7     21.5
 35  64.5     -7.5    -82.3     74.8   -997.7
 36  65.5    -34.1    -77.1     43.0   -126.0
 37  66.5    -87.1    -67.2    -19.9     22.8
 38  67.5    -60.8    -53.6     -7.2     11.9
 39  68.5    -20.4    -37.2     16.8    -82.5
 40  69.5     -4.8    -19.4     14.6   -303.4
 41  70.5    -16.1     -1.3    -14.8     91.8
 42  71.5    -28.2     15.6    -43.8    155.4
 43  72.5     37.9     30.4      7.5     19.9
 44  73.5     30.7     42.0    -11.3    -36.8
 45  74.5    -14.9     49.9    -64.8    435.2
 46  75.5     88.7     53.9     34.8     39.2
 47  76.5    143.9     54.0     89.9     62.5
 48  77.5     43.4     50.6     -7.2    -16.6
 49  78.5     -4.5     44.4    -48.9   1085.9
 50  79.5     -6.8     36.1    -42.9    630.5
 51  80.5     45.7     26.7     19.0     41.7
 52  81.5    110.3     17.0     93.3     84.6
 53  82.5     22.6      8.0     14.6     64.8
 54  83.5    -26.5      0.2    -26.7    100.6
 55  84.5    -37.8     -6.0    -31.8     84.2
 56  85.5    -44.5    -10.2    -34.3     77.1
 57  86.5      6.4    -12.6     19.0    297.0
 58  87.5    -20.4    -13.4     -7.0     34.2
 59  88.5    -56.6    -13.1    -43.5     76.9
