
 97
  1.5,  701.7
  2.5,  686.3
  3.5,  671.5
  4.5,  638.0
  5.5,  613.5
  6.5,  601.2
  7.5,  576.4
  8.5,  526.6
  9.5,  526.6
 10.5,  550.6
 11.5,  520.8
 12.5,  509.6
 13.5,  504.0
 14.5,  481.1
 15.5,  451.1
 16.5,  445.6
 17.5,  448.8
 18.5,  432.0
 19.5,  413.7
 20.5,  398.4
 21.5,  393.2
 22.5,  390.2
 23.5,  373.8
 24.5,  348.2
 25.5,  349.0
 26.5,  375.1
 27.5,  575.3
 28.5, 1089.2
 29.5, 1835.5
 30.5, 2541.0
 31.5, 2946.5
 32.5, 3175.0
 33.5, 3251.5
 34.5, 3336.0
 35.5, 3415.0
 36.5, 3357.5
 37.5, 3374.0
 38.5, 3455.5
 39.5, 3499.0
 40.5, 3537.0
 41.5, 3479.5
 42.5, 3378.0
 43.5, 3483.5
 44.5, 3533.0
 45.5, 3427.0
 46.5, 3475.5
 47.5, 3515.5
 48.5, 3458.0
 49.5, 3463.5
 50.5, 3492.5
 51.5, 3534.0
 52.5, 3519.5
 53.5, 3484.5
 54.5, 3463.0
 55.5, 3474.5
 56.5, 3394.5
 57.5, 3283.0
 58.5, 3360.5
 59.5, 3382.5
 60.5, 3298.5
 61.5, 3276.5
 62.5, 3214.5
 63.5, 3227.5
 64.5, 3316.0
 65.5, 3280.0
 66.5, 3217.5
 67.5, 3234.0
 68.5, 3264.5
 69.5, 3270.0
 70.5, 3248.5
 71.5, 3226.0
 72.5, 3281.5
 73.5, 3263.5
 74.5, 3207.0
 75.5, 3299.5
 76.5, 3343.5
 77.5, 3231.5
 78.5, 3172.0
 79.5, 3158.0
 80.5, 3198.5
 81.5, 3251.0
 82.5, 3151.0
 83.5, 3089.5
 84.5, 3065.5
 85.5, 3046.0
 86.5, 3084.0
 87.5, 3044.0
 88.5, 2994.5
 89.5, 2963.0
 90.5, 2976.0
 91.5, 3061.0
 92.5, 3115.0
 93.5, 3034.5
 94.5, 2932.5
 95.5, 2891.5
 96.5, 2761.0
 97.5, 2522.5
3281.5
 73.5, 3263.5
 74.5, 3207.0
 75.5, 3299.5
 76.5, 3343.5
 77.5,