98
1,706.5
2,697.0
3,675.7
4,667.3
5,608.6
6,618.5
7,583.9
8,568.8
9,484.4
10,568.7
11,532.5
12,509.1
13,510.1
14,497.9
15,464.2
16,438.0
17,453.3
18,444.3
19,419.7
20,407.6
21,389.2
22,397.1
23,383.3
24,364.4
25,331.9
26,366.0
27,384.2
28,766.4
29,1412.
30,2259.
31,2823.
32,3070.
33,3280.
34,3223.
35,3449.
36,3381.
37,3334.
38,3414.
39,3497.
40,3501.
41,3573.
42,3386.
43,3370.
44,3597.
45,3469.
46,3385.
47,3566.
48,3465.
49,3451.
50,3476.
51,3509.
52,3559.
53,3480.
54,3489.
55,3437.
56,3512.
57,3277.
58,3289.
59,3432.
60,3333.
61,3264.
62,3289.
63,3140.
64,3315.
65,3317.
66,3243.
67,3192.
68,3276.
69,3253.
70,3287.
71,3210.
72,3242.
73,3321.
74,3206.
75,3208.
76,3391.
77,3296.
78,3167.
79,3177.
80,3139.
81,3258.
82,3244.
83,3058.
84,3121.
85,3010.
86,3082.
87,3086.
88,3002.
89,2987.
90,2939.
91,3013.
92,3109.
93,3121.
94,2948.
95,2917.
96,2866.
97,2656.
98,2389.
98 PTS
64.
62,3289.
63,3140.
64,3315.
65,3317.
66,3243.
67,3192.
68,3276.
69,3253.
70,3287.
71,3210.
72,3242.
73,3321.
74,3206.
75,3208.
76,3391.
77,3296.
78,