
 59
  1  30.5   2541.0   2579.4    -38.4     -1.5
  2  31.5   2946.5   2905.3     41.2      1.4
  3  32.5   3175.0   3118.2     56.8      1.8
  4  33.5   3251.5   3256.8     -5.3     -0.2
  5  34.5   3336.0   3346.4    -10.4     -0.3
  6  35.5   3415.0   3403.7     11.3      0.3
  7  36.5   3357.5   3439.8    -82.3     -2.5
  8  37.5   3374.0   3461.8    -87.8     -2.6
  9  38.5   3455.5   3474.5    -19.0     -0.6
 10  39.5   3499.0   3481.1     17.9      0.5
 11  40.5   3537.0   3483.5     53.5      1.5
 12  41.5   3479.5   3483.1     -3.6     -0.1
 13  42.5   3378.0   3480.9   -102.9     -3.0
 14  43.5   3483.5   3477.4      6.1      0.2
 15  44.5   3533.0   3473.0     60.0      1.7
 16  45.5   3427.0   3467.9    -40.9     -1.2
 17  46.5   3475.5   3462.4     13.1      0.4
 18  47.5   3515.5   3456.5     59.0      1.7
 19  48.5   3458.0   3450.2      7.8      0.2
 20  49.5   3463.5   3443.7     19.8      0.6
 21  50.5   3492.5   3437.0     55.5      1.6
 22  51.5   3534.0   3430.0    104.0      2.9
 23  52.5   3519.5   3422.9     96.6      2.7
 24  53.5   3484.5   3415.6     68.9      2.0
 25  54.5   3463.0   3408.1     54.9      1.6
 26  55.5   3474.5   3400.4     74.1      2.1
 27  56.5   3394.5   3392.5      2.0      0.1
 28  57.5   3283.0   3384.5   -101.5     -3.1
 29  58.5   3360.5   3376.3    -15.8     -0.5
 30  59.5   3382.5   3367.9     14.6      0.4
 31  60.5   3298.5   3359.4    -60.9     -1.8
 32  61.5   3276.5   3350.7    -74.2     -2.3
 33  62.5   3214.5   3341.8   -127.3     -4.0
 34  63.5   3227.5   3332.7   -105.2     -3.3
 35  64.5   3316.0   3323.5     -7.5     -0.2
 36  65.5   3280.0   3314.1    -34.1     -1.0
 37  66.5   3217.5   3304.6    -87.1     -2.7
 38  67.5   3234.0   3294.8    -60.8     -1.9
 39  68.5   3264.5   3284.9    -20.4     -0.6
 40  69.5   3270.0   3274.8     -4.8     -0.1
 41  70.5   3248.5   3264.6    -16.1     -0.5
 42  71.5   3226.0   3254.2    -28.2     -0.9
 43  72.5   3281.5   3243.6     37.9      1.2
 44  73.5   3263.5   3232.8     30.7      0.9
 45  74.5   3207.0   3221.9    -14.9     -0.5
 46  75.5   3299.5   3210.8     88.7      2.7
 47  76.5   3343.5   3199.6    143.9      4.3
 48  77.5   3231.5   3188.1     43.4      1.3
 49  78.5   3172.0   3176.5     -4.5     -0.1
 50  79.5   3158.0   3164.8     -6.8     -0.2
 51  80.5   3198.5   3152.8     45.7      1.4
 52  81.5   3251.0   3140.7    110.3      3.4
 53  82.5   3151.0   3128.4     22.6      0.7
 54  83.5   3089.5   3116.0    -26.5     -0.9
 55  84.5   3065.5   3103.3    -37.8     -1.2
 56  85.5   3046.0   3090.5    -44.5     -1.5
 57  86.5   3084.0   3077.6      6.4      0.2
 58  87.5   3044.0   3064.4    -20.4     -0.7
 59  88.5   2994.5   3051.1    -56.6     -1.9
 RMS FIT:    57.948
 CORRELATION OF OBS AND PRED: 0.94561
  J PAR    COEF   S.E.
  1   A    3208.062      59.392
  2   B      -3.044       3.536
  3   K       0.418       0.063
  4  T0      27.627       0.460
  5   C      -0.085       0.047
  6  BK     343.200       0.000
  0.2
 58