
181
  1.5,  303.3
  2.5,  297.6
  3.5,  285.0
  4.5,  278.2
  5.5,  272.9
  6.5,  263.1
  7.5,  260.0
  8.5,  253.1
  9.5,  246.7
 10.5,  253.2
 11.5,  246.7
 12.5,  238.4
 13.5,  242.7
 14.5,  240.8
 15.5,  232.1
 16.5,  228.6
 17.5,  226.0
 18.5,  220.0
 19.5,  217.9
 20.5,  229.0
 21.5,  236.5
 22.5,  238.2
 23.5,  236.7
 24.5,  231.1
 25.5,  230.4
 26.5,  230.7
 27.5,  231.4
 28.5,  231.4
 29.5,  236.1
 30.5,  236.7
 31.5,  231.8
 32.5,  236.0
 33.5,  267.6
 34.5,  328.5
 35.5,  387.6
 36.5,  446.0
 37.5,  502.0
 38.5,  547.4
 39.5,  540.0
 40.5,  547.7
 41.5,  587.8
 42.5,  592.1
 43.5,  590.7
 44.5,  584.3
 45.5,  591.4
 46.5,  606.7
 47.5,  632.5
 48.5,  647.1
 49.5,  650.1
 50.5,  620.7
 51.5,  620.0
 52.5,  629.3
 53.5,  609.9
 54.5,  612.5
 55.5,  631.6
 56.5,  646.1
 57.5,  648.1
 58.5,  653.8
 59.5,  649.9
 60.5,  655.6
 61.5,  641.4
 62.5,  645.5
 63.5,  663.9
 64.5,  667.6
 65.5,  667.5
 66.5,  651.5
 67.5,  642.3
 68.5,  647.1
 69.5,  658.0
 70.5,  686.9
 71.5,  714.5
 72.5,  690.0
 73.5,  680.0
 74.5,  693.0
 75.5,  658.8
 76.5,  662.4
 77.5,  691.2
 78.5,  673.5
 79.5,  676.6
 80.5,  687.5
 81.5,  703.1
 82.5,  708.2
 83.5,  685.7
 84.5,  690.5
 85.5,  671.1
 86.5,  664.6
 87.5,  688.4
 88.5,  682.6
 89.5,  685.8
 90.5,  695.8
 91.5,  700.1
 92.5,  712.4
 93.5,  694.4
 94.5,  677.4
 95.5,  670.0
 96.5,  669.3
 97.5,  674.7
 98.5,  683.0
 99.5,  691.1
100.5,  661.6
101.5,  648.3
102.5,  646.8
103.5,  646.7
104.5,  652.1
105.5,  649.7
106.5,  669.2
107.5,  701.2
108.5,  681.4
109.5,  662.7
110.5,  660.4
111.5,  640.9
112.5,  632.9
113.5,  635.6
114.5,  650.6
115.5,  647.3
116.5,  638.2
117.5,  639.0
118.5,  644.8
119.5,  656.4
120.5,  656.5
121.5,  651.0
122.5,  648.3
123.5,  645.6
124.5,  638.1
125.5,  627.5
126.5,  632.0
127.5,  631.8
128.5,  631.5
129.5,  623.5
130.5,  620.0
131.5,  634.9
132.5,  633.7
133.5,  613.1
134.5,  614.3
135.5,  636.6
136.5,  641.8
137.5,  632.5
138.5,  622.3
139.5,  636.2
140.5,  635.4
141.5,  624.8
142.5,  601.9
143.5,  609.0
144.5,  623.0
145.5,  608.2
146.5,  615.7
147.5,  619.1
148.5,  628.5
149.5,  634.4
150.5,  618.8
151.5,  605.7
152.5,  618.4
153.5,  625.6
154.5,  615.5
155.5,  615.0
156.5,  620.5
157.5,  619.0
158.5,  627.7
159.5,  648.6
160.5,  669.5
161.5,  630.6
162.5,  602.2
163.5,  616.0
164.5,  590.6
165.5,  596.4
166.5,  615.3
167.5,  610.8
168.5,  569.5
169.5,  532.0
170.5,  539.3
171.5,  528.9
172.5,  530.0
173.5,  544.4
174.5,  531.8
175.5,  465.7
176.5,  403.2
177.5,  403.4
178.5,  402.9
179.5,  390.7
180.5,  374.5
181.5,  372.6
