
 84
  1  37.5    502.0    506.0     -4.0     -0.8
  2  38.5    547.4    531.2     16.2      3.0
  3  39.5    540.0    550.1    -10.1     -1.9
  4  40.5    547.7    564.4    -16.7     -3.1
  5  41.5    587.8    575.7     12.1      2.1
  6  42.5    592.1    584.7      7.4      1.3
  7  43.5    590.7    592.1     -1.4     -0.2
  8  44.5    584.3    598.3    -14.0     -2.4
  9  45.5    591.4    603.7    -12.3     -2.1
 10  46.5    606.7    608.6     -1.9     -0.3
 11  47.5    632.5    612.9     19.6      3.1
 12  48.5    647.1    617.0     30.1      4.7
 13  49.5    650.1    620.7     29.4      4.5
 14  50.5    620.7    624.3     -3.6     -0.6
 15  51.5    620.0    627.7     -7.7     -1.2
 16  52.5    629.3    630.9     -1.6     -0.3
 17  53.5    609.9    634.0    -24.1     -4.0
 18  54.5    612.5    637.0    -24.5     -4.0
 19  55.5    631.6    639.9     -8.3     -1.3
 20  56.5    646.1    642.6      3.5      0.5
 21  57.5    648.1    645.3      2.8      0.4
 22  58.5    653.8    647.9      5.9      0.9
 23  59.5    649.9    650.4     -0.5     -0.1
 24  60.5    655.6    652.8      2.8      0.4
 25  61.5    641.4    655.1    -13.7     -2.1
 26  62.5    645.5    657.3    -11.8     -1.8
 27  63.5    663.9    659.4      4.5      0.7
 28  64.5    667.6    661.4      6.2      0.9
 29  65.5    667.5    663.4      4.1      0.6
 30  66.5    651.5    665.2    -13.7     -2.1
 31  67.5    642.3    667.0    -24.7     -3.8
 32  68.5    647.1    668.7    -21.6     -3.3
 33  69.5    658.0    670.2    -12.2     -1.9
 34  70.5    686.9    671.7     15.2      2.2
 35  71.5    714.5    673.1     41.4      5.8
 36  72.5    690.0    674.5     15.5      2.3
 37  73.5    680.0    675.7      4.3      0.6
 38  74.5    693.0    676.8     16.2      2.3
 39  75.5    658.8    677.9    -19.1     -2.9
 40  76.5    662.4    678.8    -16.4     -2.5
 41  77.5    691.2    679.7     11.5      1.7
 42  78.5    673.5    680.5     -7.0     -1.0
 43  79.5    676.6    681.2     -4.6     -0.7
 44  80.5    687.5    681.8      5.7      0.8
 45  81.5    703.1    682.3     20.8      3.0
 46  82.5    708.2    682.8     25.4      3.6
 47  83.5    685.7    683.1      2.6      0.4
 48  84.5    690.5    683.3      7.2      1.0
 49  85.5    671.1    683.5    -12.4     -1.8
 50  86.5    664.6    683.6    -19.0     -2.9
 51  87.5    688.4    683.6      4.8      0.7
 52  88.5    682.6    683.5     -0.9     -0.1
 53  89.5    685.8    683.3      2.5      0.4
 54  90.5    695.8    683.0     12.8      1.8
 55  91.5    700.1    682.6     17.5      2.5
 56  92.5    712.4    682.2     30.2      4.2
 57  93.5    694.4    681.6     12.8      1.8
 58  94.5    677.4    681.0     -3.6     -0.5
 59  95.5    670.0    680.2    -10.2     -1.5
 60  96.5    669.3    679.4    -10.1     -1.5
 61  97.5    674.7    678.5     -3.8     -0.6
 62  98.5    683.0    677.5      5.5      0.8
 63  99.5    691.1    676.4     14.7      2.1
 64 100.5    661.6    675.3    -13.7     -2.1
 65 101.5    648.3    674.0    -25.7     -4.0
 66 102.5    646.8    672.7    -25.9     -4.0
 67 103.5    646.7    671.2    -24.5     -3.8
 68 104.5    652.1    669.7    -17.6     -2.7
 69 105.5    649.7    668.1    -18.4     -2.8
 70 106.5    669.2    666.4      2.8      0.4
 71 107.5    701.2    664.6     36.6      5.2
 72 108.5    681.4    662.7     18.7      2.7
 73 109.5    662.7    660.7      2.0      0.3
 74 110.5    660.4    658.7      1.7      0.3
 75 111.5    640.9    656.5    -15.6     -2.4
 76 112.5    632.9    654.3    -21.4     -3.4
 77 113.5    635.6    652.0    -16.4     -2.6
 78 114.5    650.6    649.6      1.0      0.2
 79 115.5    647.3    647.0      0.3      0.0
 80 116.5    638.2    644.5     -6.3     -1.0
 81 117.5    639.0    641.8     -2.8     -0.4
 82 118.5    644.8    639.0      5.8      0.9
 83 119.5    656.4    636.1     20.3      3.1
 84 120.5    656.5    633.2     23.3      3.5
 RMS FIT:    15.463
 CORRELATION OF OBS AND PRED: 0.92015
  J PAR    COEF   S.E.
  1   A     324.530      11.614
  2   B       4.769       0.497
  3   K       0.369       0.167
  4  T0      33.164       2.127
  5   C      -0.044       0.005
  6  BK     231.100       0.000
