180
1,301.2
2,305.4
3,289.7
4,280.2
5,276.2
6,269.6
7,256.6
8,263.5
9,242.8
10,250.5
11,255.9
12,237.4
13,239.5
14,246.0
15,235.5
16,228.7
17,228.5
18,223.5
19,216.4
20,219.3
21,238.8
22,234.2
23,242.2
24,231.2
25,231.1
26,229.6
27,231.9
28,231.0
29,231.8
30,240.4
31,233.0
32,230.5
33,241.5
34,293.7
35,363.2
36,421.0
37,479.9
38,524.2
39,570.7
40,509.4
41,586.0
42,589.6
43,594.7
44,586.7
45,581.9
46,601.0
47,612.4
48,652.6
49,641.7
50,658.5
51,582.8
52,657.2
53,601.4
54,618.4
55,606.5
56,656.6
57,635.6
58,660.6
59,646.9
60,652.8
61,658.3
62,624.5
63,666.4
64,661.3
65,673.9
66,661.1
67,641.9
68,642.7
69,651.9
70,664.1
71,709.5
72,719.4
73,660.6
74,699.3
75,686.7
76,630.9
77,693.9
78,688.4
79,658.6
80,694.6
81,680.3
82,726.0
83,690.4
84,680.9
85,700.1
86,647.0
87,687.2
88,689.6
89,675.6
90,696.1
91,695.5
92,794.7
93,720.2
94,668.7
95,686.2
96,653.9
97,684.7
98,664.7
99,701.4
100,680.7
101,642.5
102,654.1
103,639.5
104,653.9
105,650.3
106,649.2
107,689.2
108,713.2
109,649.6
110,675.8
111,644.9
113,628.9
114,642.3
115,658.9
116,635.6
117,640.9
118,637.0
119,652.6
120,660.2
121,652.9
122,649.1
123,647.6
124,643.6
125,632.6
126,622.4
127,641.6
128,622.0
129,640.9
130,606.1
131,633.9
132,635.8
133,631.5
134,594.6
135,634.1
137,644.3
138,620.8
139,623.8
140,648.7
141,622.2
142,627.5
143,576.4
144,641.6
145,604.4
146,546.6
147,619.5
148,618.8
149,638.2
150,630.5
151,607.2
152,604.3
153,632.6
154,613.6
155,612.5
156,617.5
157,623.5
158,614.5
159,641.0
160,656.2
161,682.8
162,578.5
163,626.0
164,606.1
165,575.2
166,617.6
167,613.1
168,608.5
169,530.6
170,533.5
171,545.3
172,512.5
173,547.4
174,541.5
175,522.1
176,409.3
177,397.1
178,409.7
179,396.5
180,385.2
181,363.9
182,381.2
8,618.8
149,638.2
150,630.5
151,607.2
