174
2,2232.8
3,2160.1
4,2178.9
5,1852.1
6,1749.0
7,1830.0
8,1527.1
9,1509.2
10,1312.5
11,1243.8
12,1357.0
13,1257.0
14,1133.6
15,975.8
16,1019.5
17,1040.7
18,1038.2
19,877.1
20,873.1
21,868.7
22,845.1
23,787.0
24,760.5
25,753.5
26,818.9
27,766.7
28,777.0
29,732.8
30,704,2
31,728.8
32,757.7
33,732.2
34,633.3
35,673.7
36,680.0
37,667.6
38,715.3
39,680.4
40,669.0
41,692.0
42,600.1
43,646.5
44,646.6
45,624.0
46,657.6
47,689.3
48,630.8
49,641.5
50,650.9
51,678.3
52,581.2
53,578.8
54,641.1
55,635.9
56,618.4
57,577.1
58,568.9
59,587.5
60,530.2
61,633.3
62,620.6
63,548.2
64,647.1
65,598.8
66,638.9
67,590.6
68,615.7
69,650.5
70,631.5
71,664.0
72,685.2
73,646.2
74,632.8
75,633.7
76,667.5
77,648.0
78,640.4
79,616.8
80,636.8
81,633.2
82,692.2
83,658.2
84,656.0
86,632.5
87,613.5
88,643.2
89,619.1
90,676.1
91,651.7
92,654.4
93,633.6
94,650.1
95,647.1
97,657.3
99,640.1
100,625.7
101,628.3
102,657.5
103,638.7
104,646.3
105,651.0
106,660.7
107,672.2
108,673.3
109,668.4
110,671.2
111,683.7
112,678.1
113,679.3
114,666.5
115,658.8
116,659.5
117,654.1
118,663.3
119,682.9
120,679.8
121,687.4
122,661.1
123,667.0
124,644.3
125,696.3
126,684.0
127,655.0
128,669.5
129,680.1
130,675.0
131,673.9
132,680.3
133,690.3
134,657.3
135,674.7
137,634.8
138,659.3
139,658.6
140,654.0
141,680.8
142,681.8
143,662.3
144,670.1
145,662.2
146,662.0
147,675.9
148,655.5
149,668.3
150,655.7
151,670.9
152,649.8
153,648.1
154,671.6
155,673.5
156,668.5
157,684.4
158,663.7
159,672.0
160,679.1
161,680.7
162,673.0
164,710.1
165,676.0
166,666.9
167,694.8
168,677.4
169,656.0
170,640.8
171,633.5
172,656.4
173,660.5
174,628.9
175,661.6
176,588.8
177,576.6
178,608.1
179,592.0
180,596.8
5,662.2
146,662.0
147,675.9
148,655.5
149,668.3
150,655.7
151,670.9
152,649.8
1