
      0.00000     -0.10556      0.00000      0.10556      3.14159
      0.01852     -0.42095      0.39297      0.57587      2.39056
      0.03704     -2.30747     -1.15311      2.57955     -2.67816
      0.05556     -3.63232     -0.82551      3.72495     -2.91812
      0.07407    -11.63396     -2.05645     11.81431     -2.96664
      0.09259     -4.86955      5.59290      7.41573      2.28717
      0.11111     -0.92771      9.26915      9.31546      1.67055
      0.12963      7.66885     -7.15180     10.48615     -0.75053
      0.14815      6.83639      4.48455      8.17603      0.58057
      0.16667      1.73889      3.55391      3.95652      1.11575
      0.18519      0.45754     -6.68746      6.70310     -1.50248
      0.20370      5.96195     -3.55363      6.94068     -0.53751
      0.22222     -0.45498     -1.77155      1.82905     -1.82219
      0.24074     -2.55579      0.63184      2.63274      2.89923
      0.25926      2.46456      5.75450      6.26006      1.16615
      0.27778      4.00830      5.77100      7.02644      0.96373
      0.29630     -5.52523      5.28603      7.64659      2.37832
      0.31481     -5.51891     -4.55334      7.15481     -2.45177
      0.33333      8.41667      2.39280      8.75019      0.27698
      0.35185     -4.84324      0.97581      4.94056      2.94277
      0.37037     -0.00815     -0.76724      0.76729     -1.58142
      0.38889     -0.83708      3.52693      3.62491      1.80383
      0.40741      3.02509     -1.25814      3.27629     -0.39414
      0.42593      2.27463      5.81977      6.24849      1.19821
      0.44444     -3.24510      2.70986      4.22776      2.44583
      0.46296     -3.58031      0.25851      3.58963      3.06952
      0.48148      1.20790     -0.44849      1.28847     -0.35552
      0.50000     -3.09444     -0.00000      3.09444     -3.14159
    -99.00000
