100
1,486.6
2,482.2
3,458.4
4,457.6
5,448.3
6,452.4
7,445.8
8,438.1
9,416.2
10,432.8
11,442.1
12,411.7
13,411.7
14,421.2
15,418.4
16,413.6
17,401.7
18,391.5
19,391.6
20,381.6
21,386.9
22,368.2
23,361.9
24,340.9
25,376.3
26,375.9
27,365.5
28,351.8
29,353.9
30,363.8
31,347.8
32,380.6
33,408.7
34,383.9
35,384.5
36,459.5
37,659.6
38,864.8
39,965.2
40,1046.8
41,1041.3
42,1098.4
43,1103.2
44,1163.2
45,1212.4
46,1197.6
47,1171.3
48,1220.4
49,1158.0
50,1111.4
51,1041.9
52,1180.2
53,1199.0
54,1199.6
55,1217.2
56,1302.1
57,1292.5
58,1224.1
59,1154.2
60,1137.8
61,1162.9
62,1153.2
63,1176.0
64,1223.0
65,1122.7
66,1168.8
67,1180.1
68,1250.5
69,1162.9
70,1192.0
71,1237.5
72,1190.1
73,1140.4
74,1112.8
75,1198.9
76,1117.8
77,1183.8
78,1230.8
79,1089.2
80,1045.7
81,1106.9
82,1162.9
83,1097.2
84,1216.6
85,1119.8
86,1053.8
87,1121.1
88,1058.4
89,1011.1
90,1077.3
91,1131.8
92,1058.1
93,1014.3
94,1019.6
95,944.2
96,879.8
97,811.5
98,742.3
99,655.0
100,612.5
7
66,1168.8
67,1180.1
68,1250.5
69,1162.9
70,1192.0
71,1237.5
72,1190.1
73,1140.4
74,1112.