55
  1  36.0    459.5    450.6      8.9      1.9
  2  37.0    659.6    688.1    -28.5     -4.3
  3  38.0    864.8    847.2     17.6      2.0
  4  39.0    965.2    954.1     11.1      1.2
  5  40.0   1046.8   1026.3     20.5      2.0
  6  41.0   1041.3   1075.4    -34.1     -3.3
  7  42.0   1098.4   1109.2    -10.8     -1.0
  8  43.0   1103.2   1132.7    -29.5     -2.7
  9  44.0   1163.2   1149.3     13.9      1.2
 10  45.0   1212.4   1161.3     51.1      4.2
 11  46.0   1197.6   1170.1     27.5      2.3
 12  47.0   1171.3   1176.7     -5.4     -0.5
 13  48.0   1220.4   1181.8     38.6      3.2
 14  49.0   1158.0   1185.8    -27.8     -2.4
 15  50.0   1111.4   1189.0    -77.6     -7.0
 16  51.0   1145.8   1191.6    -45.8     -4.0
 17  52.0   1180.2   1193.7    -13.5     -1.1
 18  53.0   1199.0   1195.3      3.7      0.3
 19  54.0   1199.6   1196.6      3.0      0.3
 20  55.0   1217.2   1197.5     19.7      1.6
 21  56.0   1302.1   1198.2    103.9      8.0
 22  57.0   1292.5   1198.5     94.0      7.3
 23  58.0   1224.1   1198.6     25.5      2.1
 24  59.0   1154.2   1198.4    -44.2     -3.8
 25  60.0   1137.8   1198.0    -60.2     -5.3
 26  61.0   1162.9   1197.2    -34.3     -3.0
 27  62.0   1153.2   1196.2    -43.0     -3.7
 28  63.0   1176.0   1195.0    -19.0     -1.6
 29  64.0   1223.0   1193.4     29.6      2.4
 30  65.0   1122.7   1191.7    -69.0     -6.1
 31  66.0   1168.8   1189.6    -20.8     -1.8
 32  67.0   1180.1   1187.3     -7.2     -0.6
 33  68.0   1250.5   1184.8     65.7      5.3
 34  69.0   1162.9   1181.9    -19.0     -1.6
 35  70.0   1192.0   1178.9     13.1      1.1
 36  71.0   1237.5   1175.5     62.0      5.0
 37  72.0   1190.1   1171.9     18.2      1.5
 38  73.0   1140.4   1168.1    -27.7     -2.4
 39  74.0   1112.8   1163.9    -51.1     -4.6
 40  75.0   1198.9   1159.6     39.3      3.3
 41  76.0   1117.8   1154.9    -37.1     -3.3
 42  77.0   1183.8   1150.0     33.8      2.9
 43  78.0   1230.8   1144.8     86.0      7.0
 44  79.0   1089.2   1139.4    -50.2     -4.6
 45  80.0   1045.7   1133.7    -88.0     -8.4
 46  81.0   1106.9   1127.8    -20.9     -1.9
 47  82.0   1162.9   1121.6     41.3      3.6
 48  83.0   1097.2   1115.1    -17.9     -1.6
 49  84.0   1216.6   1108.4    108.2      8.9
 50  85.0   1119.8   1101.4     18.4      1.6
 51  86.0   1053.8   1094.2    -40.4     -3.8
 52  87.0   1121.1   1086.7     34.4      3.1
 53  88.0   1058.4   1078.9    -20.5     -1.9
 54  89.0   1011.1   1070.9    -59.8     -5.9
 55  90.0   1077.3   1062.6     14.7      1.4
SSQ                            18.69
RMS FIT:    44.619
CORRELATION OF OBS AND PRED: 0.94420
 J PAR    COEF   S.E.
 1   A     779.476      43.922
 2   B       5.706       2.996
 3   K       0.419       0.071
 4  T0      35.694       0.174
 5   C      -0.130       0.046
 6  BK     356.600       0.000

0.9    -59.8     -5.9
 55  90.0   1077.3   1062.6     14.7      1.4
SSQ                            18.69
RMS FIT:    44.619
CORRELATION OF OBS AND PRED: 0.94420
 J 