57
  1  21.0   7310.0   7069.7    240.3      3.3
  2  22.0  15308.0  15999.4   -691.4     -4.5
  3  23.0  20340.0  20321.5     18.5      0.1
  4  24.0  22848.0  22434.3    413.7      1.8
  5  25.0  24019.0  23486.8    532.2      2.2
  6  26.0  24207.0  24029.4    177.6      0.7
  7  27.0  24910.0  24325.6    584.4      2.3
  8  28.0  24793.0  24501.6    291.4      1.2
  9  29.0  24717.0  24617.7     99.3      0.4
 10  30.0  24863.0  24703.0    160.0      0.6
 11  31.0  23835.0  24771.1   -936.1     -3.9
 12  32.0  24915.0  24828.8     86.2      0.3
 13  33.0  24976.0  24879.1     96.9      0.4
 14  34.0  24764.0  24923.6   -159.6     -0.6
 15  35.0  24551.0  24963.1   -412.1     -1.7
 16  36.0  23931.0  24997.8  -1066.8     -4.5
 17  37.0  24847.0  25028.0   -181.0     -0.7
 18  38.0  25095.0  25053.6     41.4      0.2
 19  39.0  24498.0  25074.9   -576.9     -2.4
 20  40.0  23623.0  25091.6  -1468.6     -6.2
 21  41.0  24340.0  25104.0   -764.0     -3.1
 22  42.0  24900.0  25111.9   -211.9     -0.9
 23  43.0  25964.0  25115.4    848.6      3.3
 24  44.0  25368.0  25114.5    253.5      1.0
 25  45.0  25679.0  25109.2    569.8      2.2
 26  46.0  25185.0  25099.4     85.6      0.3
 27  47.0  24179.0  25085.3   -906.3     -3.7
 28  48.0  26044.0  25066.7    977.3      3.8
 29  49.0  25075.0  25043.7     31.3      0.1
 30  50.0  25470.0  25016.3    453.7      1.8
 31  51.0  26208.0  24984.4   1223.6      4.7
 32  52.0  25646.0  24948.2    697.8      2.7
 33  53.0  26508.0  24907.5   1600.5      6.0
 34  54.0  25879.0  24862.4   1016.6      3.9
 35  55.0  24751.0  24812.9    -61.9     -0.3
 36  56.0  24534.0  24758.9   -224.9     -0.9
 37  57.0  26000.0  24700.6   1299.4      5.0
 38  58.0  24920.0  24637.8    282.2      1.1
 39  59.0  24131.0  24570.6   -439.6     -1.8
 40  60.0  24083.0  24499.0   -416.0     -1.7
 41  61.0  23025.0  24423.0  -1398.0     -6.1
 42  62.0  22832.0  24342.6  -1510.6     -6.6
 43  63.0  23649.0  24257.7   -608.7     -2.6
 44  64.0  23440.0  24168.4   -728.4     -3.1
 45  65.0  24214.0  24074.7    139.3      0.6
 46  66.0  22986.0  23976.6   -990.6     -4.3
 47  67.0  22600.0  23874.1  -1274.1     -5.6
 48  68.0  24026.0  23767.1    258.9      1.1
 49  69.0  25070.0  23655.8   1414.2      5.6
 50  70.0  24076.0  23540.0    536.0      2.2
 51  71.0  24443.0  23419.8   1023.2      4.2
 52  72.0  23924.0  23295.1    628.9      2.6
 53  73.0  21787.0  23166.1  -1379.1     -6.3
 54  74.0  22502.0  23032.6   -530.6     -2.4
 55  75.0  22491.0  22894.8   -403.8     -1.8
 56  76.0  24021.0  22752.5   1268.5      5.3
 57  77.0  22596.0  22605.7     -9.7      0.0
SSQ                           330.20
RMS FIT:   763.706
CORRELATION OF OBS AND PRED: 0.96110
 J PAR    COEF   S.E.
 1   A   21681.426     500.754
 2   B      99.980      36.249
 3   K       0.741       0.086
 4  T0      20.665       0.083
 5   C      -2.209       0.569
 6  BK    2303.000       0.000

2.5   1268.5      5.3
 57  77.0  22596.0  22605.7     -9.7      0.0
SSQ  