
      0.00000     -1.02857      0.00000      1.02857      3.14159
      0.01786     44.82925     14.20226     47.02516      0.30680
      0.03571    237.87651     89.11445    254.02091      0.35844
      0.05357    110.24425    106.23901    153.10298      0.76690
      0.07143   -142.67083     57.29945    153.74717      2.75969
      0.08929    -20.86668    -83.56741     86.13321     -1.81549
      0.10714    -39.30966     62.91742     74.18794      2.12924
      0.12500    -68.46082     51.29677     85.54673      2.49855
      0.14286     65.48868     70.70690     96.37548      0.82369
      0.16071   -115.33012    140.30226    181.61983      2.25882
      0.17857     42.37545   -119.15379    126.46463     -1.22911
      0.19643     96.95941    -33.69915    102.64873     -0.33450
      0.21429    -16.64358   -110.30638    111.55495     -1.72055
      0.23214    -27.49501     46.01940     53.60747      2.10935
      0.25000     73.16608    -41.30536     84.02028     -0.51394
      0.26786     65.33579     96.21872    116.30480      0.97428
      0.28571    -46.87451    -27.45081     54.32096     -2.61181
      0.30357      5.13587    -10.67547     11.84663     -1.12239
      0.32143    -54.11554    -26.95569     60.45743     -2.67946
      0.33929    -78.29208    -76.25886    109.29347     -2.36935
      0.35714     74.68406    -82.36097    111.18020     -0.83424
      0.37500    -12.39990    -26.38894     29.15705     -2.01007
      0.39286    -62.96827    -51.82623     81.55343     -2.45295
      0.41071    -27.15286     20.70858     34.14855      2.49003
      0.42857    -47.81060   -102.51064    113.11182     -2.00720
      0.44643    -26.59765     20.29076     33.45370      2.48990
      0.46429    -51.09955     -5.41916     51.38610     -3.03594
      0.48214     33.09054    -15.17220     36.40301     -0.42990
      0.50000      5.58036     -0.00001      5.58036     -0.00000
    -99.00000
