73
  1,  2382.
  2,  2379.
  3,  2237.
  4,  2192.
  5,  2104.
  6,  2097.
  7,  2032.
  8,  1942.
  9,  1917.
 10,  1830.
 11,  1772.
 12,  1749.
 13,  1680.
 14,  1705.
 15,  1599.
 16,  1658.
 17,  1562.
 18,  1522.
 19,  1506.
 20,  1834.
 21,  2537.
 22,  2895.
 23,  3075.
 24,  3165.
 25,  3136.
 26,  3228.
 27,  3245.
 28,  3210.
 29,  3302.
 30,  3269.
 31,  3363.
 32,  3309.
 33,  3405.
 34,  3402.
 35,  3461.
 36,  3391.
 37,  3309.
 38,  3350.
 39,  3337.
 40,  3307.
 41,  3274.
 42,  3352.
 43,  3345.
 44,  3379.
 45,  3342.
 46,  3331.
 47,  3241.
 48,  3273.
 49,  3299.
 50,  3311.
 51,  3284.
 52,  3240.
 53,  3168.
 54,  3239.
 55,  3221.
 56,  3115.
 57,  3202.
 58,  3173.
 59,  3132.
 60,  3124.
 61,  3249.
 62,  3165.
 63,  3099.
 64,  3151.
 65,  3174.
 66,  3133.
 67,  3095.
 68,  3115.
 69,  3137.
 70,  3022.
 71,  2997.
 72,  3086.
 73,  3112.
379.
 45,  3342.
 46,  3331.
 47,  3241.
 48,  3273.
 49,  3299.
 50,  3311.
 51,  3284.
 52,  3240.
 53,  3168.
 54,  3239.
 55,  3221.
 56,  3115.
 57,  3202.
 58,  3173.
 59,  3132