109
  1  39.0    843.0    833.6      9.4      1.1
  2  40.0    991.0   1037.0    -46.0     -4.6
  3  41.0   1187.0   1190.2     -3.2     -0.3
  4  42.0   1350.0   1305.5     44.5      3.3
  5  43.0   1426.0   1392.4     33.6      2.4
  6  44.0   1469.0   1458.0     11.0      0.7
  7  45.0   1506.0   1507.5     -1.5     -0.1
  8  46.0   1569.0   1544.9     24.1      1.5
  9  47.0   1557.0   1573.1    -16.1     -1.0
 10  48.0   1608.0   1594.6     13.4      0.8
 11  49.0   1575.0   1610.8    -35.8     -2.3
 12  50.0   1561.0   1623.2    -62.2     -4.0
 13  51.0   1631.0   1632.7     -1.7     -0.1
 14  52.0   1597.0   1639.9    -42.9     -2.7
 15  53.0   1602.0   1645.5    -43.5     -2.7
 16  54.0   1643.0   1649.8     -6.8     -0.4
 17  55.0   1631.0   1653.1    -22.1     -1.4
 18  56.0   1579.0   1655.7    -76.7     -4.9
 19  57.0   1651.0   1657.8     -6.8     -0.4
 20  58.0   1651.0   1659.3     -8.3     -0.5
 21  59.0   1628.0   1660.6    -32.6     -2.0
 22  60.0   1641.0   1661.6    -20.6     -1.3
 23  61.0   1647.0   1662.3    -15.3     -0.9
 24  62.0   1716.0   1662.9     53.1      3.1
 25  63.0   1684.0   1663.4     20.6      1.2
 26  64.0   1625.0   1663.7    -38.7     -2.4
 27  65.0   1727.0   1664.0     63.0      3.7
 28  66.0   1678.0   1664.1     13.9      0.8
 29  67.0   1705.0   1664.2     40.8      2.4
 30  68.0   1697.0   1664.2     32.8      1.9
 31  69.0   1731.0   1664.1     66.9      3.9
 32  70.0   1730.0   1664.0     66.0      3.8
 33  71.0   1710.0   1663.8     46.2      2.7
 34  72.0   1681.0   1663.5     17.5      1.0
 35  73.0   1650.0   1663.2    -13.2     -0.8
 36  74.0   1659.0   1662.9     -3.9     -0.2
 37  75.0   1665.0   1662.5      2.5      0.2
 38  76.0   1685.0   1662.0     23.0      1.4
 39  77.0   1688.0   1661.5     26.5      1.6
 40  78.0   1649.0   1661.0    -12.0     -0.7
 41  79.0   1653.0   1660.4     -7.4     -0.4
 42  80.0   1654.0   1659.7     -5.7     -0.3
 43  81.0   1636.0   1659.0    -23.0     -1.4
 44  82.0   1638.0   1658.3    -20.3     -1.2
 45  83.0   1646.0   1657.5    -11.5     -0.7
 46  84.0   1706.0   1656.6     49.4      2.9
 47  85.0   1665.0   1655.7      9.3      0.6
 48  86.0   1680.0   1654.8     25.2      1.5
 49  87.0   1695.0   1653.8     41.2      2.4
 50  88.0   1684.0   1652.8     31.2      1.9
 51  89.0   1666.0   1651.7     14.3      0.9
 52  90.0   1676.0   1650.5     25.5      1.5
 53  91.0   1687.0   1649.3     37.7      2.2
 54  92.0   1644.0   1648.1     -4.1     -0.2
 55  93.0   1598.0   1646.8    -48.8     -3.1
 56  94.0   1643.0   1645.5     -2.5     -0.2
 57  95.0   1600.0   1644.1    -44.1     -2.8
 58  96.0   1673.0   1642.7     30.3      1.8
 59  97.0   1662.0   1641.2     20.8      1.3
 60  98.0   1637.0   1639.7     -2.7     -0.2
 61  99.0   1626.0   1638.1    -12.1     -0.7
 62 100.0   1685.0   1636.4     48.6      2.9
 63 101.0   1628.0   1634.8     -6.8     -0.4
 64 102.0   1656.0   1633.0     23.0      1.4
 65 103.0   1670.0   1631.3     38.7      2.3
 66 104.0   1570.0   1629.5    -59.5     -3.8
 67 105.0   1610.0   1627.6    -17.6     -1.1
 68 106.0   1558.0   1625.7    -67.7     -4.3
 69 107.0   1595.0   1623.7    -28.7     -1.8
 70 108.0   1644.0   1621.7     22.3      1.4
 71 109.0   1627.0   1619.6      7.4      0.5
 72 110.0   1594.0   1617.5    -23.5     -1.5
 73 111.0   1541.0   1615.3    -74.3     -4.8
 74 112.0   1574.0   1613.1    -39.1     -2.5
 75 113.0   1603.0   1610.9     -7.9     -0.5
 76 114.0   1599.0   1608.6     -9.6     -0.6
 77 115.0   1544.0   1606.2    -62.2     -4.0
 78 116.0   1629.0   1603.8     25.2      1.5
 79 117.0   1589.0   1601.3    -12.3     -0.8
 80 118.0   1543.0   1598.8    -55.8     -3.6
 81 119.0   1562.0   1596.3    -34.3     -2.2
 82 120.0   1562.0   1593.7    -31.7     -2.0
 83 121.0   1632.0   1591.0     41.0      2.5
 84 122.0   1617.0   1588.3     28.7      1.8
 85 123.0   1621.0   1585.6     35.4      2.2
 86 124.0   1544.0   1582.8    -38.8     -2.5
 87 125.0   1548.0   1580.0    -32.0     -2.1
 88 126.0   1551.0   1577.1    -26.1     -1.7
 89 127.0   1551.0   1574.1    -23.1     -1.5
 90 128.0   1600.0   1571.1     28.9      1.8
 91 129.0   1575.0   1568.1      6.9      0.4
 92 130.0   1599.0   1565.0     34.0      2.1
 93 131.0   1585.0   1561.9     23.1      1.5
 94 132.0   1548.0   1558.7    -10.7     -0.7
 95 133.0   1587.0   1555.4     31.6      2.0
 96 134.0   1508.0   1552.2    -44.2     -2.9
 97 135.0   1576.0   1548.8     27.2      1.7
 98 136.0   1539.0   1545.5     -6.5     -0.4
 99 137.0   1548.0   1542.0      6.0      0.4
100 138.0   1589.0   1538.6     50.4      3.2
101 139.0   1505.0   1535.0    -30.0     -2.0
102 140.0   1517.0   1531.5    -14.5     -1.0
103 141.0   1460.0   1527.8    -67.8     -4.6
104 142.0   1537.0   1524.2     12.8      0.8
105 143.0   1540.0   1520.4     19.6      1.3
106 144.0   1546.0   1516.7     29.3      1.9
107 145.0   1556.0   1512.8     43.2      2.8
108 146.0   1556.0   1509.0     47.0      3.0
109 147.0   1498.0   1505.1     -7.1     -0.5
SSQ                            33.29
RMS FIT:    33.581
CORRELATION OF OBS AND PRED: 0.96077
 J PAR    COEF   S.E.
 1   A     890.190      18.051
 2   B       1.334       0.657
 3   K       0.287       0.023
 4  T0      38.683       0.138
 5   C      -0.024       0.005
 6  BK     756.000       0.000

9.0     47.0      3.0
109 147.0   1498.0   1505.1     -7.1     -0.5
SSQ                            33.29
RMS FIT:    33.581
CORRELATION OF OBS AND PRED: 0.96077
 J PAR    COEF   S.E.
 1   A     890.190      18.051
 2   B       1.334       0.657
 3   K       0.287       0.023
 4  T0      38.683       0.138
 