105
  1  43.0   1426.0   1454.8    -28.8     -2.0
  2  44.0   1469.0   1480.6    -11.6     -0.8
  3  45.0   1506.0   1503.8      2.2      0.1
  4  46.0   1569.0   1524.8     44.2      2.8
  5  47.0   1557.0   1543.7     13.3      0.9
  6  48.0   1608.0   1560.7     47.3      2.9
  7  49.0   1575.0   1576.0     -1.0     -0.1
  8  50.0   1561.0   1589.7    -28.7     -1.8
  9  51.0   1631.0   1601.9     29.1      1.8
 10  52.0   1597.0   1612.9    -15.9     -1.0
 11  53.0   1602.0   1622.6    -20.6     -1.3
 12  54.0   1643.0   1631.3     11.7      0.7
 13  55.0   1631.0   1639.0     -8.0     -0.5
 14  56.0   1579.0   1645.8    -66.8     -4.2
 15  57.0   1651.0   1651.7     -0.7      0.0
 16  58.0   1651.0   1656.9     -5.9     -0.4
 17  59.0   1628.0   1661.5    -33.5     -2.1
 18  60.0   1641.0   1665.4    -24.4     -1.5
 19  61.0   1647.0   1668.8    -21.8     -1.3
 20  62.0   1716.0   1671.6     44.4      2.6
 21  63.0   1684.0   1674.0     10.0      0.6
 22  64.0   1625.0   1675.9    -50.9     -3.1
 23  65.0   1727.0   1677.5     49.5      2.9
 24  66.0   1678.0   1678.7     -0.7      0.0
 25  67.0   1705.0   1679.6     25.4      1.5
 26  68.0   1697.0   1680.1     16.9      1.0
 27  69.0   1731.0   1680.5     50.5      2.9
 28  70.0   1730.0   1680.5     49.5      2.9
 29  71.0   1710.0   1680.4     29.6      1.7
 30  72.0   1681.0   1680.0      1.0      0.1
 31  73.0   1650.0   1679.5    -29.5     -1.8
 32  74.0   1659.0   1678.8    -19.8     -1.2
 33  75.0   1665.0   1678.0    -13.0     -0.8
 34  76.0   1685.0   1677.0      8.0      0.5
 35  77.0   1688.0   1675.8     12.2      0.7
 36  78.0   1649.0   1674.6    -25.6     -1.6
 37  79.0   1653.0   1673.3    -20.3     -1.2
 38  80.0   1654.0   1671.8    -17.8     -1.1
 39  81.0   1636.0   1670.3    -34.3     -2.1
 40  82.0   1638.0   1668.7    -30.7     -1.9
 41  83.0   1646.0   1667.0    -21.0     -1.3
 42  84.0   1706.0   1665.3     40.7      2.4
 43  85.0   1665.0   1663.5      1.5      0.1
 44  86.0   1680.0   1661.6     18.4      1.1
 45  87.0   1695.0   1659.7     35.3      2.1
 46  88.0   1684.0   1657.8     26.2      1.6
 47  89.0   1666.0   1655.8     10.2      0.6
 48  90.0   1676.0   1653.7     22.3      1.3
 49  91.0   1687.0   1651.7     35.3      2.1
 50  92.0   1644.0   1649.6     -5.6     -0.3
 51  93.0   1598.0   1647.4    -49.4     -3.1
 52  94.0   1643.0   1645.3     -2.3     -0.1
 53  95.0   1600.0   1643.1    -43.1     -2.7
 54  96.0   1673.0   1640.9     32.1      1.9
 55  97.0   1662.0   1638.7     23.3      1.4
 56  98.0   1637.0   1636.5      0.5      0.0
 57  99.0   1626.0   1634.2     -8.2     -0.5
 58 100.0   1685.0   1632.0     53.0      3.1
 59 101.0   1628.0   1629.7     -1.7     -0.1
 60 102.0   1656.0   1627.4     28.6      1.7
 61 103.0   1670.0   1625.1     44.9      2.7
 62 104.0   1570.0   1622.8    -52.8     -3.4
 63 105.0   1610.0   1620.5    -10.5     -0.6
 64 106.0   1558.0   1618.1    -60.1     -3.9
 65 107.0   1595.0   1615.8    -20.8     -1.3
 66 108.0   1644.0   1613.5     30.5      1.9
 67 109.0   1627.0   1611.1     15.9      1.0
 68 110.0   1594.0   1608.7    -14.7     -0.9
 69 111.0   1541.0   1606.4    -65.4     -4.2
 70 112.0   1574.0   1604.0    -30.0     -1.9
 71 113.0   1603.0   1601.7      1.3      0.1
 72 114.0   1599.0   1599.3     -0.3      0.0
 73 115.0   1544.0   1596.9    -52.9     -3.4
 74 116.0   1629.0   1594.5     34.5      2.1
 75 117.0   1589.0   1592.1     -3.1     -0.2
 76 118.0   1543.0   1589.7    -46.7     -3.0
 77 119.0   1562.0   1587.4    -25.4     -1.6
 78 120.0   1562.0   1585.0    -23.0     -1.5
 79 121.0   1632.0   1582.6     49.4      3.0
 80 122.0   1617.0   1580.2     36.8      2.3
 81 123.0   1621.0   1577.8     43.2      2.7
 82 124.0   1544.0   1575.4    -31.4     -2.0
 83 125.0   1548.0   1573.0    -25.0     -1.6
 84 126.0   1551.0   1570.6    -19.6     -1.3
 85 127.0   1551.0   1568.2    -17.2     -1.1
 86 128.0   1600.0   1565.8     34.2      2.1
 87 129.0   1575.0   1563.4     11.6      0.7
 88 130.0   1599.0   1561.0     38.0      2.4
 89 131.0   1585.0   1558.5     26.5      1.7
 90 132.0   1548.0   1556.1     -8.1     -0.5
 91 133.0   1587.0   1553.7     33.3      2.1
 92 134.0   1508.0   1551.3    -43.3     -2.9
 93 135.0   1576.0   1548.9     27.1      1.7
 94 136.0   1539.0   1546.5     -7.5     -0.5
 95 137.0   1548.0   1544.1      3.9      0.3
 96 138.0   1589.0   1541.7     47.3      3.0
 97 139.0   1505.0   1539.3    -34.3     -2.3
 98 140.0   1517.0   1536.9    -19.9     -1.3
 99 141.0   1460.0   1534.4    -74.4     -5.1
100 142.0   1537.0   1532.0      5.0      0.3
101 143.0   1540.0   1529.6     10.4      0.7
102 144.0   1546.0   1527.2     18.8      1.2
103 145.0   1556.0   1524.8     31.2      2.0
104 146.0   1556.0   1522.4     33.6      2.2
105 147.0   1498.0   1520.0    -22.0     -1.5
RMS FIT:    30.869
CORRELATION OF OBS AND PRED: 0.87090
 J PAR    COEF   S.E.
 1   A    1046.127      18.900
 2   B      -2.415       0.214
 3   K       0.091       0.014
 4  T0      30.177       2.113

.0   1527.2     18.8      1.2
103 145.0   1556.0   1524.8     31.2      2.0
104 146.0   1556.0   1522.4     33.6      2.2
105 147.0   1498.0   1520.0    -22.0     -1.5
RMS FIT:    30.869
CORRELATION OF OBS AND PRED: 0.8