
      0.00000      0.19741      0.00000      0.19741      0.00000
      0.00943      0.30653     -4.31261      4.32349     -1.49984
      0.01887      1.10978     -6.80999      6.89983     -1.40925
      0.02830     -0.38099      4.33210      4.34882      1.65852
      0.03774      7.24447      1.33251      7.36600      0.18190
      0.04717     -3.72203     -4.21727      5.62484     -2.29390
      0.05660     -1.76167      0.92206      1.98838      2.65940
      0.06604     -4.90556     -0.06286      4.90596     -3.12878
      0.07547      0.14387      0.83961      0.85185      1.40109
      0.08491     -3.38520      1.18801      3.58761      2.80408
      0.09434     -3.02833     -0.42407      3.05788     -3.00246
      0.10377     -2.06959      0.18850      2.07816      3.05076
      0.11321      1.37169      0.90650      1.64417      0.58398
      0.12264      0.19164      1.35403      1.36753      1.43020
      0.13208     -0.38936     -6.67235      6.68370     -1.62908
      0.14151      2.78514      1.44597      3.13813      0.47887
      0.15094     -2.09360      4.52918      4.98966      2.00379
      0.16038     -1.81049      2.94377      3.45596      2.12219
      0.16981     -2.50018      0.28892      2.51681      3.02654
      0.17925     -0.68279     -1.30243      1.47055     -2.05365
      0.18868     -2.18964      1.84844      2.86553      2.44049
      0.19811     -1.84834     -2.40017      3.02939     -2.22703
      0.20755      0.63470      0.87069      1.07747      0.94089
      0.21698      2.70611      0.39446      2.73471      0.14475
      0.22642     -0.42094      0.86735      0.96410      2.02263
      0.23585     -3.83187      1.15025      4.00079      2.84997
      0.24528     -1.54435      0.23040      1.56144      2.99349
      0.25472      0.70650     -1.63648      1.78247     -1.16325
      0.26415     -1.88493     -0.25287      1.90181     -3.00824
      0.27358      2.23322      4.18836      4.74654      1.08095
      0.28302      0.81545     -0.57728      0.99910     -0.61603
      0.29245     -0.84761     -0.53981      1.00490     -2.57450
      0.30189      0.05264     -0.93677      0.93825     -1.51466
      0.31132      2.63491     -3.11570      4.08048     -0.86881
      0.32075      0.39203     -0.10104      0.40484     -0.25224
      0.33019      1.40733     -1.71280      2.21682     -0.88299
      0.33962     -1.24158     -0.35292      1.29076     -2.86465
      0.34906      4.35356     -0.74354      4.41660     -0.16916
      0.35849      1.12688     -2.40004      2.65142     -1.13182
      0.36792      1.22544      4.06828      4.24883      1.27822
      0.37736      0.63534      1.29778      1.44495      1.11554
      0.38679      0.84180      0.33227      0.90500      0.37594
      0.39623     -2.40305      1.99190      3.12127      2.44947
      0.40566      1.11850     -1.56267      1.92172     -0.94957
      0.41509      3.17215      0.37672      3.19445      0.11821
      0.42453     -4.55804     -2.69455      5.29494     -2.60770
      0.43396      0.91357     -2.65190      2.80485     -1.23903
      0.44340      2.75506     -0.54366      2.80819     -0.19483
      0.45283      0.93989     -1.04438      1.40503     -0.83801
      0.46226      1.44282      1.29989      1.94202      0.73333
      0.47170     -1.66859      0.64854      1.79019      2.77089
      0.48113      3.47686      0.54517      3.51934      0.15553
      0.49057      0.46383     -0.50729      0.68737     -0.83012
      0.50000      0.51958     -0.00000      0.51958     -0.00000
    -99.00000
