 51
  1  20.0   3498.0   3362.6    135.4      3.9
  2  21.0   5088.0   5327.8   -239.8     -4.7
  3  22.0   6427.0   6630.3   -203.3     -3.2
  4  23.0   7785.0   7493.8    291.2      3.7
  5  24.0   8315.0   8066.4    248.6      3.0
  6  25.0   8176.0   8446.1   -270.1     -3.3
  7  26.0   8950.0   8697.9    252.1      2.8
  8  27.0   8941.0   8864.6     76.4      0.9
  9  28.0   8869.0   8974.7   -105.7     -1.2
 10  29.0   8877.0   9046.9   -169.9     -1.9
 11  30.0   8810.0   9093.7   -283.7     -3.2
 12  31.0   9102.0   9123.3    -21.3     -0.2
 13  32.0   9316.0   9141.2    174.8      1.9
 14  33.0   9158.0   9150.8      7.2      0.1
 15  34.0   9535.0   9154.6    380.4      4.0
 16  35.0   9082.0   9154.2    -72.2     -0.8
 17  36.0   8792.0   9150.5   -358.5     -4.1
 18  37.0   9046.0   9144.4    -98.4     -1.1
 19  38.0   9481.0   9136.1    344.9      3.6
 20  39.0   9426.0   9126.1    299.9      3.2
 21  40.0   8870.0   9114.4   -244.4     -2.8
 22  41.0   9050.0   9101.4    -51.4     -0.6
 23  42.0   8721.0   9086.9   -365.9     -4.2
 24  43.0   9104.0   9071.1     32.9      0.4
 25  44.0   9376.0   9054.1    321.9      3.4
 26  45.0   9240.0   9035.8    204.2      2.2
 27  46.0   8854.0   9016.3   -162.3     -1.8
 28  47.0   9048.0   8995.5     52.5      0.6
 29  48.0   8467.0   8973.5   -506.5     -6.0
 30  49.0   9158.0   8950.3    207.7      2.3
 31  50.0   8843.0   8925.9    -82.9     -0.9
 32  51.0   8763.0   8900.3   -137.3     -1.6
 33  52.0   9052.0   8873.5    178.5      2.0
 34  53.0   8827.0   8845.5    -18.5     -0.2
 35  54.0   9147.0   8816.3    330.7      3.6
 36  55.0   8727.0   8785.8    -58.8     -0.7
 37  56.0   8980.0   8754.2    225.8      2.5
 38  57.0   8496.0   8721.4   -225.4     -2.7
 39  58.0   8452.0   8687.3   -235.3     -2.8
 40  59.0   8579.0   8652.0    -73.0     -0.9
 41  60.0   8621.0   8615.6      5.4      0.1
 42  61.0   8707.0   8577.9    129.1      1.5
 43  62.0   8793.0   8539.1    253.9      2.9
 44  63.0   8322.0   8499.0   -177.0     -2.1
 45  64.0   8458.0   8457.7      0.3      0.0
 46  65.0   8502.0   8415.2     86.8      1.0
 47  66.0   8502.0   8371.5    130.5      1.5
 48  67.0   8254.0   8326.7    -72.7     -0.9
 49  68.0   8189.0   8280.6    -91.6     -1.1
 50  69.0   8208.0   8233.3    -25.3     -0.3
 51  70.0   8165.0   8184.8    -19.8     -0.2
SSQ                           120.84
RMS FIT:   208.226
CORRELATION OF OBS AND PRED: 0.97855
 J PAR    COEF   S.E.
 1   A    6190.363     225.904
 2   B      11.331      16.449
 3   K       0.415       0.042
 4  T0      19.831       0.092
 5   C      -0.602       0.269
 6  BK    2942.000       0.000
233.3    -25.3     -0.3
 51  70.0   8165.0   8184.8    -19.8     -0.2
SSQ                           120.84
RMS FIT:   208.226
CORRELATION OF OBS AND PRED: 0.97855
 J PAR    COEF   S.E.
 1   A    6190.363     225.904
 2   B      11.331      16.449
 3   K       0.415       0.042
 4  T0      19.831       0.092
 5   C      -0.602       0.269
 6  BK 