
      0.00000     -0.57700      0.00000      0.57700      3.14159
      0.02000     -0.54548      1.99003      2.06344      1.83833
      0.04000     -5.24865     -3.24625      6.17143     -2.58769
      0.06000     -6.39185     -2.56475      6.88721     -2.76001
      0.08000    -12.67686      2.00814     12.83493      2.98449
      0.10000     34.85137    -27.15375     44.18081     -0.66189
      0.12000     10.08669     -3.19599     10.58091     -0.30684
      0.14000     23.99699     37.30593     44.35750      0.99918
      0.16000     26.62976    -11.92567     29.17817     -0.42105
      0.18000     36.83644    -50.61353     62.59914     -0.94166
      0.20000      5.93559    -30.68097     31.24985     -1.37970
      0.22000    -17.19429      0.39134     17.19874      3.11884
      0.24000      3.46023    -21.89784     22.16954     -1.41408
      0.26000     -6.21980     39.17612     39.66679      1.72825
      0.28000     34.64295    -10.60269     36.22914     -0.29700
      0.30000     -7.07937      0.11101      7.08024      3.12591
      0.32000     -7.05419    -10.37154     12.54314     -2.16807
      0.34000    -38.40622    -24.93430     45.79035     -2.56576
      0.36000     -1.86149     14.92169     15.03735      1.69491
      0.38000    -16.50850    -20.03025     25.95653     -2.26011
      0.40000    -38.25359    -24.97624     45.68533     -2.56317
      0.42000      4.95381    -13.78490     14.64800     -1.22580
      0.44000     20.55481     -6.64877     21.60339     -0.31284
      0.46000     34.19390      7.28252     34.96080      0.20984
      0.48000     29.86175      9.76233     31.41699      0.31597
      0.50000     -5.88700      0.00000      5.88700      3.14159
    -99.00000
