
 61
  1  29.0   1412.0   1421.6     -9.6     -0.7
  2  30.0   2259.0   2268.3     -9.3     -0.4
  3  31.0   2823.0   2769.0     54.0      1.9
  4  32.0   3070.0   3064.7      5.3      0.2
  5  33.0   3280.0   3239.1     40.9      1.2
  6  34.0   3223.0   3341.6   -118.6     -3.7
  7  35.0   3449.0   3401.3     47.7      1.4
  8  36.0   3381.0   3435.8    -54.8     -1.6
  9  37.0   3334.0   3455.1   -121.1     -3.6
 10  38.0   3414.0   3465.4    -51.4     -1.5
 11  39.0   3497.0   3470.2     26.8      0.8
 12  40.0   3501.0   3471.7     29.3      0.8
 13  41.0   3573.0   3471.2    101.8      2.9
 14  42.0   3386.0   3469.3    -83.3     -2.5
 15  43.0   3370.0   3466.5    -96.5     -2.9
 16  44.0   3597.0   3463.1    133.9      3.7
 17  45.0   3469.0   3459.3      9.7      0.3
 18  46.0   3385.0   3455.1    -70.1     -2.1
 19  47.0   3566.0   3450.5    115.5      3.2
 20  48.0   3465.0   3445.7     19.3      0.6
 21  49.0   3451.0   3440.5     10.5      0.3
 22  50.0   3476.0   3435.1     40.9      1.2
 23  51.0   3509.0   3429.5     79.5      2.3
 24  52.0   3559.0   3423.6    135.4      3.8
 25  53.0   3480.0   3417.5     62.5      1.8
 26  54.0   3489.0   3411.1     77.9      2.2
 27  55.0   3437.0   3404.4     32.6      0.9
 28  56.0   3512.0   3397.5    114.5      3.3
 29  57.0   3277.0   3390.4   -113.4     -3.5
 30  58.0   3289.0   3383.0    -94.0     -2.9
 31  59.0   3432.0   3375.4     56.6      1.6
 32  60.0   3333.0   3367.5    -34.5     -1.0
 33  61.0   3264.0   3359.4    -95.4     -2.9
 34  62.0   3289.0   3351.0    -62.0     -1.9
 35  63.0   3140.0   3342.4   -202.4     -6.4
 36  64.0   3315.0   3333.5    -18.5     -0.6
 37  65.0   3317.0   3324.4     -7.4     -0.2
 38  66.0   3243.0   3315.0    -72.0     -2.2
 39  67.0   3192.0   3305.4   -113.4     -3.6
 40  68.0   3276.0   3295.6    -19.6     -0.6
 41  69.0   3253.0   3285.5    -32.5     -1.0
 42  70.0   3287.0   3275.1     11.9      0.4
 43  71.0   3210.0   3264.5    -54.5     -1.7
 44  72.0   3242.0   3253.7    -11.7     -0.4
 45  73.0   3321.0   3242.6     78.4      2.4
 46  74.0   3206.0   3231.2    -25.2     -0.8
 47  75.0   3208.0   3219.7    -11.7     -0.4
 48  76.0   3391.0   3207.8    183.2      5.4
 49  77.0   3296.0   3195.7    100.3      3.0
 50  78.0   3167.0   3183.4    -16.4     -0.5
 51  79.0   3177.0   3170.8      6.2      0.2
 52  80.0   3139.0   3158.0    -19.0     -0.6
 53  81.0   3258.0   3144.9    113.1      3.5
 54  82.0   3244.0   3131.6    112.4      3.5
 55  83.0   3058.0   3118.1    -60.1     -2.0
 56  84.0   3121.0   3104.3     16.7      0.5
 57  85.0   3010.0   3090.2    -80.2     -2.7
 58  86.0   3082.0   3075.9      6.1      0.2
 59  87.0   3086.0   3061.3     24.7      0.8
 60  88.0   3002.0   3046.5    -44.5     -1.5
 61  89.0   2987.0   3031.5    -44.5     -1.5
SSQ                            48.02
 RMS FIT:    75.910
 CORRELATION OF OBS AND PRED: 0.97102
  J PAR    COEF   S.E.
  1   A    3144.165      56.599
  2   B      -0.147       3.640
  3   K       0.524       0.047
  4  T0      28.208       0.112
  5   C      -0.124       0.051
  6  BK     352.900       0.000
-44.5     -1.5
 61  89.0   2987.0   3031.5    -44.5     -1.5
SSQ                            48.02
 RMS FIT:    75.910
 CORRELATION OF OBS AND PRED: 0.97102
  J PAR    COEF   S.E.
  1   A    3144.165      56.599
  2   B      -0.147       3.640
  3   K    