
      0.00000      0.22542      0.00000      0.22542      0.00000
      0.01667     -3.29545     -4.30363      5.42045     -2.22429
      0.03333    -11.41879    -22.96954     25.65129     -2.03214
      0.05000     -2.14654    -12.65840     12.83911     -1.73877
      0.06667     -0.99570     -0.30552      1.04152     -2.84387
      0.08333     -7.84606     -3.86551      8.74659     -2.68383
      0.10000     -1.01460      5.24581      5.34302      1.76185
      0.11667      2.31898     -4.11870      4.72667     -1.05800
      0.13333     -0.04326      6.63867      6.63881      1.57731
      0.15000      2.99898      4.50651      5.41318      0.98362
      0.16667      6.43583     -7.99919     10.26679     -0.89328
      0.18333      4.79198      8.18056      9.48075      1.04090
      0.20000     -4.11154      9.34463     10.20915      1.98529
      0.21667     10.22375     -2.75986     10.58971     -0.26366
      0.23333     -5.51526     12.46260     13.62844      1.98743
      0.25000     -2.25250     13.13500     13.32674      1.74063
      0.26667      4.88548     -4.89334      6.91467     -0.78620
      0.28333      7.09239     -7.01325      9.97434     -0.77979
      0.30000      1.08544     -1.97157      2.25061     -1.06753
      0.31667     -0.81940      5.53296      5.59330      1.71782
      0.33333     11.24583     -0.50518     11.25717     -0.04489
      0.35000     13.49709    -15.34758     20.43818     -0.84946
      0.36667     -0.26357      8.21976      8.22399      1.60285
      0.38333      0.74865      2.64890      2.75266      1.29535
      0.40000      8.33404     -1.16216      8.41468     -0.13855
      0.41667      3.85106      1.66551      4.19578      0.40819
      0.43333      1.93679     -7.61057      7.85314     -1.32160
      0.45000     -0.54285      5.18234      5.21070      1.67517
      0.46667     -2.25902     -3.77258      4.39722     -2.11033
      0.48333     -7.70756      5.24544      9.32315      2.54403
      0.50000     -1.13958     -0.00000      1.13958     -3.14159
    -99.00000
