
      0.00000     -0.14911      0.00000      0.14911      3.14159
      0.01786      2.49655     -5.20833      5.77576     -1.12381
      0.03571      4.50653     -6.80704      8.16361     -0.98600
      0.05357     -3.74266      1.16057      3.91847      2.84090
      0.07143      8.58023     -3.75103      9.36433     -0.41213
      0.08929     -5.45871     -1.47129      5.65351     -2.87832
      0.10714     -6.02216     -5.93052      8.45207     -2.36386
      0.12500      0.54922     -1.27990      1.39277     -1.16545
      0.14286    -19.59413     11.51939     22.72942      2.61012
      0.16071      2.85221      4.53038      5.35345      1.00891
      0.17857     -2.74718     -5.03933      5.73950     -2.06991
      0.19643    -10.77972     -7.23086     12.98028     -2.55074
      0.21429     -1.22465     -2.35995      2.65878     -2.04947
      0.23214     -0.97932     -1.08005      1.45794     -2.30732
      0.25000     -0.70536     -1.98571      2.10727     -1.91211
      0.26786      1.76009      4.97365      5.27590      1.23067
      0.28571     -7.26702      3.23476      7.95445      2.72280
      0.30357      3.74802     -2.47180      4.48970     -0.58302
      0.32143      4.13781      2.39996      4.78344      0.52559
      0.33929      2.07911      2.92515      3.58876      0.95288
      0.35714     -0.22701     -3.72501      3.73192     -1.63166
      0.37500     -0.85994     -1.47276      1.70544     -2.09929
      0.39286     -3.52836      0.40357      3.55137      3.02771
      0.41071      7.50520      7.55724     10.65082      0.78885
      0.42857     12.36651      6.50980     13.97527      0.48455
      0.44643     -1.86346      4.21418      4.60779      1.98713
      0.46429      1.33371     -6.15375      6.29662     -1.35737
      0.48214     -2.33160     -3.19051      3.95167     -2.20189
      0.50000      0.56518      0.00000      0.56518      0.00000
    -99.00000
