 60
  1  16.0    323.0    329.9     -6.9     -2.1
  2  17.0    561.8    583.3    -21.5     -3.8
  3  18.0    807.6    738.5     69.1      8.6
  4  19.0    819.1    833.8    -14.7     -1.8
  5  20.0    937.1    892.7     44.4      4.7
  6  21.0    913.0    929.2    -16.2     -1.8
  7  22.0    889.0    952.1    -63.1     -7.1
  8  23.0    868.1    966.6    -98.5    -11.3
  9  24.0    896.7    975.9    -79.2     -8.8
 10  25.0   1003.7    982.1     21.6      2.2
 11  26.0   1022.2    986.3     35.9      3.5
 12  27.0   1053.2    989.1     64.1      6.1
 13  28.0    977.6    991.2    -13.6     -1.4
 14  29.0    916.5    992.6    -76.1     -8.3
 15  30.0   1001.6    993.7      7.9      0.8
 16  31.0   1013.4    994.5     18.9      1.9
 17  32.0   1106.9    995.0    111.9     10.1
 18  33.0   1059.9    995.3     64.6      6.1
 19  34.0    950.7    995.4    -44.7     -4.7
 20  35.0   1025.7    995.3     30.4      3.0
 21  36.0    864.7    995.1   -130.4    -15.1
 22  37.0   1039.2    994.7     44.5      4.3
 23  38.0   1020.9    994.2     26.7      2.6
 24  39.0   1040.3    993.5     46.8      4.5
 25  40.0   1046.0    992.6     53.4      5.1
 26  41.0   1063.1    991.6     71.5      6.7
 27  42.0   1088.1    990.5     97.6      9.0
 28  43.0    931.3    989.2    -57.9     -6.2
 29  44.0    957.7    987.7    -30.0     -3.1
 30  45.0    930.6    986.1    -55.5     -6.0
 31  46.0    997.8    984.3     13.5      1.4
 32  47.0   1066.3    982.4     83.9      7.9
 33  48.0    981.1    980.3      0.8      0.1
 34  49.0    970.2    978.1     -7.9     -0.8
 35  50.0    877.0    975.7    -98.7    -11.3
 36  51.0    950.0    973.2    -23.2     -2.4
 37  52.0    988.8    970.5     18.3      1.9
 38  53.0    975.1    967.7      7.4      0.8
 39  54.0    982.1    964.7     17.4      1.8
 40  55.0    841.3    961.5   -120.2    -14.3
 41  56.0    995.3    958.2     37.1      3.7
 42  57.0    903.5    954.8    -51.3     -5.7
 43  58.0    927.6    951.2    -23.6     -2.5
 44  59.0    951.8    947.4      4.4      0.5
 45  60.0    988.6    943.5     45.1      4.6
 46  61.0    945.8    939.5      6.3      0.7
 47  62.0    903.3    935.2    -31.9     -3.5
 48  63.0    975.3    930.9     44.4      4.6
 49  64.0    812.6    926.4   -113.8    -14.0
 50  65.0    820.2    921.7   -101.5    -12.4
 51  66.0    894.3    916.9    -22.6     -2.5
 52  67.0    967.8    911.9     55.9      5.8
 53  68.0    964.6    906.8     57.8      6.0
 54  69.0    940.0    901.5     38.5      4.1
 55  70.0    944.0    896.1     47.9      5.1
 56  71.0    891.8    890.5      1.3      0.1
 57  72.0    871.8    884.7    -12.9     -1.5
 58  73.0    886.1    878.8      7.3      0.8
 59  74.0    877.5    872.8      4.7      0.5
 60  75.0    881.1    866.6     14.5      1.6
SSQ                            16.03
RMS FIT:    55.242
CORRELATION OF OBS AND PRED: 0.88317
 J PAR    COEF   S.E.
 1   A     818.660      42.716
 2   B       2.808       2.789
 3   K       0.499       0.106
 4  T0      15.507       0.227
 5   C      -0.076       0.040
 6  BK     151.000       0.000

2.8      4.7      0.5
 60  75.0    881.1    866.6     14.5      1.6
SSQ                            16.03
RMS FIT:    55.242
CORRELATION OF OBS AND PRED: 0.88317
 J PAR    COEF   S.E.
 1   A     818.660      42.716
 2   B       2.808       2.789
 3   K       0.499       0.106
 4  T0      15.507       0.227
