77
  1  34.0    293.7    283.9      9.8      3.3
  2  35.0    363.2    370.9     -7.7     -2.1
  3  36.0    412.0    433.4    -21.4     -5.2
  4  37.0    479.9    478.6      1.3      0.3
  5  38.0    524.2    511.5     12.7      2.4
  6  39.0    570.7    535.9     34.8      6.1
  7  40.0    509.4    554.2    -44.8     -8.8
  8  41.0    586.0    568.2     17.8      3.0
  9  42.0    589.6    579.1     10.5      1.8
 10  43.0    594.7    587.9      6.8      1.1
 11  44.0    586.7    595.1     -8.4     -1.4
 12  45.0    581.9    601.2    -19.3     -3.3
 13  46.0    601.0    606.6     -5.6     -0.9
 14  47.0    612.4    611.3      1.1      0.2
 15  48.0    652.6    615.6     37.0      5.7
 16  49.0    641.7    619.5     22.2      3.5
 17  50.0    658.5    623.2     35.3      5.4
 18  51.0    582.8    626.7    -43.9     -7.5
 19  52.0    657.2    630.0     27.2      4.1
 20  53.0    601.4    633.2    -31.8     -5.3
 21  54.0    618.4    636.2    -17.8     -2.9
 22  55.0    606.5    639.2    -32.7     -5.4
 23  56.0    656.6    642.0     14.6      2.2
 24  57.0    635.6    644.7     -9.1     -1.4
 25  58.0    660.6    647.3     13.3      2.0
 26  59.0    646.9    649.8     -2.9     -0.5
 27  60.0    652.8    652.2      0.6      0.1
 28  61.0    658.3    654.6      3.7      0.6
 29  62.0    624.5    656.8    -32.3     -5.2
 30  63.0    666.4    659.0      7.4      1.1
 31  64.0    661.3    661.0      0.3      0.0
 32  65.0    673.9    663.0     10.9      1.6
 33  66.0    661.1    664.9     -3.8     -0.6
 34  67.0    641.9    666.7    -24.8     -3.9
 35  68.0    642.7    668.4    -25.7     -4.0
 36  69.0    651.6    670.0    -18.4     -2.8
 37  70.0    664.3    671.5     -7.2     -1.1
 38  71.0    709.5    673.0     36.5      5.2
 39  72.0    719.4    674.3     45.1      6.3
 40  73.0    660.6    675.6    -15.0     -2.3
 41  74.0    699.3    676.7     22.6      3.2
 42  75.0    686.7    677.8      8.9      1.3
 43  76.0    630.9    678.8    -47.9     -7.6
 44  77.0    693.9    679.7     14.2      2.0
 45  78.0    688.4    680.6      7.8      1.1
 46  79.0    658.6    681.3    -22.7     -3.4
 47  80.0    694.6    681.9     12.7      1.8
 48  81.0    680.3    682.5     -2.2     -0.3
 49  82.0    726.0    683.0     43.0      5.9
 50  83.0    690.4    683.3      7.1      1.0
 51  84.0    680.9    683.6     -2.7     -0.4
 52  85.0    700.1    683.8     16.3      2.3
 53  86.0    642.0    683.9    -41.9     -6.5
 54  87.0    687.2    684.0      3.2      0.5
 55  88.0    689.6    683.9      5.7      0.8
 56  89.0    675.6    683.7     -8.1     -1.2
 57  90.0    696.1    683.5     12.6      1.8
 58  91.0    695.5    683.2     12.3      1.8
 59  92.0    704.7    682.7     22.0      3.1
 60  93.0    720.2    682.2     38.0      5.3
 61  94.0    668.7    681.6    -12.9     -1.9
 62  95.0    686.2    681.0      5.2      0.8
 63  96.0    653.9    680.2    -26.3     -4.0
 64  97.0    684.7    679.3      5.4      0.8
 65  98.0    664.7    678.4    -13.7     -2.1
 66  99.0    701.4    677.3     24.1      3.4
 67 100.0    680.7    676.2      4.5      0.7
 68 101.0    642.5    675.0    -32.5     -5.1
 69 102.0    654.1    673.7    -19.6     -3.0
 70 103.0    639.5    672.3    -32.8     -5.1
 71 104.0    653.9    670.8    -16.9     -2.6
 72 105.0    650.3    669.3    -19.0     -2.9
 73 106.0    649.2    667.6    -18.4     -2.8
 74 107.0    689.2    665.8     23.4      3.4
 75 108.0    713.2    664.0     49.2      6.9
 76 109.0    649.6    662.1    -12.5     -1.9
 77 110.0    675.8    660.1     15.7      2.3
SSQ                            11.86
RMS FIT:    22.439
CORRELATION OF OBS AND PRED: 0.95319
 J PAR    COEF   S.E.
 1   A     327.456      15.999
 2   B       4.711       0.804
 3   K       0.367       0.064
 4  T0      33.525       0.248
 5   C      -0.044       0.009
 6  BK     231.100       0.000

2.1    -12.5     -1.9
 77 110.0    675.8    660.1     15.7      2.3
SSQ                            11.86
RMS FIT:    22.439
CORRELATION OF OBS AND PRED: 0.95319
 J PAR    COEF   S.E.
 1   A     327.456      15.999
 2   B       4.711       0.804
 3   K       0.367       0.064
 4