
      0.00000     -0.08322      0.00000      0.08322      3.14159
      0.01316      0.39045      0.63682      0.74699      1.02079
      0.02632     -0.23110      2.60787      2.61809      1.65918
      0.03947      0.31074     -1.31133      1.34765     -1.33812
      0.05263      1.85729      0.44456      1.90975      0.23494
      0.06579     -1.98929      1.51517      2.50061      2.49067
      0.07895      2.70043     -0.58598      2.76328     -0.21368
      0.09211      2.90566     -1.01351      3.07735     -0.33561
      0.10526      1.85040     -1.80375      2.58409     -0.77263
      0.11842      1.73045      5.87215      6.12182      1.28422
      0.13158      1.36404     -1.22659      1.83443     -0.73239
      0.14474      2.81506     -1.25329      3.08144     -0.41886
      0.15789     -0.26182     -0.55555      0.61416     -2.01121
      0.17105      1.68287     -1.27729      2.11271     -0.64923
      0.18421      0.27000     -3.14868      3.16024     -1.48525
      0.19737      1.13838      2.39626      2.65291      1.12730
      0.21053      0.02274     -1.14226      1.14249     -1.55089
      0.22368     -1.09845      0.22530      1.12132      2.93929
      0.23684     -0.66685      0.74946      1.00318      2.29793
      0.25000      0.36118     -0.54474      0.65360     -0.98531
      0.26316      0.45074      0.66466      0.80309      0.97488
      0.27632     -2.16854     -3.93373      4.49186     -2.07461
      0.28947     -0.78307      0.24521      0.82057      2.83812
      0.30263      1.02562     -2.79162      2.97406     -1.21871
      0.31579      0.32684     -1.21437      1.25758     -1.30788
      0.32895      1.27162     -2.15238      2.49995     -1.03717
      0.34211      0.10380      0.95316      0.95879      1.46232
      0.35526      0.90796     -2.08337      2.27262     -1.15980
      0.36842      2.11543     -3.48670      4.07825     -1.02545
      0.38158      0.29075     -1.67789      1.70289     -1.39922
      0.39474      4.01365      0.57468      4.05458      0.14222
      0.40789     -0.87204      2.58665      2.72969      1.89596
      0.42105     -0.26137      1.01722      1.05027      1.82230
      0.43421     -0.80679      0.30271      0.86171      2.78264
      0.44737      2.52316      2.48314      3.54010      0.77740
      0.46053     -0.19719     -4.85541      4.85942     -1.61139
      0.47368     -1.22328     -0.46789      1.30971     -2.77627
      0.48684      0.38905      2.64376      2.67223      1.42469
      0.50000      0.37467      0.00000      0.37467      0.00000
    -99.00000
