  6
T
 55 EL101A.DA
 51
  1  36.0    459.5    450.6      8.9      1.9
  2  37.0    659.6    688.1    -28.5     -4.3
  3  38.0    864.8    847.2     17.6      2.0
  4  39.0    965.2    954.1     11.1      1.2
  5  40.0   1046.8   1026.3     20.5      2.0
  6  41.0   1041.3   1075.4    -34.1     -3.3
  7  42.0   1098.4   1109.2    -10.8     -1.0
  8  43.0   1103.2   1132.7    -29.5     -2.7
  9  44.0   1163.2   1149.3     13.9      1.2
 10  45.0   1212.4   1161.3     51.1      4.2
 11  46.0   1197.6   1170.1     27.5      2.3
 12  47.0   1171.3   1176.7     -5.4     -0.5
 13  48.0   1220.4   1181.8     38.6      3.2
 14  49.0   1158.0   1185.8    -27.8     -2.4
 15  50.0   1111.4   1189.0    -77.6     -7.0
 16  51.0   1145.8   1191.6    -45.8     -4.0
 17  52.0   1180.2   1193.7    -13.5     -1.1
 18  53.0   1199.0   1195.3      3.7      0.3
 19  54.0   1199.6   1196.6      3.0      0.3
 20  55.0   1217.2   1197.5     19.7      1.6
 21  56.0   1302.1   1198.2    103.9      8.0
 22  57.0   1292.5   1198.5     94.0      7.3
 23  58.0   1224.1   1198.6     25.5      2.1
 24  59.0   1154.2   1198.4    -44.2     -3.8
 25  60.0   1137.8   1198.0    -60.2     -5.3
 26  61.0   1162.9   1197.2    -34.3     -3.0
 27  62.0   1153.2   1196.2    -43.0     -3.7
 28  63.0   1176.0   1195.0    -19.0     -1.6
 29  64.0   1223.0   1193.4     29.6      2.4
 30  65.0   1122.7   1191.7    -69.0     -6.1
 31  66.0   1168.8   1189.6    -20.8     -1.8
 32  67.0   1180.1   1187.3     -7.2     -0.6
 33  68.0   1250.5   1184.8     65.7      5.3
 34  69.0   1162.9   1181.9    -19.0     -1.6
 35  70.0   1192.0   1178.9     13.1      1.1
 36  71.0   1237.5   1175.5     62.0      5.0
 37  72.0   1190.1   1171.9     18.2      1.5
 38  73.0   1140.4   1168.1    -27.7     -2.4
 39  74.0   1112.8   1163.9    -51.1     -4.6
 40  75.0   1198.9   1159.6     39.3      3.3
 41  76.0   1117.8   1154.9    -37.1     -3.3
 42  77.0   1183.8   1150.0     33.8      2.9
 43  78.0   1230.8   1144.8     86.0      7.0
 44  79.0   1089.2   1139.4    -50.2     -4.6
 45  80.0   1045.7   1133.7    -88.0     -8.4
 46  81.0   1106.9   1127.8    -20.9     -1.9
 47  82.0   1162.9   1121.6     41.3      3.6
 48  83.0   1097.2   1115.1    -17.9     -1.6
 49  84.0   1216.6   1108.4    108.2      8.9
 50  85.0   1119.8   1101.4     18.4      1.6
 51  86.0   1053.8   1094.2    -40.4     -3.8
 52  87.0   1121.1   1086.7     34.4      3.1
 53  88.0   1058.4   1078.9    -20.5     -1.9
 54  89.0   1011.1   1070.9    -59.8     -5.9
 55  90.0   1077.3   1062.6     14.7      1.4
T
 57 EL120A.DA DETRENDED FREQ LE .05263 TUBE-1 REMOVED
 53
  1  21.0    240.3    120.3    120.0     50.0
  2  22.0   -691.4     93.3   -784.7    113.5
  3  23.0     18.5     77.8    -59.3   -320.4
  4  24.0    413.7     74.8    338.9     81.9
  5  25.0    532.2     82.7    449.5     84.5
  6  26.0    177.6     97.4     80.2     45.2
  7  27.0    584.4    113.1    471.3     80.6
  8  28.0    291.4    123.1    168.3     57.8
  9  29.0     99.3    120.6    -21.3    -21.4
 10  30.0    160.0     99.9     60.1     37.6
 11  31.0   -936.1     57.3   -993.4    106.1
 12  32.0     86.2     -8.2     94.4    109.5
 13  33.0     96.9    -94.4    191.3    197.4
 14  34.0   -159.6   -196.3     36.7    -23.0
 15  35.0   -412.1   -305.7   -106.4     25.8
 16  36.0  -1066.8   -412.5   -654.3     61.3
 17  37.0   -181.0   -505.6    324.6   -179.4
 18  38.0     41.4   -573.8    615.2   1485.9
 19  39.0   -576.9   -607.1     30.2     -5.2
 20  40.0  -1468.6   -598.0   -870.6     59.3
 21  41.0   -764.0   -542.6   -221.4     29.0
 22  42.0   -211.9   -440.9    229.0   -108.1
 23  43.0    848.6   -297.1   1145.7    135.0
 24  44.0    253.5   -119.7    373.2    147.2
 25  45.0    569.8     79.3    490.5     86.1
 26  46.0     85.6    285.2   -199.6   -233.2
 27  47.0   -906.3    482.2  -1388.5    153.2
 28  48.0    977.3    654.6    322.7     33.0
 29  49.0     31.3    788.2   -756.9  -2418.2
 30  50.0    453.7    871.7   -418.0    -92.1
 31  51.0   1223.6    898.0    325.6     26.6
 32  52.0    697.8    864.3   -166.5    -23.9
 33  53.0   1600.5    773.2    827.3     51.7
 34  54.0   1016.6    631.7    384.9     37.9
 35  55.0    -61.9    451.3   -513.2    829.0
 36  56.0   -224.9    246.2   -471.1    209.4
 37  57.0   1299.4     32.5   1266.9     97.5
 38  58.0    282.2   -173.1    455.3    161.3
 39  59.0   -439.6   -355.5    -84.1     19.1
 40  60.0   -416.0   -501.9     85.9    -20.6
 41  61.0  -1398.0   -603.1   -794.9     56.9
 42  62.0  -1510.6   -654.1   -856.5     56.7
 43  63.0   -608.7   -654.7     46.0     -7.5
 44  64.0   -728.4   -608.6   -119.8     16.4
 45  65.0    139.3   -523.8    663.1    476.0
 46  66.0   -990.6   -410.6   -580.0     58.5
 47  67.0  -1274.1   -281.5   -992.6     77.9
 48  68.0    258.9   -148.8    407.7    157.5
 49  69.0   1414.2    -24.3   1438.5    101.7
 50  70.0    536.0     82.4    453.6     84.6
 51  71.0   1023.2    164.5    858.7     83.9
 52  72.0    628.9    218.3    410.6     65.3
 53  73.0  -1379.1    243.9  -1623.0    117.7
 54  74.0   -530.6    244.3   -774.9    146.0
 55  75.0   -403.8    224.8   -628.6    155.7
 56  76.0   1268.5    192.7   1075.8     84.8
 57  77.0     -9.7    155.5   -165.2   1703.2
T
 51 EL317A.DA
 47
  1  20.0   3498.0   3362.6    135.4      3.9
  2  21.0   5088.0   5327.8   -239.8     -4.7
  3  22.0   6427.0   6630.3   -203.3     -3.2
  4  23.0   7785.0   7493.8    291.2      3.7
  5  24.0   8315.0   8066.4    248.6      3.0
  6  25.0   8176.0   8446.1   -270.1     -3.3
  7  26.0   8950.0   8697.9    252.1      2.8
  8  27.0   8941.0   8864.6     76.4      0.9
  9  28.0   8869.0   8974.7   -105.7     -1.2
 10  29.0   8877.0   9046.9   -169.9     -1.9
 11  30.0   8810.0   9093.7   -283.7     -3.2
 12  31.0   9102.0   9123.3    -21.3     -0.2
 13  32.0   9316.0   9141.2    174.8      1.9
 14  33.0   9158.0   9150.8      7.2      0.1
 15  34.0   9535.0   9154.6    380.4      4.0
 16  35.0   9082.0   9154.2    -72.2     -0.8
 17  36.0   8792.0   9150.5   -358.5     -4.1
 18  37.0   9046.0   9144.4    -98.4     -1.1
 19  38.0   9481.0   9136.1    344.9      3.6
 20  39.0   9426.0   9126.1    299.9      3.2
 21  40.0   8870.0   9114.4   -244.4     -2.8
 22  41.0   9050.0   9101.4    -51.4     -0.6
 23  42.0   8721.0   9086.9   -365.9     -4.2
 24  43.0   9104.0   9071.1     32.9      0.4
 25  44.0   9376.0   9054.1    321.9      3.4
 26  45.0   9240.0   9035.8    204.2      2.2
 27  46.0   8854.0   9016.3   -162.3     -1.8
 28  47.0   9048.0   8995.5     52.5      0.6
 29  48.0   8467.0   8973.5   -506.5     -6.0
 30  49.0   9158.0   8950.3    207.7      2.3
 31  50.0   8843.0   8925.9    -82.9     -0.9
 32  51.0   8763.0   8900.3   -137.3     -1.6
 33  52.0   9052.0   8873.5    178.5      2.0
 34  53.0   8827.0   8845.5    -18.5     -0.2
 35  54.0   9147.0   8816.3    330.7      3.6
 36  55.0   8727.0   8785.8    -58.8     -0.7
 37  56.0   8980.0   8754.2    225.8      2.5
 38  57.0   8496.0   8721.4   -225.4     -2.7
 39  58.0   8452.0   8687.3   -235.3     -2.8
 40  59.0   8579.0   8652.0    -73.0     -0.9
 41  60.0   8621.0   8615.6      5.4      0.1
 42  61.0   8707.0   8577.9    129.1      1.5
 43  62.0   8793.0   8539.1    253.9      2.9
 44  63.0   8322.0   8499.0   -177.0     -2.1
 45  64.0   8458.0   8457.7      0.3      0.0
 46  65.0   8502.0   8415.2     86.8      1.0
 47  66.0   8502.0   8371.5    130.5      1.5
 48  67.0   8254.0   8326.7    -72.7     -0.9
 49  68.0   8189.0   8280.6    -91.6     -1.1
 50  69.0   8208.0   8233.3    -25.3     -0.3
 51  70.0   8165.0   8184.8    -19.8     -0.2
T
 60 EL610A.DA
 56
  1  16.0    323.0    329.9     -6.9     -2.1
  2  17.0    561.8    583.3    -21.5     -3.8
  3  18.0    807.6    738.5     69.1      8.6
  4  19.0    819.1    833.8    -14.7     -1.8
  5  20.0    937.1    892.7     44.4      4.7
  6  21.0    913.0    929.2    -16.2     -1.8
  7  22.0    889.0    952.1    -63.1     -7.1
  8  23.0    868.1    966.6    -98.5    -11.3
  9  24.0    896.7    975.9    -79.2     -8.8
 10  25.0   1003.7    982.1     21.6      2.2
 11  26.0   1022.2    986.3     35.9      3.5
 12  27.0   1053.2    989.1     64.1      6.1
 13  28.0    977.6    991.2    -13.6     -1.4
 14  29.0    916.5    992.6    -76.1     -8.3
 15  30.0   1001.6    993.7      7.9      0.8
 16  31.0   1013.4    994.5     18.9      1.9
 17  32.0   1106.9    995.0    111.9     10.1
 18  33.0   1059.9    995.3     64.6      6.1
 19  34.0    950.7    995.4    -44.7     -4.7
 20  35.0   1025.7    995.3     30.4      3.0
 21  36.0    864.7    995.1   -130.4    -15.1
 22  37.0   1039.2    994.7     44.5      4.3
 23  38.0   1020.9    994.2     26.7      2.6
 24  39.0   1040.3    993.5     46.8      4.5
 25  40.0   1046.0    992.6     53.4      5.1
 26  41.0   1063.1    991.6     71.5      6.7
 27  42.0   1088.1    990.5     97.6      9.0
 28  43.0    931.3    989.2    -57.9     -6.2
 29  44.0    957.7    987.7    -30.0     -3.1
 30  45.0    930.6    986.1    -55.5     -6.0
 31  46.0    997.8    984.3     13.5      1.4
 32  47.0   1066.3    982.4     83.9      7.9
 33  48.0    981.1    980.3      0.8      0.1
 34  49.0    970.2    978.1     -7.9     -0.8
 35  50.0    877.0    975.7    -98.7    -11.3
 36  51.0    950.0    973.2    -23.2     -2.4
 37  52.0    988.8    970.5     18.3      1.9
 38  53.0    975.1    967.7      7.4      0.8
 39  54.0    982.1    964.7     17.4      1.8
 40  55.0    841.3    961.5   -120.2    -14.3
 41  56.0    995.3    958.2     37.1      3.7
 42  57.0    903.5    954.8    -51.3     -5.7
 43  58.0    927.6    951.2    -23.6     -2.5
 44  59.0    951.8    947.4      4.4      0.5
 45  60.0    988.6    943.5     45.1      4.6
 46  61.0    945.8    939.5      6.3      0.7
 47  62.0    903.3    935.2    -31.9     -3.5
 48  63.0    975.3    930.9     44.4      4.6
 49  64.0    812.6    926.4   -113.8    -14.0
 50  65.0    820.2    921.7   -101.5    -12.4
 51  66.0    894.3    916.9    -22.6     -2.5
 52  67.0    967.8    911.9     55.9      5.8
 53  68.0    964.6    906.8     57.8      6.0
 54  69.0    940.0    901.5     38.5      4.1
 55  70.0    944.0    896.1     47.9      5.1
 56  71.0    891.8    890.5      1.3      0.1
 57  72.0    871.8    884.7    -12.9     -1.5
 58  73.0    886.1    878.8      7.3      0.8
 59  74.0    877.5    872.8      4.7      0.5
 60  75.0    881.1    866.6     14.5      1.6
T
 77 EL928A.DA
 73
  1  34.0    293.7    283.9      9.8      3.3
  2  35.0    363.2    370.9     -7.7     -2.1
  3  36.0    412.0    433.4    -21.4     -5.2
  4  37.0    479.9    478.6      1.3      0.3
  5  38.0    524.2    511.5     12.7      2.4
  6  39.0    570.7    535.9     34.8      6.1
  7  40.0    509.4    554.2    -44.8     -8.8
  8  41.0    586.0    568.2     17.8      3.0
  9  42.0    589.6    579.1     10.5      1.8
 10  43.0    594.7    587.9      6.8      1.1
 11  44.0    586.7    595.1     -8.4     -1.4
 12  45.0    581.9    601.2    -19.3     -3.3
 13  46.0    601.0    606.6     -5.6     -0.9
 14  47.0    612.4    611.3      1.1      0.2
 15  48.0    652.6    615.6     37.0      5.7
 16  49.0    641.7    619.5     22.2      3.5
 17  50.0    658.5    623.2     35.3      5.4
 18  51.0    582.8    626.7    -43.9     -7.5
 19  52.0    657.2    630.0     27.2      4.1
 20  53.0    601.4    633.2    -31.8     -5.3
 21  54.0    618.4    636.2    -17.8     -2.9
 22  55.0    606.5    639.2    -32.7     -5.4
 23  56.0    656.6    642.0     14.6      2.2
 24  57.0    635.6    644.7     -9.1     -1.4
 25  58.0    660.6    647.3     13.3      2.0
 26  59.0    646.9    649.8     -2.9     -0.5
 27  60.0    652.8    652.2      0.6      0.1
 28  61.0    658.3    654.6      3.7      0.6
 29  62.0    624.5    656.8    -32.3     -5.2
 30  63.0    666.4    659.0      7.4      1.1
 31  64.0    661.3    661.0      0.3      0.0
 32  65.0    673.9    663.0     10.9      1.6
 33  66.0    661.1    664.9     -3.8     -0.6
 34  67.0    641.9    666.7    -24.8     -3.9
 35  68.0    642.7    668.4    -25.7     -4.0
 36  69.0    651.6    670.0    -18.4     -2.8
 37  70.0    664.3    671.5     -7.2     -1.1
 38  71.0    709.5    673.0     36.5      5.2
 39  72.0    719.4    674.3     45.1      6.3
 40  73.0    660.6    675.6    -15.0     -2.3
 41  74.0    699.3    676.7     22.6      3.2
 42  75.0    686.7    677.8      8.9      1.3
 43  76.0    630.9    678.8    -47.9     -7.6
 44  77.0    693.9    679.7     14.2      2.0
 45  78.0    688.4    680.6      7.8      1.1
 46  79.0    658.6    681.3    -22.7     -3.4
 47  80.0    694.6    681.9     12.7      1.8
 48  81.0    680.3    682.5     -2.2     -0.3
 49  82.0    726.0    683.0     43.0      5.9
 50  83.0    690.4    683.3      7.1      1.0
 51  84.0    680.9    683.6     -2.7     -0.4
 52  85.0    700.1    683.8     16.3      2.3
 53  86.0    642.0    683.9    -41.9     -6.5
 54  87.0    687.2    684.0      3.2      0.5
 55  88.0    689.6    683.9      5.7      0.8
 56  89.0    675.6    683.7     -8.1     -1.2
 57  90.0    696.1    683.5     12.6      1.8
 58  91.0    695.5    683.2     12.3      1.8
 59  92.0    704.7    682.7     22.0      3.1
 60  93.0    720.2    682.2     38.0      5.3
 61  94.0    668.7    681.6    -12.9     -1.9
 62  95.0    686.2    681.0      5.2      0.8
 63  96.0    653.9    680.2    -26.3     -4.0
 64  97.0    684.7    679.3      5.4      0.8
 65  98.0    664.7    678.4    -13.7     -2.1
 66  99.0    701.4    677.3     24.1      3.4
 67 100.0    680.7    676.2      4.5      0.7
 68 101.0    642.5    675.0    -32.5     -5.1
 69 102.0    654.1    673.7    -19.6     -3.0
 70 103.0    639.5    672.3    -32.8     -5.1
 71 104.0    653.9    670.8    -16.9     -2.6
 72 105.0    650.3    669.3    -19.0     -2.9
 73 106.0    649.2    667.6    -18.4     -2.8
 74 107.0    689.2    665.8     23.4      3.4
 75 108.0    713.2    664.0     49.2      6.9
 76 109.0    649.6    662.1    -12.5     -1.9
 77 110.0    675.8    660.1     15.7      2.3
T
 61  EL611A.DA, LO FREQ(F<.06557 TUBE-1) DETRENDED
57
  1  29.0     -9.6    -15.1      5.5    -56.9
  2  30.0     -9.3    -14.2      4.9    -53.0
  3  31.0     54.0    -13.3     67.3    124.6
  4  32.0      5.3    -12.6     17.9    337.9
  5  33.0     40.9    -12.5     53.4    130.7
  6  34.0   -118.6    -13.2   -105.4     88.9
  7  35.0     47.7    -14.6     62.3    130.7
  8  36.0    -54.8    -16.5    -38.3     69.8
  9  37.0   -121.1    -18.6   -102.5     84.7
 10  38.0    -51.4    -20.2    -31.2     60.7
 11  39.0     26.8    -20.9     47.7    178.1
 12  40.0     29.3    -20.1     49.4    168.7
 13  41.0    101.8    -17.3    119.1    117.0
 14  42.0    -83.3    -12.3    -71.0     85.2
 15  43.0    -96.5     -4.9    -91.6     94.9
 16  44.0    133.9      4.7    129.2     96.5
 17  45.0      9.7     15.9     -6.2    -63.8
 18  46.0    -70.1     28.1    -98.2    140.1
 19  47.0    115.5     40.4     75.1     65.0
 20  48.0     19.3     51.8    -32.5   -168.6
 21  49.0     10.5     61.3    -50.8   -483.7
 22  50.0     40.9     67.8    -26.9    -65.8
 23  51.0     79.5     70.7      8.8     11.1
 24  52.0    135.4     69.3     66.1     48.8
 25  53.0     62.5     63.5     -1.0     -1.5
 26  54.0     77.9     53.4     24.5     31.5
 27  55.0     32.6     39.5     -6.9    -21.1
 28  56.0    114.5     22.6     91.9     80.3
 29  57.0   -113.4      3.7   -117.1    103.3
 30  58.0    -94.0    -15.8    -78.2     83.1
 31  59.0     56.6    -34.9     91.5    161.7
 32  60.0    -34.5    -52.2     17.7    -51.3
 33  61.0    -95.4    -66.6    -28.8     30.2
 34  62.0    -62.0    -77.3     15.3    -24.6
 35  63.0   -202.4    -83.5   -118.9     58.7
 36  64.0    -18.5    -85.2     66.7   -360.3
 37  65.0     -7.4    -82.1     74.7  -1009.5
 38  66.0    -72.0    -74.7      2.7     -3.8
 39  67.0   -113.4    -63.7    -49.7     43.9
 40  68.0    -19.6    -49.7     30.1   -153.6
 41  69.0    -32.5    -33.9      1.4     -4.2
 42  70.0     11.9    -17.1     29.0    243.9
 43  71.0    -54.5     -0.6    -53.9     98.9
 44  72.0    -11.7     14.8    -26.5    226.3
 45  73.0     78.4     28.1     50.3     64.1
 46  74.0    -25.2     38.8    -64.0    253.9
 47  75.0    -11.7     46.3    -58.0    495.9
 48  76.0    183.2     50.5    132.7     72.4
 49  77.0    100.3     51.4     48.9     48.8
 50  78.0    -16.4     49.2    -65.6    399.9
 51  79.0      6.2     44.4    -38.2   -615.5
 52  80.0    -19.0     37.5    -56.5    297.3
 53  81.0    113.1     29.3     83.8     74.1
 54  82.0    112.4     20.4     92.0     81.9
 55  83.0    -60.1     11.6    -71.7    119.3
 56  84.0     16.7      3.5     13.2     79.0
 57  85.0    -80.2     -3.4    -76.8     95.8
 58  86.0      6.1     -8.8     14.9    243.8
 59  87.0     24.7    -12.5     37.2    150.6
 60  88.0    -44.5    -14.6    -29.9     67.1
 61  89.0    -44.5    -15.4    -29.1     65.4
 74.1
 54  82.0    112.4     20.4     92.0     81.9
 55  83.0    -60.1     11.6    -71.7   