 58
  2  13.0   4599.0   3682.9    916.1     19.9
  3  14.0   6179.0   4674.9   1504.1     24.3
  4  15.0   4904.0   5452.1   -548.1    -11.2
  5  16.0   5529.0   6057.6   -528.6     -9.6
  6  17.0   6475.0   6526.0    -51.0     -0.8
  7  18.0   7065.0   6884.9    180.1      2.5
  8  19.0   6973.0   7156.5   -183.5     -2.6
  9  20.0   7812.0   7358.4    453.6      5.8
 10  21.0   6754.0   7504.7   -750.7    -11.1
 11  22.0   6434.0   7606.8  -1172.8    -18.2
 12  23.0   6658.0   7673.7  -1015.7    -15.3
 13  24.0   8251.0   7712.7    538.3      6.5
 14  25.0   8992.0   7729.4   1262.6     14.0
 15  26.0   8536.0   7728.7    807.3      9.5
 16  27.0   8440.0   7714.0    726.0      8.6
 17  28.0   8252.0   7688.5    563.5      6.8
 18  29.0   6750.0   7654.4   -904.4    -13.4
 19  30.0   6306.0   7613.7  -1307.7    -20.7
 20  31.0   6932.0   7567.9   -635.9     -9.2
 21  32.0   6332.0   7518.1  -1186.1    -18.7
 22  33.0   8382.0   7465.5    916.5     10.9
 23  34.0   8407.0   7410.6    996.4     11.9
 24  35.0   7965.0   7354.2    610.8      7.7
 25  36.0   5814.0   7296.7  -1482.7    -25.5
 26  37.0   6370.0   7238.6   -868.6    -13.6
 27  38.0   8058.0   7180.1    877.9     10.9
 28  39.0   7585.0   7121.5    463.5      6.1
 29  40.0   7475.0   7063.1    411.9      5.5
 30  41.0   8113.0   7004.9   1108.1     13.7
 31  42.0   7841.0   6947.1    893.9     11.4
 32  43.0   5834.0   6889.8  -1055.8    -18.1
 33  44.0   6259.0   6833.1   -574.1     -9.2
 34  45.0   8046.0   6777.1   1268.9     15.8
 35  46.0   7742.0   6721.7   1020.3     13.2
 36  47.0   7438.0   6667.2    770.8     10.4
 37  48.0   6850.0   6613.4    236.6      3.5
 38  49.0   6029.0   6560.4   -531.4     -8.8
 39  50.0   5822.0   6508.2   -686.2    -11.8
 40  51.0   6082.0   6457.0   -375.0     -6.2
 41  52.0   5763.0   6406.5   -643.5    -11.2
 42  53.0   6439.0   6357.0     82.0      1.3
 43  54.0   6795.0   6308.3    486.7      7.2
 44  55.0   6622.0   6260.5    361.5      5.5
 45  56.0   5920.0   6213.6   -293.6     -5.0
 46  57.0   5061.0   6167.7  -1106.7    -21.9
 47  58.0   4535.0   6122.6  -1587.6    -35.0
 48  59.0   5400.0   6078.4   -678.4    -12.6
 49  60.0   6485.0   6035.2    449.8      6.9
 50  61.0   6181.0   5992.8    188.2      3.0
 51  62.0   5730.0   5951.4   -221.4     -3.9
 52  63.0   6291.0   5910.9    380.1      6.0
 53  64.0   5317.0   5871.3   -554.3    -10.4
 54  65.0   5383.0   5832.6   -449.6     -8.4
 55  66.0   6571.0   5794.9    776.1     11.8
 56  67.0   6552.0   5758.0    794.0     12.1
 57  68.0   5715.0   5722.1     -7.1     -0.1
 58  69.0   6281.0   5687.1    593.9      9.5
 59  70.0   5499.0   5653.0   -154.0     -2.8
SSQ                            69.47
RMS FIT:   796.559
CORRELATION OF OBS AND PRED: 0.77758
 J PAR    COEF   S.E.
 1   A    8516.027    1442.646
 2   B     -87.995      78.049
 3   K       0.213       0.084
 4  T0      10.946       0.670
 5   C       0.460       0.991
 6  BK     728.          0.

5687.1    593.9      9.5
 59 