
      0.00000      4.32143      0.00000      4.32143      0.00000
      0.01786     28.40151    -24.92499     37.78758     -0.72030
      0.03571    139.75858     34.46101    143.94451      0.24175
      0.05357    -11.52782    102.38752    103.03443      1.68291
      0.07143    102.59009    -54.13638    115.99773     -0.48556
      0.08929    -72.65549    -30.97439     78.98248     -2.73861
      0.10714    -87.17118     93.86315    128.09803      2.31925
      0.12500     25.33624      5.24950     25.87436      0.20430
      0.14286    245.26749   -261.51876    358.53620     -0.81745
      0.16071     29.33760    -77.83542     83.18082     -1.21034
      0.17857      0.49926    -34.18773     34.19138     -1.55619
      0.19643      2.21917   -122.25532    122.27546     -1.55265
      0.21429     -4.57310     77.97653     78.11052      1.62938
      0.23214     13.37266     83.68591     84.74762      1.41234
      0.25000     23.29643     92.56071     95.44741      1.32423
      0.26786     27.06285     27.33285     38.46404      0.79036
      0.28571     68.94482    178.21068    191.08227      1.20166
      0.30357     74.39959    -58.58378     94.69613     -0.66702
      0.32143     55.86366     80.89371     98.30839      0.96642
      0.33929    -40.62537      4.80337     40.90834      3.02390
      0.35714    -10.37949     50.81246     51.86173      1.77229
      0.37500     23.88162      3.03879     24.07417      0.12656
      0.39286     -5.49036    -39.37804     39.75895     -1.70933
      0.41071     -8.97682    -38.03182     39.07688     -1.80259
      0.42857    -42.54623     -2.23469     42.60488     -3.08912
      0.44643    -42.96443    -16.48737     46.01930     -2.77518
      0.46429    -29.80637     55.27885     62.80263      2.06531
      0.48214     41.01365    -10.44237     42.32213     -0.24931
      0.50000      5.20000      0.00001      5.20000      0.00000
    -99.00000
