57
   1   13.  -28.000  918.600  303.502  615.098   66.960
   2   14.  -27.000 1451.400  589.798  861.602   59.364
   3   15.  -26.000 -621.800 -777.491  155.691  -25.039
   4   16.  -25.000 -602.200 -562.678  -39.522    6.563
   5   17.  -24.000 -112.500 -408.404  295.904 -263.026
   6   18.  -23.000  136.700  208.543  -71.843  -52.555
   7   19.  -22.000 -206.900  581.332 -788.232  380.973
   8   20.  -21.000  449.700  414.717   34.983    7.779
   9   21.  -20.000 -737.200 -514.731 -222.469   30.178
  10   22.  -19.000-1144.800 -874.134 -270.666   23.643
  11   23.  -18.000 -976.300 -678.480 -297.820   30.505
  12   24.  -17.000  585.900  185.771  400.129   68.293
  13   25.  -16.000 1315.200  937.103  378.097   28.748
  14   26.  -15.000  862.400 1143.395 -280.995  -32.583
  15   27.  -14.000  781.100  440.455  340.645   43.611
  16   28.  -13.000  616.600  644.288  -27.688   -4.490
  17   29.  -12.000 -855.000 -573.918 -281.082   32.875
  18   30.  -11.000-1263.400 -628.011 -635.389   50.292
  19   31.  -10.000 -597.600 -301.930 -295.670   49.476
  20   32.   -9.000-1154.600 -691.232 -463.368   40.132
  21   33.   -8.000  940.800 1499.274 -558.474  -59.362
  22   34.   -7.000 1013.100  651.554  361.546   35.687
  23   35.   -6.000  619.800  516.407  103.393   16.682
  24   36.   -5.000-1481.300-1220.320 -260.980   17.618
  25   37.   -4.000 -874.500-1075.963  201.463  -23.038
  26   38.   -3.000  864.900  220.009  644.891   74.563
  27   39.   -2.000  443.900  140.624  303.276   68.321
  28   40.   -1.000  386.300  910.764 -524.464 -135.766
  29   41.    0.000 1077.000  491.871  585.129   54.330
  30   42.    1.000  857.900  287.143  570.757   66.530
  31   43.    2.000-1096.000 -909.470 -186.530   17.019
  32   44.    3.000 -617.700 -771.324  153.624  -24.870
  33   45.    4.000 1222.700  864.132  358.568   29.326
  34   46.    5.000  972.100  537.614  434.486   44.696
  35   47.    6.000  721.700  911.513 -189.813  -26.301
  36   48.    7.000  187.300   27.842  159.458   85.135
  37   49.    8.000 -580.100 -324.272 -255.828   44.101
  38   50.    9.000 -733.500 -613.572 -119.928   16.350
  39   51.   10.000 -419.800 -273.922 -145.878   34.750
  40   52.   11.000 -685.100 -636.770  -48.330    7.054
  41   53.   12.000   44.600   67.650  -23.050  -51.682
  42   54.   13.000  454.300  760.289 -305.989  -67.354
  43   55.   14.000  335.100  292.129   42.971   12.823
  44   56.   15.000 -313.200 -229.014  -84.186   26.879
  45   57.   16.000-1118.500 -920.713 -197.787   17.683
  46   58.   17.000-1590.700-1103.512 -487.188   30.627
  47   59.   18.000 -672.000 -735.208   63.208   -9.406
  48   60.   19.000  466.800  634.882 -168.082  -36.007
  49   61.   20.000  216.500  631.391 -414.891 -191.636
  50   62.   21.000 -180.700  -41.416 -139.284   77.080
  51   63.   22.000  434.000  257.525  176.475   40.662
  52   64.   23.000 -486.200 -542.216   56.016  -11.521
  53   65.   24.000 -366.500 -323.932  -42.568   11.615
  54   66.   25.000  875.300  271.002  604.298   69.039
  55   67.   26.000  910.000  403.654  506.346   55.642
  56   68.   27.000  126.800  277.887 -151.087 -119.154
  57   69.   28.000  746.600  302.803  443.797   59.442

