43
0.,0.
.25,1.5
.5,2.5
.75,5.
1.0,14.
1.25,14.3
1.5,13.5
1.75,12.5
2.,11.
2.25,9.8
2.5,8.5
2.75,8.
3.0,7.5
3.25,7.
3.5,6.8
3.75,6.3
4.,6.
4.25,5.8
4.5,5.6
4.75,5.3
5.0,5.
5.25,4.9
5.5,4.8
5.75,4.7
6.0,4.6
6.25,4.6
6.5,4.6
6.75,4.8
7.0,5.
7.25,5.5
7.5,6.
7.75,6.3
8.0,6.5
8.25,6.3
8.5,6.0
8.75,5.4
9.0,5.
9.25,4.3
9.5,3.5
9.75,2.0
10.,1.
10.25,-.25
10.5,-2.2
.5,2.5
.75,5.
1.0,14.
1.25,14.3
1.5,13.5
1.75,12.5
2.,11.
2.25,9.8
2.5,8.5
2.75,8.
3.0,7.5
3.25,7.
3.5,6.8
3.75,6.3
4.,6.
4.25,5.8
4.5,5.6
4.75,5.3
5.0,5.
5.25,4.9
5.5,4.8
5.75,4.7
6.0,4.6
6.25,4.6
6.5,4.6
6.75,4.8
7.0,5.
7.25,5.5
7.5,6.
7.75,6.3
8.0,6.5
8.25,6.3
8.5,6.0
8.75,5.4
9.0,5.
9.25,4.3
9.5,3.5
9.75,2.0
10.,1.
10.2