176
     749.                       80.9
     750.                       83.4
     751.                       47.7
     752.                       47.8
     753.                       30.7
     754.                       12.2
     755.                        9.6
     756.                       10.2
     757.                       32.4
     758.                       47.6
     759.                       54.0
     760.                       62.9
     761.                       85.9
     762.                       61.2
     763.                       45.1
     764.                       36.4
     765.                       20.9
     766.                       11.4
     767.                       37.8
     768.                       69.8
     769.                      106.1
     770.                      100.8
     771.                       81.6
     772.                       66.5
     773.                       34.8
     774.                       30.6
     775.                        7.0
     776.                       19.8
     777.                       92.5
     778.                      154.4
     779.                      125.9
     780.                       84.8
     781.                       68.1
     782.                       38.5
     783.                       22.8
     784.                       10.2
     785.                       24.1
     786.                       82.9
     787.                      132.0
     788.                      130.9
     789.                      118.1
     790.                       89.9
     791.                       66.6
     792.                       60.0
     793.                       46.9
     794.                       41.0
     795.                       21.3
     796.                       16.0
     797.                        6.4
     798.                        4.1
     799.                        6.8
     800.                       14.5
     801.                       34.0
     802.                       45.0
     803.                       43.1
     804.                       47.5
     805.                       42.2
     806.                       28.1
     807.                       10.1
     808.                        8.1
     809.                        2.5
     810.                        0.0
     811.                        1.4
     812.                        5.0
     813.                       12.2
     814.                       13.9
     815.                       35.4
     816.                       45.8
     817.                       41.1
     818.                       30.4
     819.                       23.9
     820.                       15.7
     821.                        6.6
     822.                        4.0
     823.                        1.8
     824.                        8.5
     825.                       16.6
     826.                       36.3
     827.                       49.7
     828.                       62.5
     829.                       67.0
     830.                       71.0
     831.                       47.8
     832.                       27.5
     833.                        8.5
     834.                       13.2
     835.                       56.9
     836.                      121.5
     837.                      138.3
     838.                      103.2
     839.                       85.8
     840.                       63.2
     841.                       36.8
     842.                       24.2
     843.                       10.7
     844.                       15.0
     845.                       40.1
     846.                       61.5
     847.                       98.5
     848.                      124.3
     849.                       95.9
     850.                       66.5
     851.                       64.5
     852.                       54.2
     853.                       39.0
     854.                       20.6
     855.                        6.7
     856.                        4.3
     857.                       22.8
     858.                       54.8
     859.                       93.8
     860.                       95.7
     861.                       77.2
     862.                       59.1
     863.                       44.0
     864.                       47.0
     865.                       30.5
     866.                       16.3
     867.                        7.3
     868.                       37.3
     869.                       73.9
     870.                      139.1
     871.                      111.2
     872.                      101.7
     873.                       66.3
     874.                       44.7
     875.                       17.1
     876.                       11.3
     877.                       12.3
     878.                        3.4
     879.                        6.0
     880.                       32.3
     881.                       54.3
     882.                       59.7
     883.                       63.7
     884.                       63.5
     885.                       52.2
     886.                       25.4
     887.                       13.1
     888.                        6.8
     889.                        6.3
     890.                        7.1
     891.                       35.6
     892.                       73.0
     893.                       84.9
     894.                       78.0
     895.                       64.0
     896.                       41.8
     897.                       26.2
     898.                       26.7
     899.                       12.1
     900.                        9.5
     901.                        2.7
     902.                        5.0
     903.                       24.4
     904.                       42.0
     905.                       63.5
     906.                       53.8
     907.                       62.0
     908.                       48.5
     909.                       43.9
     910.                       18.6
     911.                        5.7
     912.                        3.6
     913.                        1.4
     914.                        9.6
     915.                       47.4
     916.                       57.1
     917.                      103.9
     918.                       80.6
     919.                       63.6
     920.                       37.6
     921.                       26.1
     922.                       14.2
     923.                        5.8
     924.                       16.7
16,1,2,4
WOLFER'S SUNSPOT NUMBERS 1749-1924                                            
T.W.ANDERSON,THE STATISTICAL ANBALYSIS OF TIME SERIES,(1971),WILEY, P660      
                 63.6
     920.                