18
 0.0206, 0.6147, 1.0107,  4039.,   148.,-0.0135
 0.0206, 0.6147, 1.0107,  4014.,   134.,-0.0135
 0.0759, 0.6165, 1.0307,  3720.,   128.,-0.0333
 0.0759, 0.6165, 1.0307,  3691.,   137.,-0.0333
 0.1375, 0.6183, 1.0514,  3217.,    89.,-0.0537
 0.1375, 0.6183, 1.0514,  3199.,    77.,-0.0537
 0.2065, 0.6202, 1.0728,  2848.,    98.,-0.0746
 0.2065, 0.6202, 1.0728,  2916.,    98.,-0.0746
 0.2843, 0.6221, 1.0949,  2489.,    82.,-0.0961
 0.2843, 0.6221, 1.0949,  2507.,    84.,-0.0961
 0.3729, 0.6240, 1.1178,  2145.,    73.,-0.1182
 0.3729, 0.6240, 1.1178,  2172.,    91.,-0.1182
 0.4744, 0.6258, 1.1415,  1685.,   150.,-0.1409
 0.4744, 0.6258, 1.1415,  1682.,   134.,-0.1409
 0.5921, 0.6273, 1.1661,  1191.,   196.,-0.1643
 0.5921, 0.6273, 1.1f61,  1205.,   171.,-0.1643
 0.7300, 0.6283, 1.191e,   767.,   119.,-0.1887
 0.7300, 0.6283, 1.1915,   742.,   116.,-0.1887
-1.,
DENSITIES, VBAR3 OF SUCROSE CURRENT 9-MAY-84
LAST COLUMN IS (1-V(1)*P)
,-0.1182
 0.4744, 0.6258, 1.1415,  1685.,   150.,-0.1409
 0.4744, 0.6258, 1.1415,  1682.,   134.,-0.1409
 0.5921, 0.6273, 1.1661,  1191.,   196.,-0.1643
 0.5921, 0.6273, 1.1661,  120