
18
 0.0206, 0.6036, 1.0129,  4221.,   164.,-0.0139
 0.0206, 0.6036, 1.0129,  4189.,   187.,-0.0139
 0.0759, 0.6066, 1.0334,  3907.,   228.,-0.0342
 0.0759, 0.6066, 1.0334,  3941.,   228.,-0.0342
 0.1375, 0.6097, 1.0546,  3593.,   150.,-0.0549
 0.1375, 0.6097, 1.0546,  3600.,   173.,-0.0549
 0.2065, 0.6127, 1.0765,  3092.,   144.,-0.0761
 0.2065, 0.6127, 1.0765,  3046.,   155.,-0.0761
 0.2843, 0.6156, 1.0991,  2730.,   137.,-0.0977
 0.2843, 0.6156, 1.0991,  2702.,   127.,-0.0977
 0.3728, 0.6183, 1.1224,  2304.,   102.,-0.1198
 0.3728, 0.6183, 1.1224,  2293.,    93.,-0.1198
 0.4744, 0.6206, 1.1464,  1740.,   105.,-0.1425
 0.4744, 0.6206, 1.1464,  1719.,    95.,-0.1425
 0.5920, 0.6222, 1.1713,  1197.,    93.,-0.1661
 0.5920, 0.6222, 1.1713,  1156.,    78.,-0.1661
 0.7300, 0.6226, 1.1972,   665.,    53.,-0.1914
 0.7300, 0.6226, 1.1972,   640.,    70.,-0.1914
