18
 0.0206, 0.6147, 1.0107,  3980.,    50.,-0.0135
 0.0206, 0.6147, 1.0107,  3968.,    71.,-0.0135
 0.0759, 0.6165, 1.0307,  3761.,   107.,-0.0333
 0.0759, 0.6165, 1.0307,  3748.,    80.,-0.0333
 0.1375, 0.6183, 1.0514,  3481.,   132.,-0.0537
 0.1375, 0.6183, 1.0514,  3488.,   127.,-0.0537
 0.2065, 0.6202, 1.0728,  2896.,    75.,-0.0746
 0.2065, 0.6202, 1.0728,  2933.,   105.,-0.0746
 0.2843, 0.6221, 1.0949,  2577.,    77.,-0.0961
 0.2843, 0.6221, 1.0949,  2550.,    82.,-0.0961
 0.3729, 0.6240, 1.1178,  2184.,    37.,-0.1182
 0.3729, 0.6240, 1.1178,  2159.,    48.,-0.1182
 0.4744, 0.6258, 1.1415,  1765.,    45.,-0.1409
 0.4744, 0.6258, 1.1415,  1767.,    25.,-0.1409
 0.5921, 0.6273, 1.1661,  1255.,    71.,-0.1643
 0.5921, 0.6273, 1.1661,  1307.,    30.,-0.1643
 0.7300, 0.6283, 1.1915,   854.,    66.,-0.1887
 0.7300, 0.6283, 1.1915,   877.,    32.,-0.1887
 SEE 2947DP.DA FOR EXPLANATIONS
.1182
 0.3729, 0.6240, 1.1178,  2159.,    48.,-0.1182
 0.4744, 0.6258, 1.1415,  1765.,    45.,-0.1409
 0.4744, 0.6258, 1.1415,  1767.,    25.,-0.1409
 0.5921, 0.6273, 1.1661,  1255.,    71.,-0.1643
 0.5921, 0.6273, 1.1661,  130