
30
 0.0000, 1.0030, 1.0026,  4257.,    47.,-0.0057
 0.0000, 1.0030, 1.0026,  4239.,    35.,-0.0057
 0.1789, 0.9840, 1.0219,  4005.,    61.,-0.0056
 0.1789, 0.9840, 1.0219,  4048.,    14.,-0.0056
 0.3580, 0.9657, 1.0412,  3969.,   179.,-0.0056
 0.3580, 0.9657, 1.0412,  3955.,    48.,-0.0056
 0.2386, 0.9778, 1.0284,  3986.,    70.,-0.0056
 0.2386, 0.9778, 1.0284,  3990.,    50.,-0.0056
 0.4177, 0.9598, 1.0477,  3756.,    33.,-0.0055
 0.4177, 0.9598, 1.0477,  3781.,     8.,-0.0055
 0.5970, 0.9424, 1.0670,  3559.,    47.,-0.0055
 0.5970, 0.9424, 1.0670,  3479.,    41.,-0.0055
 0.1193, 0.9903, 1.0155,  4138.,    34.,-0.0056
 0.1193, 0.9903, 1.0155,  4099.,    51.,-0.0056
 0.7765, 0.9256, 1.0863,  3365.,    42.,-0.0055
 0.7765, 0.9256, 1.0863,  3377.,    24.,-0.0055
 0.4775, 0.9539, 1.0541,  3632.,    14.,-0.0055
 0.4775, 0.9539, 1.0541,  3567.,    21.,-0.0055
 0.5373, 0.9481, 1.0605,  3647.,    33.,-0.0055
 0.5373, 0.9481, 1.0605,  3603.,    50.,-0.0055
 0.7166, 0.9311, 1.0799,  3476.,    14.,-0.0055
 0.7166, 0.9311, 1.0799,  3466.,    18.,-0.0055
 0.0596, 0.9966, 1.0091,  4122.,    33.,-0.0056
 0.0596, 0.9966, 1.0091,  4065.,    33.,-0.0056
 0.8363, 0.9201, 1.0927,  3319.,    34.,-0.0054
 0.8363, 0.9201, 1.0927,  3292.,    45.,-0.0054
 0.6568, 0.9367, 1.0734,  3550.,    28.,-0.0055
 0.6568, 0.9367, 1.0734,  3549.,     6.,-0.0055
 0.2983, 0.9717, 1.0348,  3960.,    87.,-0.0056
 0.2983, 0.9717, 1.0348,  3908.,    33.,-0.0056
