30
  0., 0.00000, 1.00264, 4257.,  47.
  0., 0.00000, 1.00264, 4239.,  35.
 18., 0.17893, 1.02194, 4005.,  61.
 18., 0.17893, 1.02194, 4048.,  14.
 36., 0.35802, 1.04125, 3969., 179.
 36., 0.35802, 1.04125, 3955.,  48.
 24., 0.23861, 1.02838, 3986.,  70.
 24., 0.23861, 1.02838, 3990.,  50.
 42., 0.41775, 1.04768, 3756.,  33.
 42., 0.41775, 1.04768, 3781.,   8.
 60., 0.59704, 1.06698, 3559.,  47.
 60., 0.59704, 1.06698, 3479.,  41.
 12., 0.11927, 1.01551, 4138.,  34.
 12., 0.11927, 1.01551, 4099.,  51.
 78., 0.77648, 1.08629, 3365.,  42.
 78., 0.77648, 1.08629, 3377.,  24.
 48., 0.47750, 1.05412, 3632.,  14.
 48., 0.47750, 1.05412, 3567.,  21.
 54., 0.53726, 1.06055, 3647.,  33.
 54., 0.53726, 1.06055, 3603.,  50.
 72., 0.71665, 1.07985, 3476.,  14.
 72., 0.71665, 1.07985, 3466.,  18.
  6., 0.05963, 1.00907, 4122.,  33.
  6., 0.05963, 1.00907, 4065.,  33.
 84., 0.83633, 1.09272, 3319.,  34.
 84., 0.83633, 1.09272, 3292.,  45.
 66., 0.65684, 1.07342, 3550.,  28.
 66., 0.65684, 1.07342, 3549.,   6.
 30., 0.29831, 1.03481, 3960.,  87.
 30., 0.29831, 1.03481, 3908.,  33.
3603.,  50.
 72., 0.71665, 1.07985, 