28
  0., 0.00000, 1.00493, 4373.,  37.
  0., 0.00000, 1.00493, 4372.,  58.
 18., 0.17893, 1.02396, 4152.,  38.
 18., 0.17893, 1.02396, 4133.,  27.
 24., 0.23861, 1.03030, 4060.,  27.
 24., 0.23861, 1.03030, 4069.,  23.
 42., 0.41775, 1.04934, 3896.,  38.
 42., 0.41775, 1.04934, 3876.,  31.
 60., 0.59704, 1.06837, 3710.,  51.
 60., 0.59704, 1.06837, 3626.,  44.
 12., 0.11927, 1.01762, 4273.,  41.
 12., 0.11927, 1.01762, 4185.,  44.
 78., 0.77648, 1.08740, 3512.,  29.
 78., 0.77648, 1.08740, 3492.,  36.
 48., 0.47750, 1.05568, 3788.,  40.
 48., 0.47750, 1.05568, 3710.,  25.
 54., 0.53726, 1.06202, 3829.,  59.
 54., 0.53726, 1.06202, 3734.,  36.
 72., 0.71665, 1.08106, 3654.,  49.
 72., 0.71665, 1.08106, 3586.,  55.
  6., 0.05963, 1.01127, 4325.,  79.
  6., 0.05963, 1.01127, 4184.,  32.
 84., 0.83633, 1.09374, 3503.,  40.
 84., 0.83633, 1.09374, 3447.,  26.
 66., 0.65684, 1.07471, 3704.,  40.
 66., 0.65684, 1.07471, 3656.,  33.
 30., 0.29831, 1.03665, 4085.,  74.
 30., 0.29831, 1.03665, 4002.,  36.
C  OMITTED 36 % D2O POINT (LEAKED
 36., 0.35802, 1.04299, 4268., 187.
 36., 0.35802, 1.04299, 4123.,  97.
C  Z-AVERAGES (36% D2O OMITTED):
14
  0., 0.00000, 1.00493,4501.,128.
 18., 0.17893, 1.02396,4089.,241.
 24., 0.23861, 1.03030,4019.,176.
 42., 0.41775, 1.04934,3910.,196.
 60., 0.59704, 1.06837,4226.,88.
 12., 0.11927, 1.01762,4429.,151.
 78., 0.77648, 1.08740,3475.,121.
 48., 0.47750, 1.05568,4122.,169.
 54., 0.53726, 1.06202,4406.,198.
 72., 0.71665, 1.08106,3877.,168.
  6., 0.05963, 1.01127,4761.,222.
 84., 0.83633, 1.09374,3712.,190.
 66., 0.65684, 1.07471,3786.,183.
 30., 0.29831, 1.03665,4537.,29u.
42., 0.41775, 1.04934,3910.,196.
 60., 0.59704, 1.06837,4226.,88.
 12., 0.11927, 1.01762,4429.,151.
 78., 0.77648, 1.08740,3475.,121.
 48., 0.47750, 1.05568,4122.,169.
 54., 0.53726, 1.06202,4406.,198.
 72., 0.71665, 1.08106,3877.,168.
