
28
 0.0000, 1.0011, 1.0048,  4373.,    37.,-0.0059
 0.0000, 1.0011, 1.0048,  4372.,    58.,-0.0059
 0.1789, 0.9825, 1.0238,  4152.,    38.,-0.0059
 0.1789, 0.9825, 1.0238,  4133.,    27.,-0.0059
 0.2386, 0.9764, 1.0302,  4060.,    27.,-0.0059
 0.2386, 0.9764, 1.0302,  4069.,    23.,-0.0059
 0.4177, 0.9587, 1.0492,  3896.,    38.,-0.0058
 0.4177, 0.9587, 1.0492,  3876.,    31.,-0.0058
 0.5970, 0.9416, 1.0682,  3710.,    51.,-0.0058
 0.5970, 0.9416, 1.0682,  3626.,    44.,-0.0058
 0.1193, 0.9886, 1.0175,  4273.,    41.,-0.0059
 0.1193, 0.9886, 1.0175,  4185.,    44.,-0.0059
 0.7765, 0.9250, 1.0873,  3512.,    29.,-0.0058
 0.7765, 0.9250, 1.0873,  3492.,    36.,-0.0058
 0.4775, 0.9529, 1.0556,  3788.,    40.,-0.0058
 0.4775, 0.9529, 1.0556,  3710.,    25.,-0.0058
 0.5373, 0.9472, 1.0619,  3829.,    59.,-0.0058
 0.5373, 0.9472, 1.0619,  3734.,    36.,-0.0058
 0.7166, 0.9305, 1.0809,  3654.,    49.,-0.0058
 0.7166, 0.9305, 1.0809,  3586.,    55.,-0.0058
 0.0596, 0.9948, 1.0111,  4325.,    79.,-0.0059
 0.0596, 0.9948, 1.0111,  4184.,    32.,-0.0059
 0.8363, 0.9197, 1.0936,  3503.,    40.,-0.0058
 0.8363, 0.9197, 1.0936,  3447.,    26.,-0.0058
 0.6568, 0.9360, 1.0746,  3704.,    40.,-0.0058
 0.6568, 0.9360, 1.0746,  3656.,    33.,-0.0058
 0.2983, 0.9704, 1.0365,  4085.,    74.,-0.0059
 0.2983, 0.9704, 1.0365,  4002.,    36.,-0.0059
