1
28,20.85,S
 0.3715, 0.6243, 1.1168,  3318.,   305.,-0.1164
 0.3715, 0.6243, 1.1168,  3094.,    11.,-0.1164
 0.7276, 0.6286, 1.1904,  1276.,   111.,-0.1870
 0.7276, 0.6286, 1.1904,  1173.,    33.,-0.1870
 0.1974, 0.6204, 1.0694,  4603.,    78.,-0.0705
 0.1974, 0.6204, 1.0694,  4565.,    24.,-0.0705
 0.0758, 0.6169, 1.0300,  5948.,   141.,-0.0317
 0.0758, 0.6169, 1.0300,  5830.,     8.,-0.0317
 0.2836, 0.6225, 1.0940,  4327.,   160.,-0.0945
 0.2836, 0.6225, 1.0940,  4215.,     3.,-0.0945
 0.4733, 0.6261, 1.1406,  2495.,    94.,-0.1393
 0.4733, 0.6261, 1.1406,  2438.,    14.,-0.1393
 0.5908, 0.6276, 1.1651,  1735.,    74.,-0.1627
 0.5908, 0.6276, 1.1651,  1683.,     0.,-0.1627
 0.7276, 0.6286, 1.1904,   991.,    48.,-0.1870
 0.7276, 0.6286, 1.1904,   969.,    18.,-0.1870
 0.0205, 0.6151, 1.0100,  6618.,   238.,-0.0119
 0.0205, 0.6151, 1.0100,  6308.,     6.,-0.0119
 0.7276, 0.6286, 1.1904,  1369.,   159.,-0.1870
 0.7276, 0.6286, 1.1904,  1265.,    12.,-0.1870
 0.0758, 0.6169, 1.0300,  6071.,    65.,-0.0317
 0.0758, 0.6169, 1.0300,  6073.,    69.,-0.0317
 0.3715, 0.6243, 1.1168,  3290.,    39.,-0.1164
 0.3715, 0.6243, 1.1168,  3346.,    39.,-0.1164
 0.4733, 0.6261, 1.1406,  2845.,    16.,-0.1393
 0.4733, 0.6261, 1.1406,  2669.,    12.,-0.1393
 0.1974, 0.6204, 1.0694,  4864.,   214.,-0.0705
 0.1974, 0.6204, 1.0694,  4741.,    40.,-0.0705
= = = = =
 0.1371, 0.6187, 1.0506,  7263.,   648.,-0.0521
 0.1371, 0.6187, 1.0506,  6727.,   110.,-0.0521
168,  3290.,    39.,-0.1164
 0.3715, 0