28,20.,S
 0.3715, 0.6240, 1.1171,  3648.,   114.,-0.1165
 0.3715, 0.6240, 1.1171,  3546.,    86.,-0.1165
 0.7276, 0.6283, 1.1907,  1849.,   115.,-0.1871
 0.7276, 0.6283, 1.1907,  1840.,   129.,-0.1871
 0.1974, 0.6200, 1.0696,  4638.,   145.,-0.0705
 0.1974, 0.6200, 1.0696,  4624.,   175.,-0.0705
 0.0758, 0.6165, 1.0302,  5969.,   190.,-0.0318
 0.0758, 0.6165, 1.0302,  5686.,   220.,-0.0318
 0.2836, 0.6221, 1.0943,  4544.,   284.,-0.0945
 0.2836, 0.6221, 1.0943,  4295.,   255.,-0.0945
 0.4733, 0.6258, 1.1409,  3029.,    88.,-0.1393
 0.4733, 0.6258, 1.1409,  3009.,   102.,-0.1393
 0.5908, 0.6273, 1.1654,  2476.,   112.,-0.1628
 0.5908, 0.6273, 1.1654,  2454.,   114.,-0.1628
 0.7276, 0.6283, 1.1907,  1713.,   135.,-0.1871
 0.7276, 0.6283, 1.1907,  1708.,   146.,-0.1871
 0.0205, 0.6147, 1.0102,  6116.,   233.,-0.0119
 0.0205, 0.6147, 1.0102,  6032.,   263.,-0.0119
 0.7276, 0.6283, 1.1907,  1919.,   124.,-0.1871
 0.7276, 0.6283, 1.1907,  1892.,   125.,-0.1871
 0.0758, 0.6165, 1.0302,  6157.,   243.,-0.0318
 0.0758, 0.6165, 1.0302,  5804.,   301.,-0.0318
 0.3715, 0.6240, 1.1171,  3632.,   101.,-0.1165
 0.3715, 0.6240, 1.1171,  3596.,    82.,-0.1165
 0.4733, 0.6258, 1.1409,  3094.,    94.,-0.1393
 0.4733, 0.6258, 1.1409,  3070.,   104.,-0.1393
 0.1974, 0.6200, 1.0696,  5028.,   269.,-0.0705
 0.1974, 0.6200, 1.0696,  4801.,   259.,-0.0705
 = = = = = = = = = = = = = = = = = = = = = = = =
CELL LEAKED:
 0.1371, 0.6183, 1.0508,  6506.,   517.,-0.0521
 0.1371, 0.6183, 1.0508,  6207.,   402.,-0.0521
  3596.,    82.,-0.1165
 0.4733, 0.6258, 1.1409,  3094.,    94.,-0.1393
 0.4733, 0.6258, 1.1409,  3070.,   104.,-0.1393
 0.1974, 0.6200, 1.0696,  5028.,   269.,-0.0705
 0.1974, 0.6200, 1.0696,  4801.,   259.,-0.0705
 = = = = = = = = = = = = = = = = = = = = = = = =
CELL LEAKED:
 0.1371, 0.6183, 1.0508,  6506.,   517.,-0.0521
 0.1371, 0.6183, 1.0508,  6207.,   402.,-