1
28,20.0,S
 0.3715, 0.6240, 1.1171,  3660.,   231.,-0.1165
 0.3715, 0.6240, 1.1171,  3485.,    17.,-0.1165
 0.7276, 0.6283, 1.1907,  1671.,    34.,-0.1871
 0.7276, 0.6283, 1.1907,  1644.,     4.,-0.1871
 0.1974, 0.6200, 1.0696,  4556.,    15.,-0.0705
 0.1974, 0.6200, 1.0696,  4604.,    52.,-0.0705
 0.0758, 0.6165, 1.0302,  5918.,   322.,-0.0318
 0.0758, 0.6165, 1.0302,  5673.,    25.,-0.0318
 0.2836, 0.6221, 1.0943,  4476.,   267.,-0.0945
 0.2836, 0.6221, 1.0943,  4202.,    15.,-0.0945
 0.4733, 0.6258, 1.1409,  2988.,    42.,-0.1393
 0.4733, 0.6258, 1.1409,  2942.,    23.,-0.1393
 0.5908, 0.6273, 1.1654,  2312.,    25.,-0.1628
 0.5908, 0.6273, 1.1654,  2297.,     4.,-0.1628
 0.7276, 0.6283, 1.1907,  1503.,    38.,-0.1871
 0.7276, 0.6283, 1.1907,  1472.,     6.,-0.1871
 0.0205, 0.6147, 1.0102,  6122.,    11.,-0.0119
 0.0205, 0.6147, 1.0102,  5991.,    12.,-0.0119
 0.7276, 0.6283, 1.1907,  1750.,    56.,-0.1871
 0.7276, 0.6283, 1.1907,  1711.,     0.,-0.1871
 0.0758, 0.6165, 1.0302,  6040.,   460.,-0.0318
 0.0758, 0.6165, 1.0302,  5741.,    37.,-0.0318
 0.3715, 0.6240, 1.1171,  3594.,     4.,-0.1165
 0.3715, 0.6240, 1.1171,  3573.,    25.,-0.1165
 0.4733, 0.6258, 1.1409,  3078.,   116.,-0.1393
 0.4733, 0.6258, 1.1409,  2975.,    30.,-0.1393
 0.1974, 0.6200, 1.0696,  5209.,   546.,-0.0705
 0.1974, 0.6200, 1.0696,  4824.,     0.,-0.0705
0.6165, 1.0302,  6040.,   460.,-0.0318
 0.0758, 0.6165, 1.0302,  5741.,    37.,-0.0318
 0.3715, 0.6240, 1.1171,  3594.,     4.,-0.1165
 0.3715, 0.