1
28,20.0,S
 0.3715, 0.6240, 1.1171,  3645.,   135.,-0.1165
 0.3715, 0.6240, 1.1171,  3553.,    79.,-0.1165
 0.7276, 0.6283, 1.1907,  1688.,    31.,-0.1871
 0.7276, 0.6283, 1.1907,  1660.,    21.,-0.1871
 0.1974, 0.6200, 1.0696,  4613.,    67.,-0.0705
 0.1974, 0.6200, 1.0696,  4668.,    83.,-0.0705
 0.0758, 0.6165, 1.0302,  5947.,   195.,-0.0318
 0.0758, 0.6165, 1.0302,  5691.,    27.,-0.0318
 0.2836, 0.6221, 1.0943,  4525.,   195.,-0.0945
 0.2836, 0.6221, 1.0943,  4314.,   131.,-0.0945
 0.4733, 0.6258, 1.1409,  3001.,    29.,-0.1393
 0.4733, 0.6258, 1.1409,  2953.,    20.,-0.1393
 0.5908, 0.6273, 1.1654,  2333.,    30.,-0.1628
 0.5908, 0.6273, 1.1654,  2317.,    24.,-0.1628
 0.7276, 0.6283, 1.1907,  1520.,    31.,-0.1871
 0.7276, 0.6283, 1.1907,  1503.,    37.,-0.1871
 0.0205, 0.6147, 1.0102,  6127.,    53.,-0.0119
 0.0205, 0.6147, 1.0102,  6046.,    70.,-0.0119
 0.7276, 0.6283, 1.1907,  1744.,    34.,-0.1871
 0.7276, 0.6283, 1.1907,  1725.,    18.,-0.1871
 0.0758, 0.6165, 1.0302,  6046.,   316.,-0.0318
 0.0758, 0.6165, 1.0302,  5784.,    55.,-0.0318
 0.3715, 0.6240, 1.1171,  3639.,    55.,-0.1165
 0.3715, 0.6240, 1.1171,  3624.,    61.,-0.1165
 0.4733, 0.6258, 1.1409,  3090.,    68.,-0.1393
 0.4733, 0.6258, 1.1409,  3033.,    70.,-0.1393
 0.1974, 0.6200, 1.0696,  5127.,   336.,-0.0705
 0.1974, 0.6200, 1.0696,  4873.,    65.,-0.0705
 48 HOURS: 2630 - 2960 MIN SCANS AVERAGED BOTH EXPFIT AND SLOPD FITS
.,    55.,-0.0318
 0.3715, 0.6240, 1.1171,  3639.,    55.,-0.1165
 0.3715, 0.