
  0.1974,  0.6200,  1.0696, -0.0705
  0.4733,  0.6258,  1.1409, -0.1393
  0.3715,  0.6240,  1.1171, -0.1165
  0.1371,  0.6183,  1.0508, -0.0521
  0.2836,  0.6221,  1.0943, -0.0945
  0.0758,  0.6165,  1.0302, -0.0318
  0.1371,  0.6183,  1.0508, -0.0521
  0.0205,  0.6147,  1.0102, -0.0119
  0.2836,  0.6221,  1.0943, -0.0945
  0.0205,  0.6147,  1.0102, -0.0119
  0.1371,  0.6183,  1.0508, -0.0521
  0.5908,  0.6273,  1.1654, -0.1628
  0.7276,  0.6283,  1.1907, -0.1871
  0.5908,  0.6273,  1.1654, -0.1628
  0.4733,  0.6258,  1.1409, -0.1393
