1
30,20.0,S
 0.1974, 0.6200, 1.0696,  5063.,   151.,-0.0705
 0.1974, 0.6200, 1.0696,  4991.,   205.,-0.0705
 0.4733, 0.6258, 1.1409,  3378.,   153.,-0.1393
 0.4733, 0.6258, 1.1409,  3385.,   148.,-0.1393
 0.3715, 0.6240, 1.1171,  4767.,   361.,-0.1165
 0.3715, 0.6240, 1.1171,  4177.,   181.,-0.1165
 0.1371, 0.6183, 1.0508,  5758.,   194.,-0.0521
 0.1371, 0.6183, 1.0508,  5603.,   203.,-0.0521
 0.2836, 0.6221, 1.0943,  4496.,   131.,-0.0945
 0.2836, 0.6221, 1.0943,  4436.,   183.,-0.0945
 0.0758, 0.6165, 1.0302,  6294.,   157.,-0.0318
 0.0758, 0.6165, 1.0302,  6093.,   253.,-0.0318
 0.1371, 0.6183, 1.0508,  5717.,   173.,-0.0521
 0.1371, 0.6183, 1.0508,  5494.,   171.,-0.0521
 0.0205, 0.6147, 1.0102,  6881.,   258.,-0.0119
 0.0205, 0.6147, 1.0102,  6871.,   310.,-0.0119
 0.2836, 0.6221, 1.0943,  4488.,   131.,-0.0945
 0.2836, 0.6221, 1.0943,  4419.,   169.,-0.0945
 0.0205, 0.6147, 1.0102,  7024.,   224.,-0.0119
 0.0205, 0.6147, 1.0102,  7009.,   239.,-0.0119
 0.1371, 0.6183, 1.0508,  5977.,   228.,-0.0521
 0.1371, 0.6183, 1.0508,  5700.,   209.,-0.0521
 0.5908, 0.6273, 1.1654,  2961.,   164.,-0.1628
 0.5908, 0.6273, 1.1654,  2812.,   109.,-0.1628
 0.7276, 0.6283, 1.1907,  1898.,   110.,-0.1871
 0.7276, 0.6283, 1.1907,  1902.,    99.,-0.1871
 0.5908, 0.6273, 1.1654,  2775.,   104.,-0.1628
 0.5908, 0.6273, 1.1654,  2755.,   103.,-0.1628
 0.4733, 0.6258, 1.1409,  3639.,   109.,-0.1393
 0.4733, 0.6258, 1.1409,  3501.,   110.,-0.1393
0.6273, 1.1654,  2961.,   164.,-0.1628
 0.5908, 0.