6,132.14,0.
0,10,20,25,30,40
0.999868,0.999728,0.998234,0.997075,0.995678,0.992247
01,1.0061,1.0058,1.0041,1.0030,1.0015,0.9980
02,1.0124,1.0119,1.0101,1.0089,1.0074,1.0039
04,1.0248,1.0240,1.0220,1.0207,1.0191,1.0155
06,1.0372,1.0360,1.0338,1.0324,1.0308,1.0271
08,1.0495,1.0480,1.0456,1.0441,1.0425,1.0387
10,1.0618,1.0600,1.0574,1.0558,1.0542,1.0503
12,1.0740,1.0719,1.0691,1.0675,1.0658,1.0619
14,1.0861,1.0837,1.0808,1.0791,1.0774,1.0734
16,1.0980,1.0954,1.0924,1.0907,1.0889,1.0849
18,1.1098,1.1070,1.1039,1.1022,1.1003,1.0963
20,1.1215,1.1186,1.1154,1.1136,1.1117,1.1077
22,1.1332,1.1302,1.1269,1.1250,1.1231,1.1191
24,1.1448,1.1417,1.1383,1.1364,1.1345,1.1304
-1
25,1.0387
10,1.0618,1.0600,1.0574,1.0558,1.0542,1.0503
12,1.0740,1.0719,1.069