9
 0.0127,0.1899,1.0077,.2555,.0022
 0.0127,0.1899,1.0077,.2725,.0036
 0.0182,0.1957,1.0122,.2570,.0025
 0.0288,0.2044,1.0204,.2510,.0083
 0.0463,0.2156,1.0342,.2358,.0059
 0.0745,0.2296,1.0555,.2130,.0071
 0.1176,0.2462,1.0869,.1780,.0052
 0.1667,0.2612,1.1211,.1497,.0027
 0.1917,0.2679,1.1378,.1340,.0074
C  THE NEXT DATA ARE OUT OF LINE:
 0.1979,0.2695,1.1419,.0871,.0028
 0.2170,0.2742,1.1546,.0817,.0029
 0.2427,0.2802,1.1711,.0723,.0015
.0182,0.1957,1.0122,.2570,.0025
 0.0288,0.2044,1.0204,.2510,.0083
 0.0463,0.2156,1.0342,.2358,.0059
 0.0745,0.2296,1.0555,.2130,.0071
 0.1176,0.2462,1.0869,.1780,.0052
 0.1667,0.2612,1.1211,.1497,.0027
 0.1917,0.2679,1.1378,.1340,.0074
C  THE NEXT DATA ARE OUT OF LINE:
 0.1979,0.2695,1.1419,.0871,.00