16
4.85,8.645,0.940
5.35,10.065,0.515
5.86,10.138,0.641
6.37,10.317,0.714
6.60,10.840,0.150
6.89,11.556,0.458
7.39,12.038,0.509
7.90,12.789,0.184
8.45,12.603,0.271
8.85,12.528,0.264
9.25,12.679,0.117
9.84,12.237,0.609
10.30,11.962,0.140
10.60,11.177,0.440
10.85,10.427,0.465
11.35,10.417,0.677
4.350.0000.000
PH(5.3),LN(K),S.D.<LN(K)>,2F7.3
FRAN'STITRATIONOFF(AB)ANDIGG-RECALCULATEDJAN-82
M(FAB)=47,094M(IGG)=141,711
INSTRUCTIONS:
.RF4
*LINKIG/L
*MATD15/G
*FABIG2.DA/5$
58
7.39,12.038,0.509
7.90,12.789,0.184
8.45,12.603,0.271
8.85,12.528,0.264
9.25,12.679,0.117
9.84,12.237,0.609
10.30,11.962,0.140
10.60,11.177,0.440
10.85,10.427,0.465
11.35,10.417,0.677
4.350.0000.000
PH(5.3),LN(K),S.D.<LN(K)>,2F7.3
FRAN'STITRATIONOFF(AB)AN