 21
  W  35.75200,18.1,17.1,15.1
  F  31.37900,13.9,13.4,12.6
  L  26.41300,10.0,11.0,9.6
  I  27.35600,11.8,8.5,7.0
  Y  20.98800,8.2,7.4,6.7
  V   7.35700,3.3,5.9,4.6
  M  14.46100,7.1,5.4,4.0
  P   7.94900,8.0,4.4,3.1
  A   2.36900,-.1,1.1,1.0
  E   2.70300,-7.5,0.7,1.1
  Q   3.16600,-2.5,-2.9,-2.0
  G   3.98000,-0.5,-.2,0.2
  D  -0.09779,-2.8,-1.6,-.5
  T   7.43100,1.5,-1.7,-.6
  S   1.12500,-3.7,-3.2,-2.9
  N -11.25300,-1.6,-4.2,-3.0
  R   0.01959,-4.5,-0.4,-2.0
  H   8.76600,0.8,-.7,-2.2
  K  -3.05100,-3.2,-1.9,-3.0
 AC  11.56300,3.9,6.6,3.8
 NH -13.24600,5.0,4.4,4.9
0,4.4,3.1
  A   2.36900,-.1,1.1,1.0
  E   2.70300,-7.5,0.7,1.1
  Q   3.16600,-2.5,-2.9,-2.0
  G   3.98000,-0.5,-.2,0.2
  D  -0.09779,-2.8,-1.6,-.5
  T   7.4310