54
 0.0206, 0.6147, 1.0107,  4039.,   148.,-0.0135
 0.0206, 0.6147, 1.0107,  4014.,   134.,-0.0135
 0.0759, 0.6165, 1.0307,  3720.,   128.,-0.0333
 0.0759, 0.6165, 1.0307,  3691.,   137.,-0.0333
 0.1375, 0.6183, 1.0514,  3217.,    89.,-0.0537
 0.1375, 0.6183, 1.0514,  3199.,    77.,-0.0537
 0.2065, 0.6202, 1.0728,  2848.,    98.,-0.0746
 0.2065, 0.6202, 1.0728,  2916.,    98.,-0.0746
 0.2843, 0.6221, 1.0949,  2489.,    82.,-0.0961
 0.2843, 0.6221, 1.0949,  2507.,    84.,-0.0961
 0.3729, 0.6240, 1.1178,  2145.,    73.,-0.1182
 0.3729, 0.6240, 1.1178,  2172.,    91.,-0.1182
 0.4744, 0.6258, 1.1415,  1685.,   150.,-0.1409
 0.4744, 0.6258, 1.1415,  1682.,   134.,-0.1409
 0.5921, 0.6273, 1.1661,  1191.,   196.,-0.1643
 0.5921, 0.6273, 1.1661,  1205.,   171.,-0.1643
 0.7300, 0.6283, 1.1915,   767.,   119.,-0.1887
 0.7300, 0.6283, 1.1915,   742.,   116.,-0.1887
 0.0206, 0.6147, 1.0107,  3980.,    50.,-0.0135
 0.0206, 0.6147, 1.0107,  3968.,    71.,-0.0135
 0.0759, 0.6165, 1.0307,  3761.,   107.,-0.0333
 0.0759, 0.6165, 1.0307,  3748.,    80.,-0.0333
 0.1375, 0.6183, 1.0514,  3481.,   132.,-0.0537
 0.1375, 0.6183, 1.0514,  3488.,   127.,-0.0537
 0.2065, 0.6202, 1.0728,  2896.,    75.,-0.0746
 0.2065, 0.6202, 1.0728,  2933.,   105.,-0.0746
 0.2843, 0.6221, 1.0949,  2577.,    77.,-0.0961
 0.2843, 0.6221, 1.0949,  2550.,    82.,-0.0961
 0.3729, 0.6240, 1.1178,  2184.,    37.,-0.1182
 0.3729, 0.6240, 1.1178,  2159.,    48.,-0.1182
 0.4744, 0.6258, 1.1415,  1765.,    45.,-0.1409
 0.4744, 0.6258, 1.1415,  1767.,    25.,-0.1409
 0.5921, 0.6273, 1.1661,  1255.,    71.,-0.1643
 0.5921, 0.6273, 1.1661,  1307.,    30.,-0.1643
 0.7300, 0.6283, 1.1915,   854.,    66.,-0.1887
 0.7300, 0.6283, 1.1915,   877.,    32.,-0.1887
 0.0206, 0.6147, 1.0107,  4048.,   202.,-0.0135
 0.0206, 0.6147, 1.0107,  4087.,   184.,-0.0135
 0.0759, 0.6165, 1.0307,  3764.,   153.,-0.0333
 0.0759, 0.6165, 1.0307,  3770.,   146.,-0.0333
 0.1375, 0.6183, 1.0514,  3525.,   196.,-0.0537
 0.1375, 0.6183, 1.0514,  3531.,   189.,-0.0537
 0.2065, 0.6202, 1.0728,  2921.,   116.,-0.0746
 0.2065, 0.6202, 1.0728,  2958.,   141.,-0.0746
 0.2843, 0.6221, 1.0949,  2589.,   100.,-0.0961
 0.2843, 0.6221, 1.0949,  2602.,   118.,-0.0961
 0.3729, 0.6240, 1.1178,  2240.,    80.,-0.1182
 0.3729, 0.6240, 1.1178,  2234.,    84.,-0.1182
 0.4744, 0.6258, 1.1415,  1899.,   103.,-0.1409
 0.4744, 0.6258, 1.1415,  1878.,    89.,-0.1409
 0.5921, 0.6273, 1.1661,  1361.,   143.,-0.1643
 0.5921, 0.6273, 1.1661,  1375.,    93.,-0.1643
 0.7300, 0.6283, 1.1915,   933.,    46.,-0.1887
 0.7300, 0.6283, 1.1915,   963.,    32.,-0.1887
0.6240, 1.1178,  2240.,    80.,-0.118