6
30,22.5,D
 0.0000, 1.0030, 1.0026,  4257.,    47.,-0.0056
 0.0000, 1.0030, 1.0026,  4239.,    35.,-0.0056
 0.1800, 0.9841, 1.0219,  4005.,    61.,-0.0056
 0.1800, 0.9841, 1.0219,  4048.,    14.,-0.0056
 0.3603, 0.9658, 1.0411,  3969.,   179.,-0.0055
 0.3603, 0.9658, 1.0411,  3955.,    48.,-0.0055
 0.2401, 0.9779, 1.0283,  3986.,    70.,-0.0056
 0.2401, 0.9779, 1.0283,  3990.,    50.,-0.0056
 0.4204, 0.9599, 1.0476,  3756.,    33.,-0.0055
 0.4204, 0.9599, 1.0476,  3781.,     8.,-0.0055
 0.6010, 0.9425, 1.0668,  3559.,    47.,-0.0055
 0.6010, 0.9425, 1.0668,  3479.,    41.,-0.0055
 0.1200, 0.9903, 1.0155,  4138.,    34.,-0.0056
 0.1200, 0.9903, 1.0155,  4099.,    51.,-0.0056
 0.7819, 0.9257, 1.0861,  3365.,    42.,-0.0054
 0.7819, 0.9257, 1.0861,  3377.,    24.,-0.0054
 0.4806, 0.9540, 1.0540,  3632.,    14.,-0.0055
 0.4806, 0.9540, 1.0540,  3567.,    21.,-0.0055
 0.5408, 0.9482, 1.0604,  3647.,    33.,-0.0055
 0.5408, 0.9482, 1.0604,  3603.,    50.,-0.0055
 0.7215, 0.9313, 1.0797,  3476.,    14.,-0.0055
 0.7215, 0.9313, 1.0797,  3466.,    18.,-0.0055
 0.0600, 0.9966, 1.0090,  4122.,    33.,-0.0056
 0.0600, 0.9966, 1.0090,  4065.,    33.,-0.0056
 0.8422, 0.9203, 1.0925,  3319.,    34.,-0.0054
 0.8422, 0.9203, 1.0925,  3292.,    45.,-0.0054
 0.6613, 0.9369, 1.0732,  3550.,    28.,-0.0055
 0.6613, 0.9369, 1.0732,  3549.,     6.,-0.0055
 0.3001, 0.9718, 1.0347,  3960.,    87.,-0.0056
 0.3001, 0.9718, 1.0347,  3908.,    33.,-0.0056
18,20.0,S
 0.0206, 0.6147, 1.0107,  4039.,   148.,-0.0135
 0.0206, 0.6147, 1.0107,  4014.,   134.,-0.0135
 0.0759, 0.6165, 1.0307,  3720.,   128.,-0.0333
 0.0759, 0.6165, 1.0307,  3691.,   137.,-0.0333
 0.1375, 0.6183, 1.0514,  3217.,    89.,-0.0537
 0.1375, 0.6183, 1.0514,  3199.,    77.,-0.0537
 0.2065, 0.6202, 1.0728,  2848.,    98.,-0.0746
 0.2065, 0.6202, 1.0728,  2916.,    98.,-0.0746
 0.2843, 0.6221, 1.0949,  2489.,    82.,-0.0961
 0.2843, 0.6221, 1.0949,  2507.,    84.,-0.0961
 0.3729, 0.6240, 1.1178,  2145.,    73.,-0.1182
 0.3729, 0.6240, 1.1178,  2172.,    91.,-0.1182
 0.4744, 0.6258, 1.1415,  1685.,   150.,-0.1409
 0.4744, 0.6258, 1.1415,  1682.,   134.,-0.1409
 0.5921, 0.6273, 1.1661,  1191.,   196.,-0.1643
 0.5921, 0.6273, 1.1661,  1205.,   171.,-0.1643
 0.7300, 0.6283, 1.1915,   767.,   119.,-0.1887
 0.7300, 0.6283, 1.1915,   742.,   116.,-0.1887
18,20.0,S
 0.0206, 0.6147, 1.0107,  3980.,    50.,-0.0135
 0.0206, 0.6147, 1.0107,  3968.,    71.,-0.0135
 0.0759, 0.6165, 1.0307,  3761.,   107.,-0.0333
 0.0759, 0.6165, 1.0307,  3748.,    80.,-0.0333
 0.1375, 0.6183, 1.0514,  3481.,   132.,-0.0537
 0.1375, 0.6183, 1.0514,  3488.,   127.,-0.0537
 0.2065, 0.6202, 1.0728,  2896.,    75.,-0.0746
 0.2065, 0.6202, 1.0728,  2933.,   105.,-0.0746
 0.2843, 0.6221, 1.0949,  2577.,    77.,-0.0961
 0.2843, 0.6221, 1.0949,  2550.,    82.,-0.0961
 0.3729, 0.6240, 1.1178,  2184.,    37.,-0.1182
 0.3729, 0.6240, 1.1178,  2159.,    48.,-0.1182
 0.4744, 0.6258, 1.1415,  1765.,    45.,-0.1409
 0.4744, 0.6258, 1.1415,  1767.,    25.,-0.1409
 0.5921, 0.6273, 1.1661,  1255.,    71.,-0.1643
 0.5921, 0.6273, 1.1661,  1307.,    30.,-0.1643
 0.7300, 0.6283, 1.1915,   854.,    66.,-0.1887
 0.7300, 0.6283, 1.1915,   877.,    32.,-0.1887
18,20.0,S
 0.0206, 0.6147, 1.0107,  4048.,   202.,-0.0135
 0.0206, 0.6147, 1.0107,  4087.,   184.,-0.0135
 0.0759, 0.6165, 1.0307,  3764.,   153.,-0.0333
 0.0759, 0.6165, 1.0307,  3770.,   146.,-0.0333
 0.1375, 0.6183, 1.0514,  3525.,   196.,-0.0537
 0.1375, 0.6183, 1.0514,  3531.,   189.,-0.0537
 0.2065, 0.6202, 1.0728,  2921.,   116.,-0.0746
 0.2065, 0.6202, 1.0728,  2958.,   141.,-0.0746
 0.2843, 0.6221, 1.0949,  2589.,   100.,-0.0961
 0.2843, 0.6221, 1.0949,  2602.,   118.,-0.0961
 0.3729, 0.6240, 1.1178,  2240.,    80.,-0.1182
 0.3729, 0.6240, 1.1178,  2234.,    84.,-0.1182
 0.4744, 0.6258, 1.1415,  1899.,   103.,-0.1409
 0.4744, 0.6258, 1.1415,  1878.,    89.,-0.1409
 0.5921, 0.6273, 1.1661,  1361.,   143.,-0.1643
 0.5921, 0.6273, 1.1661,  1375.,    93.,-0.1643
 0.7300, 0.6283, 1.1915,   933.,    46.,-0.1887
 0.7300, 0.6283, 1.1915,   963.,    32.,-0.1887
28,5.8,D
 0.0000, 1.0007, 1.0052,  4373.,    37.,-0.0059
 0.0000, 1.0007, 1.0052,  4372.,    58.,-0.0059
 0.1800, 0.9821, 1.0242,  4152.,    38.,-0.0059
 0.1800, 0.9821, 1.0242,  4133.,    27.,-0.0059
 0.2401, 0.9761, 1.0305,  4060.,    27.,-0.0059
 0.2401, 0.9761, 1.0305,  4069.,    23.,-0.0059
 0.4204, 0.9583, 1.0496,  3896.,    38.,-0.0058
 0.4204, 0.9583, 1.0496,  3876.,    31.,-0.0058
 0.6010, 0.9413, 1.0686,  3710.,    51.,-0.0058
 0.6010, 0.9413, 1.0686,  3626.,    44.,-0.0058
 0.1200, 0.9882, 1.0179,  4273.,    41.,-0.0059
 0.1200, 0.9882, 1.0179,  4185.,    44.,-0.0059
 0.7819, 0.9248, 1.0876,  3512.,    29.,-0.0057
 0.7819, 0.9248, 1.0876,  3492.,    36.,-0.0057
 0.4806, 0.9526, 1.0559,  3788.,    40.,-0.0058
 0.4806, 0.9526, 1.0559,  3710.,    25.,-0.0058
 0.5408, 0.9469, 1.0622,  3829.,    59.,-0.0058
 0.5408, 0.9469, 1.0622,  3734.,    36.,-0.0058
 0.7215, 0.9302, 1.0812,  3654.,    49.,-0.0058
 0.7215, 0.9302, 1.0812,  3586.,    55.,-0.0058
 0.0600, 0.9945, 1.0115,  4325.,    79.,-0.0059
 0.0600, 0.9945, 1.0115,  4184.,    32.,-0.0059
 0.8422, 0.9194, 1.0939,  3503.,    40.,-0.0057
 0.8422, 0.9194, 1.0939,  3447.,    26.,-0.0057
 0.6613, 0.9357, 1.0749,  3704.,    40.,-0.0058
 0.6613, 0.9357, 1.0749,  3656.,    33.,-0.0058
 0.3001, 0.9701, 1.0369,  4085.,    74.,-0.0058
 0.3001, 0.9701, 1.0369,  4002.,    36.,-0.0058
18,5.0,S
 0.0206, 0.6036, 1.0129,  4221.,   164.,-0.0139
 0.0206, 0.6036, 1.0129,  4189.,   187.,-0.0139
 0.0759, 0.6066, 1.0334,  3907.,   228.,-0.0342
 0.0759, 0.6066, 1.0334,  3941.,   228.,-0.0342
 0.1375, 0.6097, 1.0546,  3593.,   150.,-0.0549
 0.1375, 0.6097, 1.0546,  3600.,   173.,-0.0549
 0.2065, 0.6127, 1.0765,  3092.,   144.,-0.0761
 0.2065, 0.6127, 1.0765,  3046.,   155.,-0.0761
 0.2843, 0.6156, 1.0991,  2730.,   137.,-0.0977
 0.2843, 0.6156, 1.0991,  2702.,   127.,-0.0977
 0.3728, 0.6183, 1.1224,  2304.,   102.,-0.1198
 0.3728, 0.6183, 1.1224,  2293.,    93.,-0.1198
 0.4744, 0.6206, 1.1464,  1740.,   105.,-0.1425
 0.4744, 0.6206, 1.1464,  1719.,    95.,-0.1425
 0.5920, 0.6222, 1.1713,  1197.,    93.,-0.1661
 0.5920, 0.6222, 1.1713,  1156.,    78.,-0.1661
 0.7300, 0.6226, 1.1972,   665.,    53.,-0.1914
 0.7300, 0.6226, 1.1972,   640.,    70.,-0.1914
0.6183, 1.1224,  2304.,   102.,-0.1198
 0.3728, 0.6183, 1.1224,  2293.,    93.,-0.1198
 