6,58.4428,0.28696
0,10,20,25,30,40
0.999868,0.999728,0.998234,0.997075,0.995678,0.992247
01,1.00747,1.00707,1.00534,1.00409,1.00261,0.99908
02,1.01509,1.01442,1.01246,1.01112,1.00957,1.00593
04,1.03038,1.02920,1.02680,1.02530,1.02361,1.01977
06,1.04575,1.04408,1.0<127,1.03963,1.03781,1.03378
08,1.06121,1.05907,1.05589,1.05412,1.05219,1.04798
-1,
10,1.07677,1.07419,1.07068,1.06879,1.06676,1.06238
12,1.09244,1.08946,1.08566,1.08365,1.08153,1.07699
14,1.10824,1.10491,1.10085,1.09872,1.09651,1.09182
16,1.12419,1.12056,1.11621,1.11401,1.11171,1.10688
-9.,
18,1.14031,1.13643,1.13190,1.12954,1.12715,1.12218
20,1.15663,1.15254,1.14779,1.14533,1.14285,1.13774
22,1.17318,1.16891,1.16395,1.16140,1.15883,1.15358
24,1.18999,1.18557,1.18040,1.17776,1.17511,1.16971
26,1.20709,1.20254,1.19717,1.19443,1.19170,1.18614
-9
1.07699
14,1.10824,1.10491,1.10085,1.09872,1.09651,1.09182
16,1.12419,1.12056,1.11621,1.11401,1.11171,1.10688
-9.,
18,1.14031,1.13643,1.13190,1.12954,1.12715,1.12218
20,1.15663,1.15254,1.14779,1.14533,1.14285,1.13774
22,1.17318,1.16891,1.16395,1.16140,1.15883,1.15358
24,1.18999,1.18557,1.18040,1.17776,1.1751