42
6.11,15.7,0
6.11,14.67,0
6.11,14.73,0
6.11,14.6,0
6.11,14.8,0
6.50,15.2,0
6.50,15.3,0
6.50,15.2,0
6.80,15.2,0
6.80,14.9,0
6.80,14.95,0
6.80,15.0,0
6.80,14.95,0
6.80,15.0,0
6.90,13.8,0
6.90,14.4,0
6.90,14.3,0
6.90,13.9,0
7.00,13.82,0
7.00,14.08,0
7.00,14.46,0
7.20,14.0,0
7.20,14.03,0
7.20,13.93,0
7.50,14.0,0
7.50,13.71,0
7.50,13.77,0
7.50,13.67,0
7.50,13.84,0
7.50,13.75,0
7.50,13.44,0
7.50,13.27,0
7.80,13.77,0
7.80,13.63,0
7.80,13.22,0
7.80,13.47,0
8.20,12.38,0
8.20,13.44,0
8.20,13.55,0
8.50,12.64,0
8.50,11.92,0
8.50,13.06,0
9.99,0,0
6.90,14.4,0
6.90,14.3,0
6.90,13.9,0
7.00,13.82,0
7.00,14.08,0
7.00,14.46,0
7.20,14.0,0
7.20,14.03,0
7.20,13.93,0
7.50,14.0,0
7.50,13.71,0
7.50,13.77,0
7.50,13.67,0
7.50