 42   0.0  W  F  L  I  Y  V  M  P  A  E  Q  G  D  T  X  S  N  C  R  H  KTMLAEC AC NH
  1   5.1  0  0  0  0  0  0  0  1  0  0  0  1  0  1  0  1  0  0  1  0  0  0  0  0  0  0  0
  2   6.5  0  0  1  0  0  0  1  0  3  1  0  0  0  0  0  0  0  1  1  0  1  0  0  0  0  0  0
  3   8.5  0  0  1  0  1  0  0  0  0  0  0  1  1  0  0  0  1  0  1  1  0  0  0  0  0  0  0
  4  10.7  2  0  0  0  0  0  0  0  0  0  0  1  1  0  0  0  1  1  1  0  0  0  0  0  0  0  0
  5  11.3  1  0  0  1  0  1  0  0  1  0  1  1  1  1  0  0  0  0  1  0  0  0  0  0  0  0  0
  6  13.3  1  0  1  0  1  1  0  0  2  0  0  2  0  0  0  1  1  1  0  0  1  0  0  0  0  0  0
  7  14.5  2  0  0  1  0  2  1  0  2  0  0  2  2  0  0  1  1  0  1  0  0  0  0  0  0  0  0
  8  10.1  0  2  0  0  0  0  0  0  1  1  1  0  0  2  0  1  3  0  1  0  0  0  0  0  0  0  0
  9  11.0  0  0  3  2  0  1  0  1  3  0  0  0  1  1  0  4  3  3  0  0  1  0  0  0  0  0  0
 10  10.7  0  0  1  2  1  0  0  0  0  0  1  2  2  2  0  2  2  0  1  0  0  0  0  0  0  0  0
 11   2.3  0  0  0  0  1  0  0  0  0  0  0  0  0  0  0  0  0  0  0  0  1  0  0  0  0  0  0
 12   5.8  0  0  1  0  0  0  0  0  0  0  0  0  0  0  0  0  0  0  0  1  1  0  0  0  0  0  0
 13   1.6  0  0  0  1  0  0  0  0  2  0  0  0  1  0  0  0  0  0  0  0  1  0  0  0  0  0  0
 14   6.5  0  1  0  0  0  0  0  0  0  0  0  0  0  0  0  0  0  0  0  0  1  0  0  0  0  0  0
 15   1.3  0  0  1  0  0  0  0  0  1  1  0  0  1  0  0  1  0  0  0  0  1  0  0  0  0  0  0
 16   0.9  0  0  0  0  0  0  1  0  1  2  0  0  0  1  0  0  0  0  0  0  1  0  0  0  0  0  0
 17   5.0  0  1  0  0  0  0  0  0  0  0  0  0  1  0  0  0  0  0  1  0  0  0  0  0  0  0  0
 18   5.0  0  0  1  0  0  0  0  1  0  2  0  0  0  1  0  1  0  0  0  1  1  0  0  0  0  0  0
 19  10.7  0  0  0  2  0  0  0  1  0  0  0  0  0  0  0  0  0  0  0  1  2  0  0  0  0  0  0
 20  11.0  0  1  1  0  0  0  0  0  0  0  0  0  0  0  0  0  0  0  0  0  1  0  0  0  0  0  0
 21   9.5  0  0  2  0  0  0  0  1  3  2  1  1  0  1  0  1  0  0  0  3  2  0  0  0  0  0  0
 22   6.0  0  0  1  0  1  0  0  0  0  1  1  2  0  0  0  0  0  0  0  0  0  0  0  0  0  0  0
 23   9.2  0  1  0  0  0  0  1  1  3  0  1  3  1  0  0  0  2  0  0  1  1  0  0  0  0  0  0
 24   9.3  0  0  1  2  0  2  0  0  2  1  1  2  2  0  0  0  0  0  1  1  0  0  0  0  0  0  0
 25  12.8  0  1  2  0  0  0  0  0  1  1  0  0  0  0  0  0  0  0  1  0  0  0  0  0  0  0  0
 27  18.3  0  0  3  1  0  2  0  0  2  0  0  2  0  2  0  0  0  0  0  1  2  0  0  0  0  0  0
 28  17.1  2  0  3  0  0  3  0  0  1  2  1  1  0  0  0  1  0  0  0  1  1  0  0  0  0  0  0
 29  20.0  0  1  2  3  1  1  0  0  1  2  0  0  0  0  0  2  0  0  1  2  0  0  0  0  0  0  0
 30  17.8  2  0  4  2  0  5  0  0  3  3  2  3  2  0  0  1  0  0  1  2  1  0  0  0  0  0  0
 32  11.7  0  2  0  0  0  0  0  0  0  0  0  0  0  0  0  0  0  0  0  0  0  0  0  0  0  0  0
 34  10.5  1  0  0  0  0  0  0  0  0  0  0  1  0  0  0  0  0  0  0  0  0  0  0  0  0  0  0
 35   8.6  0  1  0  0  0  0  0  0  0  0  0  1  0  0  0  0  0  0  0  0  0  0  0  0  0  0  0
 36  11.0  0  1  0  1  1  2  2  0  2  3  2  2  3  1  0  0  1  0  0  0  1  0  0  0  0  0  0
 37   5.5  0  1  0  0  0  0  0  0  1  1  0  0  0  0  0  0  0  0  1  0  0  0  0  0  0  0  0
 38   8.8  0  0  1  0  0  1  1  0  0  1  0  1  0  1  0  0  0  0  1  0  0  0  0  0  0  0  0
 39  11.0  0  1  1  1  1  1  0  0  2  1  0  2  2  0  0  1  1  0  1  0  1  0  0  0  0  0  0
 40  10.3  0  2  1  1  0  0  0  0  1  1  0  2  3  3  0  1  0  0  0  0  2  0  0  0  0  0  0
 41   7.2  0  1  1  1  0  0  0  0  2  3  2  0  1  1  0  0  0  0  0  0  1  0  0  1  0  0  0
 42   9.2  0  0  2  1  0  2  2  0  0  4  0  1  2  2  0  0  1  0  1  1  0  1  0  0  0  0  0
 43  11.6  0  2  3  2  0  1  2  2  2  4  2  3  4  3  0  1  3  0  0  0  0  0  0  0  0  0  0
 44  11.2  0  1  0  0  1  0  1  0  0  0  0  2  0  0  0  0  0  0  0  0  0  0  0  0  0  0  0
 45   8.6  0  0  1  1  1  0  0  0  2  1  0  2  1  0  0  1  1  0  1  0  0  0  0  0  0  0  0
 46   9.0  0  1  0  1  1  2  1  0  1  3  2  2  3  0  0  0  1  0  0  0  0  0  0  0  0  0  0
-99
-99   0.0  W  F  L  I  Y  V  M  P  A  E  Q  G  D  T  X  S  N  C  R  H  K  1  2  3  4  U  B
 33  13.8  1  0  0  0  1  0  0  0  0  0  0  0  0  0  0  0  0  0  0  0  0  0  0  0  1  0  0
 0  0  0
 45   8.6  0  0  1  1  1  0  0  0  2  1  0  2  1  0  0  1  1  0  1  0  0  0  0  0  0  0  0
 46   9.0  0  1  0  1  1  2  1  0  1  3  2  2  3  0  0  0  1  0  0  0  0  0  0  0  0  0  0
-99
-99   0.0  W  F  L  I  Y  V  M  P  A  E  Q  G  D  T  X  S  N  C  R  H  K  1  2  3  4  U  B
 33  13.8  1  0  0  0  1  0  0  0  0  0  0  0  0  0  0  0  0  0  0  0  0  0  0  0  1 