
 44   0.0  W  F  L  I  Y  V  M  P  A  N  Q  G  S  T  X  D  E  C  R  H  KTMLAEC AC NH
  5   9.3  0  0  1  0  0  0  0  0  0  0  0  1  0  0  0  0  0  0  0  0  0  0  0  0  1
  6   2.1  0  0  0  0  0  0  0  0  3  0  0  0  0  0  0  0  0  0  0  0  0  0  0  1  0
 12  10.4  0  0  0  0  0  0  0  1  0  0  0  1  1  1  0  0  0  0  1  0  0  0  0  0  0
 13   3.2  0  0  0  0  1  0  0  0  0  0  0  0  0  0  0  0  1  0  0  0  1  0  0  0  0
 18   8.5  0  1  0  0  0  0  0  0  0  0  0  0  0  0  0  0  0  0  0  0  1  0  0  0  0
 22   7.5  0  0  0  0  0  0  1  0  0  0  0  0  1  1  0  2  3  0  0  0  2  0  0  0  0
 28  12.0  0  1  0  0  0  0  0  0  1  0  0  0  0  0  0  0  1  0  1  0  0  0  0  0  0
 31   5.5  0  1  0  0  0  0  0  0  0  0  0  0  0  0  0  0  1  0  0  0  1  0  0  0  0
 32  20.5  0  1  0  0  0  1  0  0  0  0  0  1  0  0  0  0  0  0  1  0  1  0  0  0  0
 38  26.0  1  0  0  0  1  0  0  0  0  0  0  0  0  0  0  0  0  0  0  0  0  0  0  0  1
 42   7.0  0  0  0  1  1  1  0  0  1  1  1  2  0  0  0  3  2  0  0  0  0  0  0  0  0
 45  19.4  0  2  0  0  0  0  0  0  1  3  1  0  1  2  0  0  1  0  1  0  0  0  0  0  0
 48  28.0  2  0  0  0  0  0  0  0  0  1  0  1  0  0  0  1  0  0  1  0  0  0  1  0  0
 49  10.0  0  0  1  1  0  0  1  0  0  1  1  0  0  0  0  1  1  0  0  0  0  0  0  0  0
 51  29.2  2  0  0  0  0  0  0  0  0  0  0  0  0  0  0  0  0  0  0  0  0  0  1  0  0
 52   8.3  0  1  0  1  0  0  0  0  1  0  1  0  0  0  0  0  1  0  0  0  1  0  0  0  0
 54  12.5  0  0  2  0  0  0  0  1  1  1  2  1  1  1  1  1  2  0  1  0  0  0  0  0  0
 59  20.4  0  0  2  0  0  1  1  1  1  1  1  2  1  2  0  0  2  0  1  0  0  0  0  0  0
 60  23.6  0  0  2  1  0  1  0  0  2  1  0  0  4  1  0  1  0  0  0  0  0  0  1  0  0
 66  18.2  0  1  1  1  1  1  0  0  2  1  0  2  1  0  0  2  1  0  1  0  1  0  0  0  0
 67  36.5  0  2  0  1  1  1  0  0  3  1  0  2  1  0  0  2  1  0  1  0  1  0  0  0  0
 69  16.0  0  1  1  1  1  1  0  0  2  1  0  2  1  0  0  2  1  0  0  0  1  0  0  0  0
 73  19.4  0  2  1  1  0  0  0  0  1  0  0  2  1  3  0  3  1  0  0  0  2  0  0  0  0
 80  18.2  0  1  0  1  1  2  2  0  2  1  2  2  0  1  0  3  3  0  0  0  1  0  0  0  0
 81  16.6  0  2  1  2  0  1  0  1  1  2  0  2  0  2  1  3  2  0  0  0  0  0  0  0  0
 84  35.0  0  1  3  4  0  3  0  1  3  2  4  2  2  4  1  3  1  0  2  1  3  0  0  0  0
 88  16.3  0  3  3  2  0  1  1  0  3  0  2  3  1  5  0  4  5  0  1  0  3  0  0  1  0
 89  22.0  0  2  3  2  0  1  2  2  2  3  2  3  1  3  0  4  4  0  0  0  0  0  0  0  0
100   7.5  0  1  0  0  0  0  0  0  0  0  0  1  0  0  0  0  0  0  0  0  0  0  0  0  0
 10  10.3  0  0  0  0  0  0  1  0  1  0  0  0  0  0  0  0  0  0  1  0  0  0  0  0  0
 14   3.6  0  0  0  0  1  0  0  0  0  0  0  1  0  0  0  0  0  0  0  0  0  0  0  0  0
 29   9.2  0  1  0  0  0  0  0  0  0  0  0  0  0  0  0  1  0  0  1  0  0  0  0  0  0
 30  10.8  0  1  0  0  1  1  0  0  0  1  0  2  0  0  0  2  0  0  0  0  1  0  0  0  0
 36  10.9  0  0  1  0  0  0  0  1  0  0  0  0  1  1  0  0  2  0  0  1  1  0  0  0  0
 39  11.9  0  1  1  0  0  0  0  0  0  0  0  0  0  0  0  0  0  0  0  0  1  0  0  0  0
 47  18.0  0  0  1  0  0  0  0  0  1  0  0  1  0  0  0  0  2  0  0  2  1  0  0  0  0
 62  19.2  0  0  1  2  0  2  0  0  2  0  0  2  0  0  0  2  1  0  1  1  0  0  0  0  0
 74  28.5  0  1  2  0  0  0  0  0  1  0  0  0  0  0  0  0  1  0  1  0  0  0  0  0  0
 85  36.7  0  0  3  1  0  2  0  0  2  0  0  2  0  2  0  0  0  0  0  1  1  0  0  0  0
 90  38.8  0  1  2  3  1  1  0  0  1  0  0  0  2  0  0  0  2  0  1  2  0  0  0  0  0
101   5.8  0  0  1  0  0  0  0  1  0  0  0  0  0  0  0  0  0  0  0  0  0  0  0  0  0
102  19.1  0  2  0  0  0  0  0  0  0  0  0  0  0  0  0  0  0  0  0  0  0  0  0  0  0
103  21.1  0  1  0  0  1  0  1  0  0  0  0  2  0  0  0  0  0  0  0  0  0  0  0  0  0
104  10.0  1  0  0  0  0  0  0  0  0  0  0  1  0  0  0  0  0  0  0  0  0  0  0  0  0
-99   0.0  W  F  L  I  Y  V  M  P  A  N  Q  G  S  T  X  D  E  C  R  H  KTMLAEC AC NH
C RTIMEB REFORMATTED (RTIMEB.KP IS ORIGINAL FILE)  E,N AND D,S WERE SWAPPED
C  PH 6.5 PHOSPHATE VALUES
C  PEPTIDE 21 HAS TOO SHORT A TIME:
 21   2.0  0  0  0  1  0  0  0  0  1  0  0  0  0  0  0  0  1  0  0  0  0  0  0  0  0
0  0  0  0  0  0  0  0  0  1  0  0  0 