 24   0.0  W  F  L  I  Y  V  M  P  A  E  Q  G  D  T  S  N  C  R  H  KTMLAEC AC NH
  6   1.6  0  0  0  0  0  0  0  0  3  0  0  0  0  0  0  0  0  0  0  0  0  0  1  0
  8   8.3  0  0  1  0  0  0  0  0  0  0  0  0  0  0  0  1  0  0  0  0  0  1  0  0
 12  10.3  0  0  0  0  0  0  0  1  0  0  0  1  0  1  1  0  0  1  0  0  0  0  0  0
 22  14.5  0  0  0  0  0  0  1  0  0  3  0  0  2  1  1  0  0  0  0  2  0  0  0  0
 26  13.1  0  0  0  1  0  0  0  1  0  0  0  0  0  0  0  1  0  0  0  0  0  1  0  0
 31   4.4  0  1  0  0  0  0  0  0  0  1  0  0  0  0  0  0  0  0  0  1  0  0  0  0
 32  21.5  0  1  0  0  0  1  0  0  0  0  0  1  0  0  0  0  0  1  0  1  0  0  0  0
 37  18.5  0  0  1  0  1  0  0  0  0  0  0  1  1  0  0  1  0  1  1  0  0  0  0  0
 38  24.5  1  0  0  0  1  0  0  0  0  0  0  0  0  0  0  0  0  0  0  0  0  0  0  1
 42   6.8  0  0  0  1  1  1  0  0  1  2  1  2  3  0  0  1  0  0  0  0  0  0  0  0
 45  18.9  0  2  0  0  0  0  0  0  1  1  1  0  0  2  1  3  0  1  0  0  0  0  0  0
 46  17.5  0  0  1  0  0  1  1  0  0  1  0  1  0  1  0  0  0  1  0  0  0  0  0  0
 48  27.4  2  0  0  0  0  0  0  0  0  0  0  1  1  0  0  1  0  1  0  0  0  1  0  0
 51  29.2  2  0  0  0  0  0  0  0  0  0  0  0  0  0  0  0  0  0  0  0  0  1  0  0
 59  20.7  0  0  2  0  0  1  1  1  1  2  1  2  0  2  1  1  0  1  0  0  0  0  0  0
 60  23.0  0  0  2  1  0  1  0  0  2  0  0  0  1  1  4  1  0  0  0  0  0  1  0  0
 65  33.2  0  0  1  0  0  3  0  1  1  1  0  0  1  1  1  0  1  1  0  0  0  0  0  0
 66  18.0  0  1  1  1  1  1  0  0  2  1  0  2  2  0  1  1  0  1  0  1  0  0  0  0
 67  23.5  0  2  0  1  1  1  0  0  3  1  0  2  2  0  1  1  0  1  0  1  0  0  0  0
 68  17.2  0  1  3  0  0  2  1  0  0  3  0  1  2  2  0  1  0  1  1  0  1  0  0  0
 69  15.6  0  1  1  1  1  1  0  0  2  1  0  2  2  0  1  1  0  0  0  1  0  0  0  0
 70  33.6  1  0  1  0  1  1  0  0  0  0  0  2  0  0  1  1  1  0  0  0  0  0  0  0
 75  19.6  0  2  1  1  0  0  0  0  1  1  0  2  3  3  1  0  0  0  0  2  0  0  0  0
 80  20.8  0  1  0  1  1  2  2  0  2  3  2  2  3  1  0  1  0  0  0  1  0  0  0  0
-99
-99   0.0  W  F  L  I  Y  V  M  P  A  E  Q  G  D  T  S  N  C  R  H  KTMLAEC AC NH
X(HOMOSERINE NOT REPRESENTED HERE; USE HPLCC.F4 TO ANALYZE WHEN MORE DATA ARE COLLECTED
 2  0  0  1  1  1  0  0  0  0  0  0  0
 75  19.6  