 47   0.0  W  F  L  I  Y  V  M  P  A  E  Q  G  D  T  X  S  N  C  R  H  KTMLAEC AC NH
  1   5.6  0  0  0  0  0  0  0  1  0  0  0  1  0  1  0  1  0  0  1  0  0  0  0  0  0  0  0
  2  11.8  0  0  1  0  0  0  1  0  3  1  0  0  0  0  0  0  0  1  1  0  1  0  0  0  0  0  0
  3  10.0  0  0  1  0  1  0  0  0  0  0  0  1  1  0  0  0  1  0  1  1  0  0  0  0  0  0  0
  4  13.6  2  0  0  0  0  0  0  0  0  0  0  1  1  0  0  0  1  1  1  0  0  0  0  0  0  0  0
  5  14.0  1  0  0  1  0  1  0  0  1  0  1  1  1  1  0  0  0  0  1  0  0  0  0  0  0  0  0
  6  15.8  1  0  1  0  1  1  0  0  2  0  0  2  0  0  0  1  1  1  0  0  1  0  0  0  0  0  0
  7  17.6  2  0  0  1  0  2  1  0  2  0  0  2  2  0  0  1  1  0  1  0  0  0  0  0  0  0  0
  8  11.2  0  2  0  0  0  0  0  0  1  1  1  0  0  2  0  1  3  0  1  0  0  0  0  0  0  0  0
  9  17.2  0  0  3  2  0  1  0  1  3  0  0  0  1  1  0  4  3  3  0  0  1  0  0  0  0  0  0
 10  13.5  0  0  1  2  1  0  0  0  0  0  1  2  2  2  0  2  2  0  1  0  0  0  0  0  0  0  0
 11   3.1  0  0  0  0  1  0  0  0  0  0  0  0  0  0  0  0  0  0  0  0  1  0  0  0  0  0  0
 12   6.2  0  0  1  0  0  0  0  0  0  0  0  0  0  0  0  0  0  0  0  1  1  0  0  0  0  0  0
 13   7.0  0  0  0  1  0  0  0  0  2  0  0  0  1  0  0  0  0  0  0  0  1  0  0  0  0  0  0
 14   7.0  0  1  0  0  0  0  0  0  0  0  0  0  0  0  0  0  0  0  0  0  1  0  0  0  0  0  0
 15   7.5  0  0  1  0  0  0  0  0  1  1  0  0  1  0  0  1  0  0  0  0  1  0  0  0  0  0  0
 16   7.9  0  0  0  0  0  0  1  0  1  2  0  0  0  1  0  0  0  0  0  0  1  0  0  0  0  0  0
 17   7.9  0  1  0  0  0  0  0  0  0  0  0  0  1  0  0  0  0  0  1  0  0  0  0  0  0  0  0
 18   9.3  0  0  1  0  0  0  0  1  0  2  0  0  0  1  0  1  0  0  0  1  1  0  0  0  0  0  0
 19   9.7  0  0  0  2  0  0  0  1  0  0  0  0  0  0  0  0  0  0  0  1  2  0  0  0  0  0  0
 20  10.2  0  1  1  0  0  0  0  0  0  0  0  0  0  0  0  0  0  0  0  0  1  0  0  0  0  0  0
 21  10.5  0  0  2  0  0  0  0  1  3  2  1  1  0  1  0  1  0  0  0  3  2  0  0  0  0  0  0
 22  10.5  0  0  1  0  1  0  0  0  0  1  1  2  0  0  0  0  0  0  0  0  0  0  0  0  0  0  0
 23  11.2  0  1  0  0  0  0  1  1  3  0  1  3  1  0  0  0  2  0  0  1  1  0  0  0  0  0  0
 24  13.0  0  0  1  2  0  2  0  0  2  1  1  2  2  0  0  0  0  0  1  1  0  0  0  0  0  0  0
 25  14.5  0  1  2  0  0  0  0  0  1  1  0  0  0  0  0  0  0  0  1  0  0  0  0  0  0  0  0
 26  18.3  0  0  3  1  0  2  0  0  2  0  0  2  0  2  0  0  0  0  0  1  3  0  0  0  0  0  0
 27  19.0  0  0  3  1  0  2  0  0  2  0  0  2  0  2  0  0  0  0  0  1  2  0  0  0  0  0  0
 28  20.2  2  0  3  0  0  3  0  0  1  2  1  1  0  0  0  1  0  0  0  1  1  0  0  0  0  0  0
 29  21.3  0  1  2  3  1  1  0  0  1  2  0  0  0  0  0  2  0  0  1  2  0  0  0  0  0  0  0
 30  22.7  2  0  4  2  0  5  0  0  3  3  2  3  2  0  0  1  0  0  1  2  1  0  0  0  0  0  0
 31  17.4  0  1  3  1  2  0  0  0  3  2  1  2  1  0  0  0  1  0  1  0  4  0  0  0  0  0  0
 32  13.5  0  2  0  0  0  0  0  0  0  0  0  0  0  0  0  0  0  0  0  0  0  0  0  0  0  0  0
 33  11.2  1  0  0  0  1  0  0  0  0  0  0  0  0  0  0  0  0  0  0  0  0  0  0  0  1  0  0
 34  10.5  1  0  0  0  0  0  0  0  0  0  0  1  0  0  0  0  0  0  0  0  0  0  0  0  0  0  0
 35   8.7  0  1  0  0  0  0  0  0  0  0  0  1  0  0  0  0  0  0  0  0  0  0  0  0  0  0  0
 36  18.3  0  1  0  1  1  2  2  0  2  3  2  2  3  1  0  0  1  0  0  0  1  0  0  0  0  0  0
 37   9.5  0  1  0  0  0  0  0  0  1  1  0  0  0  0  0  0  0  0  1  0  0  0  0  0  0  0  0
 38  11.8  0  0  1  0  0  1  1  0  0  1  0  1  0  1  0  0  0  0  1  0  0  0  0  0  0  0  0
 39  14.6  0  1  1  1  1  1  0  0  2  1  0  2  2  0  0  1  1  0  1  0  1  0  0  0  0  0  0
 40  15.0  0  2  1  1  0  0  0  0  1  1  0  2  3  3  0  1  0  0  0  0  2  0  0  0  0  0  0
 41  14.9  0  1  1  1  0  0  0  0  2  3  2  0  1  1  0  0  0  0  0  0  1  0  0  1  0  0  0
 42  16.3  0  0  2  1  0  2  2  0  0  4  0  1  2  2  0  0  1  0  1  1  0  1  0  0  0  0  0
 43  22.0  0  2  3  2  0  1  2  2  2  4  2  3  4  3  0  1  3  0  0  0  0  0  0  0  0  0  0
 44  13.6  0  1  0  0  1  0  1  0  0  0  0  2  0  0  0  0  0  0  0  0  0  0  0  0  0  0  0
 45  12.7  0  0  1  1  1  0  0  0  2  1  0  2  1  0  0  1  1  0  1  0  0  0  0  0  0  0  0
 46  18.2  0  1  0  1  1  2  1  0  1  3  2  2  3  0  0  0  1  0  0  0  0  0  0  0  0  0  0
 47   9.1  0  0  0  1  0  0  0  0  0  3  0  0  2  1  0  1  0  0  1  0  0  0  0  0  0  0  0
-99
-99   0.0  W  F  L  I  Y  V  M  P  A  E  Q  G  D  T  X  S  N  C  R  H  K  1  2  3  4  U  B
 0  0  0
 45  12.7  0  0  1  1  1  0  0  0  2  1  0  2  1  0  0  1  1  0  1  0  0  0  0  0  0  0  0