9
0,10,15,20,25,30,40,20,25
0.999868,0.999728,0.999129,0.998234,0.997075,0.995678,0.992247,0.998232,.997075
01,0.0000,0.0000,0.00000,0.0000,0.0000,0.0000,0.0000,1.002120,1.000923
02,1.0080,1.0077,0.00000,1.0060,1.0049,1.0034,1.0000,1.006015,1.004797
05,1.0203,1.0197,1.01895,1.0179,1.01654,1.0150,1.0117,0.00000,1.016588
10,1.0414,1.0403,1.03929,1.0381,1.0369,1.0353,1.0317,1.038143,1.036808
15,1.0630,1.0617,1.06042,1.0592,1.0579,1.0561,1.0523,0.000000,1.057762
20,1.0855,1.0837,1.08234,1.0810,1.0795,1.0778,1.0737,1.080959,1.079481
25,1.1087,1.1066,1.10506,1.1036,1.1020,1.1000,1.0959,0.000000,1.101991
30,1.1327,1.1302,1.12857,1.1270,1.1252,1.1232,1.1189,0.000000,1.125322
35,1.1577,1.1547,1.15313,1.1513,1.1493,1.1471,1.1428,0.000000,1.149499
40,1.1835,1.1803,1.17849,1.1765,1.1744,1.1722,1.1676,0.000000,1.174549
45,1.2102,1.20650,1.20464,1.20254,1.20038,1.19798,1.1933,0.00,1.200502
50,1.2378,1.23398,1.23184,1.22957,1.22732,1.22493,1.2200,0.00,1.227396
-1,
55,1.2662,1.26197,1.25984,1.25754,1.25505,1.25266,1.2476,0.00,1.255301
60,0.0000,1.29129,1.28890,1.28646,1.28384,1.28145,1.2763,0.00,1.284361
-9.
00,1.149499
40,1.1835