15,0.0,0.997073
0.0382,1.002045,211.206
0.0817,1.007612,211.33
0.1565,1.016935,211.446
0.2482,1.027946,211.634
0.3680,1.041687,211.884
0.4397,1.049630,212.04
0.5947,1.065910,212.23
0.9692,1.101517,212.647
1.1590,1.117590,212.89
1.8726,1.169605,213.665
2.4096,1.201641,214.012
3.0938,1.235180,214.60
3.2593,1.242901,214.551
3.6247,1.257260,214.97
4.3915,1.284654,215.336
8,.32883,1.010357
0.03963,5.022,213.601
0.09791,12.242,213.725
0.a6294,20.093,213.750
0.26350,31.796,213.862
0.39185,46.046,213.938
0.53431,60.945,214.146
0.70971,78.255,214.197
0.96601,101.535,214.301
6,0.70007,1.024792
0.14428,17.321,216.066
0.19838,23.516,216.195
0.26977,31.483,216.261
0.44077,49.601,216.237
0.63444,68.743,216.344
0.89502,92.299,216.347
-9
36