0005 0002 0010 1401 0016 0010 0005 0402 
0001 0162 0002 7762 
0002 0012 0022 7777 
0007 0012 0023 2200 
0002 0022 0024 7776 
0002 0012 0026 7777 
0002 0122 0027 7766 
0002 0242 0041 7754 
0007 0022 0041 2125 
0007 0022 0043 2125 
0007 0022 0045 2126 
0007 0022 0047 2127 
0007 0022 0051 2130 
0007 0022 0053 2132 
0007 0022 0055 2221 
0007 0022 0057 2222 
0007 0022 0061 2224 
0007 0022 0063 2225 
0001 0362 0065 7742 
0007 0362 0065 1717 1717 1717 1717 1717 1717 1717 1717 1717 1717 1717 1717 1717 1717 1717 
0001 0062 0123 7772 
0007 0062 0123 4657 4501 0101 
0001 0372 0131 7741 
0002 0012 0170 7777 
0002 0012 0171 7777 
0007 0012 0172 2300 
0002 0022 0173 7776 
0002 0012 0175 7777 
0002 0022 0176 7776 
0007 0012 0200 2200 
0001 0412 0204 7737 
0001 0122 0250 7766 
0007 0122 0250 6366 5701 4542 6546 3301 
0001 0102 0262 7770 
0001 0302 0272 7750 
0001 0622 0322 7716 
0001 0402 0404 7740 
0001 0052 0444 7773 
0007 0052 0444 6142 5046 0100 
0007 0032 0451 2121 2200 
0001 2042 0456 7574 
0001 0112 0664 7767 
0007 0112 0664 1771 7120 7171 2071 7100 
0002 0022 0675 7776 
0002 0012 0677 7777 
0007 0032 0700 2224 2300 
0002 0032 0703 7775 
0002 0062 0706 7772 
0010 6560 4542 7201 0062 0706 
0001 0542 0716 7724 
0002 1162 0772 7662 
0002 1162 1110 7662 
0001 1362 1226 7642 
0001 0332 1366 7745 
0007 0332 1366 4244 4460 6657 6552 5750 0161 4663 5260 4501 6163 5257 6516 6066 6500 
0001 0332 1424 7745 
0001 0102 1457 7770 
0007 0102 1457 6465 4263 6552 5750 
0001 0042 1467 7774 
0001 0062 1473 7772 
0007 0062 1473 4657 4552 5750 
0001 0352 1504 7743 
0001 0042 1541 7774 
0007 0042 1541 4542 6546 
0001 0072 1545 7771 
0001 0042 1554 7774 
0007 0042 1554 4542 6546 
0002 0022 1562 7776 
0002 0012 1564 7777 
0000 0030 0740 4076 
0007 0012 1566 2200 
0000 1077 
0007 0062 1567 5055 4256 4264 
0000 1100 1077 0034 0016 6000 1077 1065 1077 0020 1077 1077 1077 0036 1077 1077 
0007 0352 1575 4244 4460 6657 6552 5750 0161 4663 5260 4501 5642 5257 6546 5742 5744 4600 
0000 1103 0035 
0007 0012 1632 2700 
0000 1104 1024 0001 
0007 0022 1633 2321 
0000 1105 
0007 0312 1635 6155 4642 6446 0164 4655 4644 6501 4261 6155 5244 4265 5260 5700 
0000 1106 0035 
0007 0012 1666 3000 
0000 1107 1024 0001 
0007 0022 1667 2326 
0000 1110 
0007 0302 1671 2217 0143 6652 5545 0157 4670 0161 4663 5260 4501 4752 5546 
0000 1111 0035 
0007 0012 1721 3100 
0000 1112 1024 0001 1110 
0007 0332 1722 2317 0144 5142 5750 4620 5257 6266 5263 4601 6146 6352 6045 1164 1200 
0000 1113 0035 
0007 0012 1755 3200 
0000 1114 1024 0001 1110 
0007 0162 1756 2417 0155 5264 6501 6146 6352 6045 
0000 1115 0035 1001 
0007 0162 1774 2127 1525 3015 2122 1521 2215 0446 
0000 1116 0024 4117 1021 1077 0004 0013 0001 5120 1075 1077 1077 3017 0026 
0007 0012 2012 2300 
0000 1121 1077 1077 0036 1075 0013 0003 5122 5123 5124 1021 
0007 0012 2013 2400 
0000 1125 0027 5102 1077 0022 0015 1077 
0007 0022 2014 3031 
0000 1126 3066 0012 1077 1126 3067 0012 4127 1012 0012 1074 1077 0027 1001 
0007 0162 2016 2126 1522 3215 2127 1521 2615 4546 
0000 1130 0024 1002 1074 
0007 0012 2034 2500 
0000 1132 0031 1003 
0007 0022 2035 2232 
0000 1133 0027 1006 
0007 0022 2037 4546 
0000 1134 0024 4117 1021 0013 0002 5122 5135 1074 2066 1077 1104 3017 0026 1003 
0007 0022 2041 2421 
0000 1136 0027 1006 
0007 0022 2043 4501 
0000 1137 0024 4117 1021 0013 0001 5122 1074 2067 1077 1104 3017 0026 1012 0013 0001 5135 1074 0040 1074 1104 0641 5131 1002 1074 1125 0032 1003 
0007 0022 2045 2621 
0000 1141 0027 1006 1134 0024 4117 1021 0013 0002 5122 5135 1074 2066 1077 1104 3017 0026 1003 
0007 0022 2047 2722 
0000 1142 0027 1006 1137 0024 4117 1021 0013 0001 5122 1074 2067 1077 1104 3017 0026 1012 0013 0001 5135 1074 0040 1074 
0007 0022 2051 2224 
0000 1143 0641 5140 5135 4127 1074 1077 0027 1066 
0007 0012 2053 2100 
0000 1145 0621 5146 1067 1145 0601 5135 1002 1074 1132 0031 1003 1133 0027 1013 1074 2066 0027 1074 2066 1145 0621 5147 1074 2067 1145 0601 5150 4151 1003 1136 0027 1013 1074 2067 0027 4151 1074 0040 1074 1104 0641 5144 1066 1145 0621 5154 1067 1145 0601 5135 1002 1074 1125 0032 1003 1141 0027 1013 1074 2066 0027 1074 2066 1145 0621 5155 1074 2067 1145 0601 5150 4151 1003 1142 0027 1013 1074 2067 0027 4151 1074 0040 1074 1143 0641 5153 5135 1002 1024 0001 1003 
0007 0232 2054 1616 1616 1666 5745 4647 5257 4645 1616 1616 1600 
0000 1157 0035 1003 1133 0601 5152 5156 1001 
0007 0162 2077 2121 1522 3215 2127 1521 2615 4501 
0000 1161 0024 1002 1074 1132 0031 4162 4117 1021 0013 0001 5160 1074 2066 1077 1104 3017 0026 1003 1136 0027 4117 1021 0013 0001 5160 1074 2067 1077 1104 3017 0026 5135 1001 
0007 0162 2115 2121 1526 2115 2127 1521 2615 4501 
0000 1164 0024 1002 1074 1125 0032 4162 4117 1021 0013 0001 5163 1074 2066 1077 1104 3017 0026 1003 1142 0027 4117 1021 0013 0001 5163 1074 2067 1077 1104 3017 0026 5135 1002 1024 0001 1003 1077 
0007 0022 2133 2327 
0000 1165 3055 0035 0014 1125 1024 0001 1077 1077 0036 1125 1024 0001 
0007 0022 2135 2225 
0000 1166 
0007 0252 2137 6163 4501 0101 6465 4263 6501 0101 0101 0101 4657 4500 
0000 1167 0035 1125 1024 0001 
0007 0022 2164 2526 
0000 1170 
0007 0252 2166 6163 4501 0101 6465 4263 6501 0101 0101 0101 4657 4500 
0000 1171 0035 1132 1024 0001 
0007 0022 2213 2527 
0000 1172 
0007 0022 2215 3017 
0000 1173 0035 
0007 0012 2217 2600 
0000 1174 1024 0001 
0007 0022 2220 2226 
0000 1175 
0007 0022 2222 2217 
0000 1176 0035 1174 1024 0001 1172 
0007 0022 2224 3117 
0000 1177 0035 1104 1024 0001 1175 
0007 0022 2226 2317 
0000 1200 0035 1104 1024 0001 1172 
0007 0022 2230 3217 
0000 1201 0035 1107 1024 0001 1175 
0007 0022 2232 2417 
0000 1202 0035 1107 1024 0001 1170 
0007 0032 2234 2221 1700 
0000 1203 0035 1112 1024 0001 1175 
0007 0022 2237 2517 
0000 1204 0035 1112 1024 0001 1170 
0007 0032 2241 2222 1700 
0000 1205 0035 1114 1024 0001 1175 
0007 0022 2244 2617 
0000 1206 0035 1114 1024 0001 1170 
0007 0032 2246 2223 1700 
0000 1207 0035 
0007 0022 2251 2221 
0000 1210 1024 0001 1175 
0007 0022 2253 2717 
0000 1211 0035 1210 1024 0001 1170 
0007 0032 2255 2224 1700 
0000 1212 0035 0014 1077 1065 1077 0021 1077 0022 1077 
0007 0062 2260 5055 4256 4264 
0000 1214 1077 0034 0016 6000 5101 1121 1077 1077 0036 1104 1024 0001 1105 
0007 0422 2266 6163 5257 6552 5750 0160 4444 6663 6352 5750 0117 1717 0161 5546 4264 4601 7042 5265 
0000 1215 0035 1074 1077 0027 1060 1077 0601 5216 4217 5220 1057 
0007 0022 2330 2721 
0000 1221 0027 4222 
0007 0022 2332 2227 
0000 1223 
0007 0022 2334 2322 
0000 1224 3055 
0007 0062 2336 6146 6352 6045 
0000 1225 0024 
0007 0022 2344 2324 
0000 1226 
0007 0022 2346 2325 
0000 1227 3055 1074 0025 
0007 0022 2350 2331 
0000 1230 
0007 0022 2352 2426 
0000 1231 3055 1074 2066 1056 0003 
0007 0022 2354 2432 
0000 1232 1172 3055 1074 2067 1056 0003 1074 2066 1145 0621 5233 1074 2067 1145 0621 5233 1230 1172 3055 
0007 0232 2356 1616 1616 1666 5745 4647 5257 4645 1616 1616 1600 
0000 1234 0024 4222 1074 0040 1074 1166 0541 5220 1104 1145 0023 5102 1074 1025 0027 1025 1145 0541 5236 1025 1104 0661 5236 5160 1025 1145 0541 5237 1025 1143 0661 5237 5163 5240 1060 1077 0027 0014 1021 1125 0601 4243 1002 1024 0001 1003 1077 1004 3015 0035 1002 1024 0001 1003 1004 0002 
0007 0032 2401 0101 0100 
0000 1245 0035 1002 1024 0001 1003 1145 0036 4246 1017 0011 1021 0012 1011 0012 1011 0040 1023 1011 1011 3017 0037 1023 
0007 0022 2404 2423 
0000 1251 0601 5252 1023 1224 0601 5244 1023 1226 0601 5253 1023 1143 0601 5254 1023 1112 0601 5255 1023 1145 0621 5250 1011 1004 0661 5256 5247 1011 1077 0601 5250 1011 1011 1077 0032 1011 1011 3017 0011 1002 1024 0001 1003 1011 0002 1077 0004 
0007 0012 2406 1700 
0000 1257 0035 1002 1024 0001 1003 1011 0002 1077 0004 1145 0036 5250 1006 
0007 0012 2407 7200 
0000 1260 0600 5261 1021 1077 0027 1030 
0007 0152 2410 5760 6501 6163 6044 4664 6446 4500 
0000 1262 0024 4263 1012 0012 0014 1121 1121 3006 1016 0620 5264 1002 1024 0001 1003 1016 0035 1021 1121 0027 0014 1030 
0007 0172 2425 4657 4501 5760 6501 4255 5560 7046 4500 
0000 1265 0024 5266 1011 1077 0004 1005 0541 5267 1006 1260 0600 5270 1017 1016 0600 5255 1006 
0007 0012 2444 0400 
0000 1271 0600 5272 1006 
0007 0012 2445 5700 
0000 1273 0600 5272 1006 
0007 0012 2446 4500 
0000 1274 0600 5275 1006 
0007 0012 2447 0500 
0000 1276 0600 5277 1006 
0007 0012 2450 5100 
0000 1300 0600 5277 0014 1121 1121 3006 1016 0620 5301 1077 1011 3017 1016 0600 5247 1006 1260 0600 5261 1030 
0007 0102 2451 6560 6001 5560 5750 
0000 1303 0024 4263 1002 1024 0001 1003 1011 0002 1077 0004 
0007 0012 2461 0100 
0000 1305 0035 1002 1024 0001 1003 1011 0002 1077 0004 1145 0036 1011 1011 3017 0011 5250 1030 
0007 0112 2462 6560 6001 6451 6063 6500 
0000 1306 0024 5266 6307 1013 1077 1004 1077 0002 3017 0026 0042 1013 1145 0601 4310 1121 1121 3006 
0007 0012 2473 1600 
0000 1311 0600 0014 1013 1145 0541 5266 0014 1006 1273 0600 0014 1011 1077 0661 0014 1002 1024 0001 1003 
0007 0012 2474 2100 
0000 1312 0035 0014 1030 
0007 0172 2475 5666 6465 0143 4601 5766 5646 6352 4400 
0000 1313 0024 5266 1031 1013 0025 1011 0012 5315 6316 1077 1104 3013 1077 1104 3017 0026 0042 1077 1104 3013 1145 0601 0014 1077 1121 3013 1077 0541 5316 1077 1121 3013 
0007 0022 2514 2223 
0000 1317 0661 5316 1125 1132 3013 1077 0541 5316 1125 1132 3013 
0007 0022 2516 2422 
0000 1320 0661 5316 1013 1077 1104 3017 0026 1013 1145 0541 5316 1077 1112 3031 1013 
0007 0112 2520 1771 7120 7171 2071 7100 
0000 1321 0003 1002 1024 0001 1003 1077 1112 3031 0035 1031 0011 4246 0014 1030 
0007 0212 2531 6664 4601 4760 6356 4265 0156 5645 4572 7200 
0000 1322 0024 5266 6307 1013 1077 1004 1077 0002 3017 0026 0042 1121 1121 3006 1311 0600 5323 1013 1145 0541 5266 1031 1013 
0007 0162 2552 7171 1571 7171 1571 7171 1771 7116 
0000 1324 0003 1011 0012 1011 0040 1011 1011 3031 1305 0600 5315 1002 1024 0001 1003 1011 1166 3031 0035 4246 1004 2014 1175 1011 0004 0004 1145 0641 0014 1002 1024 0001 1003 1175 0002 1011 0004 1077 1004 2014 1175 1011 0004 0004 3027 0035 0014 1007 1077 0027 1017 1260 0600 0014 1007 1121 0027 1017 1273 0600 0014 1121 1121 3006 1027 0600 5261 1017 1027 0620 5261 1017 1121 1121 3006 0024 1002 1024 0001 1003 1011 0002 1077 0004 1121 1121 3006 0035 1121 1121 3006 1273 0600 0014 1007 1077 0027 0014 4325 5244 1030 
0007 0152 2570 5257 6742 5552 4501 4657 6563 7200 
0000 1326 0024 1030 1245 0600 5243 4325 1020 1077 0601 0014 1227 1077 1030 0035 1030 0011 1227 
0007 0022 2605 2730 
0000 1327 
0007 0152 2607 1165 7261 4601 6346 6566 6357 1200 
0000 1330 0035 1023 1320 1320 3017 0037 1023 1143 0621 5263 1227 1077 1077 0036 4246 0014 1002 1227 0601 5244 1002 1317 0621 4263 5244 1145 1145 1107 0036 0014 4331 1227 1077 
0007 0142 2624 4257 7201 4451 4257 5046 0140 
0000 1332 0035 1001 
0007 0162 2640 2223 1522 2615 2122 1521 2115 7257 
0000 1333 0024 4117 1007 0013 0001 5334 4331 1012 0012 5213 4325 1012 1121 0601 5336 1012 1077 0027 1227 1224 
0007 0102 2656 7051 4265 0104 0140 
0000 1337 0035 1001 
0007 0162 2666 2223 1524 2215 2123 1521 2215 0401 
0000 1340 0024 1020 1077 0027 4117 1020 0012 1021 0013 0001 5135 1025 1077 1121 3017 0026 5235 1012 0012 5242 1227 1077 
0007 0172 2704 6155 4642 6446 0170 4252 6501 1717 1700 
0000 1342 0035 0014 1227 
0007 0022 2723 3121 
0000 1343 
0007 0022 2725 2330 
0000 1344 0036 1145 1145 
0007 0012 2727 7300 
0000 1345 0035 1023 1077 1077 3031 0037 1023 1344 0621 5346 1023 1077 1077 3031 0037 1023 1077 1077 3031 0007 0027 1023 1223 0621 5347 1023 1077 1077 3031 0037 1227 1343 1121 0036 1023 1077 1077 3031 0007 0027 1031 0011 1024 1077 0027 1023 
0007 0022 2730 2525 
0000 1350 0541 0014 1024 1121 0027 0014 1027 0011 0014 1175 0016 1777 1175 
0007 0022 2732 2522 
0000 1351 
0007 0022 2734 3225 
0000 1352 3045 0017 5000 1175 0022 1046 1063 1056 0003 1351 1350 3045 0011 1104 1145 0023 4353 1104 1077 0023 1055 1071 0024 4222 1057 1107 0027 4354 1047 0011 
0007 0022 2736 2623 
0000 1355 1062 0004 1121 0006 1141 3047 1071 0024 0014 1057 1221 0561 4356 1062 1061 0027 1062 1077 0004 1062 3055 
0007 0022 2740 0101 
0000 1360 0620 5361 1062 1121 0601 5361 1062 1062 1121 0032 5357 1104 1077 1062 1121 0002 3054 0017 5000 1054 0011 1057 0040 0014 1104 1145 0023 1050 0040 1057 1174 0027 4353 1104 1077 0023 1060 1145 0601 4241 1104 1072 0017 5000 1104 1073 0017 5000 1104 1077 0023 0014 1104 1045 0017 5000 0014 1104 1024 0001 1105 
0007 0422 2742 6163 5257 6552 5750 0160 4444 6663 6352 5750 0117 1717 0161 5546 4264 4601 7042 5265 
0000 1363 0035 0014 0015 
0003 0364 0077 
0162 0002 0022 0002 0022 0005 0022 0010 0022 0013 0022 0016 0012 0022 0012 0023 0022 0024 0012 0026 0122 0027 0022 0041 0362 0065 0062 0123 0372 0131 0012 0170 0012 0171 0012 0172 0022 0173 0012 0175 0022 0176 0012 0200 0412 0204 0412 0204 0162 0204 0012 0204 0012 0205 0012 0206 0012 0207 0012 0210 0012 0211 0012 0212 0012 0213 0012 0214 0012 0215 0012 0216 2062 0246 0102 0262 0622 0322 0032 0451 2042 0250 1222 0246 0032 0365 2062 0454 2042 0456 0112 0664 0022 0675 0012 0677 0032 0700 0032 0703 0062 0706 0012 0664 4502 0714 0062 0772 0062 1110 0352 1364 0332 1366 0572 1422 0562 1502 0022 1562 0012 1564 0011 3601 0012 1566 0062 1567 0011 1413 0011 1417 0352 1575 0012 1632 0022 1633 0312 1635 0012 1666 0022 1667 0302 1671 0012 1721 0332 1722 0012 1755 0162 1756 0162 1774 0011 2511 0011 1514 0012 2012 0011 1517 0011 1703 0011 2346 0012 2013 0022 2014 0011 2170 0162 2016 0011 1540 0012 2034 0022 2035 0022 2037 0011 3511 0022 2041 0022 2043 0011 1621 0022 2045 0022 2047 0022 2051 0011 1707 0012 2053 0011 1717 0011 1744 0011 2040 0011 3206 0011 1755 0011 1763 0011 1773 0011 2020 0011 2031 0232 2054 0011 2053 0162 2077 0011 2157 0011 2115 0162 2115 0022 2133 0022 2135 0252 2137 0022 2164 0252 2166 0022 2213 0022 2215 0012 2217 0022 2220 0022 2222 0022 2224 0022 2226 0022 2230 0022 2232 0032 2234 0022 2237 0032 2241 0022 2244 0032 2246 0022 2251 0022 2253 0032 2255 0011 2331 0062 2260 0422 2266 0011 2371 0011 3700 0011 2375 0022 2330 0011 3756 0022 2332 0022 2334 0062 2336 0022 2344 0022 2346 0022 2350 0022 2352 0022 2354 0011 2444 0232 2356 0011 2457 0011 2473 0011 2504 0011 3532 0011 2505 0011 2511 0011 3426 0011 2515 0032 2401 0011 3675 0011 2552 0011 2554 0022 2404 0011 2616 0011 2657 0011 2721 0011 2675 0011 2764 0012 2406 0012 2407 0011 3424 0152 2410 0011 3431 0011 2715 0172 2425 0011 3473 0011 3041 0011 3341 0012 2444 0011 3045 0012 2445 0012 2446 0011 3126 0012 2447 0011 3234 0012 2450 0011 3000 0011 3000 0102 2451 0011 3007 0012 2461 0112 2462 0011 3114 0011 3075 0012 2473 0012 2474 0172 2475 0011 3120 0011 3265 0011 3230 0022 2514 0022 2516 0112 2520 0212 2531 0011 3257 0162 2552 0011 3504 0152 2570 0022 2605 0152 2607 0011 3465 0142 2624 0162 2640 0011 3533 0011 3526 0011 3571 0102 2656 0162 2666 0011 3574 0172 2704 0022 2723 0022 2725 0012 2727 0011 3611 0011 3616 0022 2730 0022 2732 0022 2734 0011 4057 0011 4034 0022 2736 0011 4023 0011 3765 0022 2740 0011 4006 0011 4064 0422 2742 
4465 5501 0101 6360 7001 0101 4460 5501 0101 5642 7101 0101 5652 5701 0101 6572 6146 0101 4257 6444 6555 4257 7244 5750 4451 4263 0101 4457 5044 6555 4546 4456 4255 4552 6456 4271 4560 6564 0101 4657 4501 0101 4657 6563 7201 4663 6344 6555 5257 4465 5501 5760 0101 0101 6544 5142 6301 6701 0101 0101 7051 4265 5760 7246 6401 0101 4355 4257 5464 5664 5001 0101 4255 6151 4201 4444 6122 0101 4444 6123 0101 4444 6124 0101 4444 6125 0101 4444 6126 0101 4444 6127 0101 4444 6130 0101 4444 6131 0101 4444 6132 0101 4444 6122 2101 4444 6122 2201 6560 6155 5257 6366 5745 6546 6560 6157 4256 6142 5046 0101 6560 6155 5723 6560 6131 2101 6142 5046 3121 6143 6647 0101 6155 5257 4601 4565 5642 6454 5552 5744 5765 5550 5745 6470 6142 5064 5273 6163 6544 6555 6560 4542 7201 4444 6131 2101 4566 5650 5542 5055 6465 4565 5055 4657 4565 6552 6555 4601 6361 6557 4256 5145 6322 0101 5145 6323 0101 6163 4544 5765 6446 5546 4465 6546 0000 
