0005 0002 0010 1374 0015 0010 0005 0402 
0001 0162 0002 7762 
0002 0012 0022 7777 
0007 0012 0023 2200 
0002 0022 0024 7776 
0002 0012 0026 7777 
0002 0122 0027 7766 
0002 0242 0041 7754 
0007 0022 0041 2125 
0007 0022 0043 2125 
0007 0022 0045 2126 
0007 0022 0047 2127 
0007 0022 0051 2130 
0007 0022 0053 2132 
0007 0022 0055 2221 
0007 0022 0057 2222 
0007 0022 0061 2224 
0007 0022 0063 2225 
0001 0362 0065 7742 
0007 0362 0065 1717 1717 1717 1717 1717 1717 1717 1717 1717 1717 1717 1717 1717 1717 1717 
0001 0062 0123 7772 
0007 0062 0123 4657 4501 0101 
0001 0372 0131 7741 
0002 0012 0170 7777 
0002 0012 0171 7777 
0007 0012 0172 2300 
0002 0022 0173 7776 
0002 0012 0175 7777 
0002 0022 0176 7776 
0007 0012 0200 2200 
0001 0412 0204 7737 
0002 0072 0250 7771 
0001 0362 0257 7742 
0002 0062 0315 7772 
0002 0122 0323 7766 
0001 0032 0335 7775 
0001 0362 0340 7742 
0001 1162 0400 7662 
0002 0042 0516 7774 
0002 0042 0522 7774 
0001 1262 0530 7652 
0002 0032 0662 7775 
0002 0072 0665 7771 
0002 0072 0674 7771 
0002 0072 0703 7771 
0002 0072 0712 7771 
0002 0072 0721 7771 
0002 0072 0730 7771 
0002 0072 0737 7771 
0002 0072 0746 7771 
0002 0072 0755 7771 
0002 0072 0764 7771 
0002 0072 0773 7771 
0002 0072 1002 7771 
0002 0072 1011 7771 
0002 0072 1020 7771 
0002 0072 1027 7771 
0002 0072 1036 7771 
0002 0072 1045 7771 
0002 0072 1054 7771 
0002 0072 1063 7771 
0002 0072 1072 7771 
0002 0072 1101 7771 
0002 0072 1110 7771 
0002 0072 1117 7771 
0002 0072 1126 7771 
0002 0072 1135 7771 
0002 0072 1144 7771 
0002 0072 1153 7771 
0002 0142 1164 7764 
0002 0142 1200 7764 
0002 0142 1216 7764 
0002 0142 1232 7764 
0002 0142 1250 7764 
0002 0142 1264 7764 
0002 0142 1302 7764 
0002 0142 1316 7764 
0002 0142 1334 7764 
0002 0142 1350 7764 
0002 0012 1366 7777 
0002 0062 1367 7772 
0002 0112 1375 7767 
0002 0142 1410 7764 
0002 0142 1424 7764 
0002 0142 1440 7764 
0002 0142 1454 7764 
0002 0142 1470 7764 
0002 0142 1504 7764 
0002 0142 1520 7764 
0002 0142 1534 7764 
0002 0142 1550 7764 
0002 0142 1564 7764 
0002 0142 1600 7764 
0002 0142 1614 7764 
0002 0142 1630 7764 
0002 0142 1644 7764 
0002 0302 1662 7750 
0002 0032 1714 7775 
0002 0052 1717 7773 
0002 0122 1724 7766 
0002 0122 1736 7766 
0002 0122 1750 7766 
0002 0062 1762 7772 
0002 0062 1770 7772 
0007 0032 1776 2121 2200 
0002 0122 2001 7766 
0002 0122 2013 7766 
0002 0062 2025 7772 
0007 0032 2033 2121 2200 
0002 0012 2036 7777 
0000 0030 2544 4203 
0007 0012 2040 2200 
0000 1204 1204 1204 0036 1204 1204 
0007 0322 2041 4266 6560 5642 6552 4401 5257 6546 6347 4244 4601 6560 0150 2055 
0000 1205 0035 
0007 0012 2073 2400 
0000 1206 
0007 0062 2074 5055 5257 6563 
0000 1207 1206 0034 0016 2000 1206 1060 1204 0020 1206 0022 1204 
0007 0062 2102 5055 7060 6354 
0000 1210 1204 0034 0016 6000 1204 1053 1204 0020 1054 
0007 0022 2110 2321 
0000 1211 0002 1055 0661 5212 1167 1055 0027 
0007 0012 2112 2700 
0000 1214 1024 0001 1211 
0007 0322 2113 6155 4642 6446 0146 5765 4663 0161 6064 6552 5750 0145 4265 4633 
0000 1215 0035 1001 
0007 0162 2145 2127 1525 3115 2127 1521 2615 4501 
0000 1216 0024 4217 1021 0013 0002 5213 5220 1174 1204 1214 3017 0026 1012 
0007 0012 2163 2300 
0000 1221 0027 5222 1047 1174 0027 1051 
0007 0032 2164 5257 6500 
0000 1224 0024 1052 
0007 0322 2167 4266 6560 5642 6552 4401 5257 6546 6347 4244 4601 6560 0150 2055 
0000 1225 0024 1204 2061 1204 0621 5226 1003 
0007 0022 2221 2623 
0000 1230 0027 1030 
0007 0172 2223 4466 6465 6056 4663 0156 4264 6546 6300 
0000 1231 0024 4232 
0007 0012 2242 2600 
0000 1233 
0007 0062 2243 4263 6560 5055 
0000 1234 1233 0034 0016 6000 1233 1115 1204 0020 1233 1120 1221 0020 1233 1123 1206 0020 1233 1126 
0007 0012 2251 2500 
0000 1235 0020 1233 1131 1233 0020 1046 1062 0027 1050 1116 1121 0031 4236 1046 1063 0027 1050 1117 0027 4236 1046 1064 0027 1050 1116 1117 0002 1204 0005 0001 0027 4236 1050 1122 1124 0002 1125 0002 1127 0002 1130 0002 1132 0002 1133 0031 4236 1046 1065 0027 1050 1122 1204 0005 0001 0027 4236 1046 1066 0027 1050 1124 1204 0005 0001 0027 4236 1046 1067 0027 1050 1125 1204 0005 0001 0027 4236 1046 1070 0027 1050 1127 1204 0005 0001 0027 4236 1046 1071 0027 1050 1130 1204 0005 0001 0027 4236 1046 1072 0027 1050 1132 1204 0005 0001 0027 4236 1046 1073 0027 1050 1133 1204 0005 0001 0027 4236 1166 1233 0027 1202 0040 1202 1233 0661 
0000 5240 1233 1165 1202 0021 5237 1166 0040 1233 1131 1166 0020 1135 
0007 0012 2252 2100 
0000 1241 0601 5242 1046 1135 0027 1050 1134 1204 0005 0001 0027 4236 1233 1165 1166 0021 5240 1233 0022 1221 2061 1204 0621 5243 1054 1206 0002 1167 0661 5212 1003 
0007 0022 2253 2621 
0000 1244 0027 1030 
0007 0152 2255 6746 5745 6063 0156 4264 6546 6300 
0000 1245 0024 4232 1233 
0007 0062 2272 4261 6560 5055 
0000 1246 1233 0034 0016 6000 1233 1136 1204 0020 1047 1144 0027 1204 1221 3173 1233 1214 3144 0027 1206 1214 3173 1204 1235 3144 0027 1175 0040 6250 1233 1136 1175 0020 0042 1137 1214 0601 5251 1204 1221 3200 1233 1214 3140 0027 1206 1214 3200 1204 1235 3140 0027 1200 1173 0661 5252 1137 1204 0601 4253 1137 1221 0601 4254 1137 1206 0601 4255 1137 1235 0601 4256 1137 1233 0601 4257 5247 1201 0040 1233 1136 1201 0021 5247 1046 1142 0027 1050 1143 0027 4236 5247 1170 1170 1141 0031 0014 1171 1171 1141 0031 0014 1172 1172 1141 0031 0014 1176 1176 1141 0031 0014 1177 1177 1141 0031 0014 1233 1136 1204 0020 1145 1201 0027 1144 0012 
0000 1233 1136 1204 0021 1233 1136 1201 0020 1233 1136 1201 0021 1233 1057 0017 5260 1233 0022 1046 1074 0027 1050 1171 1176 0002 1204 0005 0001 0027 4236 1046 1075 0027 1050 1172 1177 0002 1204 0005 0001 0027 4236 1046 1076 0027 1050 1170 1204 0005 0001 0027 4236 1050 1176 1177 0031 4236 1047 1174 0027 1206 2061 1204 0621 5220 1054 
0007 0022 2300 2226 
0000 1261 0002 1167 0661 5212 1003 1230 0027 1030 
0007 0172 2302 4656 6155 6072 4646 0156 4264 6546 6300 
0000 1262 0024 4232 1233 
0007 0062 2321 6163 6560 5055 
0000 1263 1233 0034 0016 6000 1233 1146 1204 0020 1046 1077 0027 1050 1147 1204 0005 0001 0027 4236 1046 1100 0027 1050 1150 0027 4236 1046 1101 0027 1050 1151 0027 4236 1046 1102 0027 1050 1152 1204 0005 0001 0027 4236 1046 1103 0027 1050 1153 1204 0005 0001 0027 4236 1046 1104 0027 1050 1154 1204 0005 0001 0027 4236 1046 1105 0027 1050 1155 1204 0005 0001 0027 4236 1046 1106 0027 1050 1156 1204 0005 0001 0027 4236 1046 1107 0027 1050 1157 1204 0005 0001 0027 4236 1046 1110 0027 1050 1160 1204 0005 0001 0027 4236 1046 1111 0027 1050 1161 1204 0005 0001 0027 4236 1046 1112 0027 1050 1162 1204 0005 0001 0027 4236 1046 1113 0027 
0000 1050 1163 0027 4236 1046 1114 0027 1050 1164 0027 4236 1146 0011 1233 1146 1204 0021 1233 0022 5220 1214 1024 0001 1211 1204 0036 1214 1024 0001 1211 
0007 0212 2327 6155 4642 6446 0156 6066 5765 0165 5146 0100 
0000 1264 0035 1241 1241 1030 0035 1214 1024 0001 1003 
0007 0242 2350 0145 5264 5446 6565 4601 6057 0145 6352 6746 0122 
0000 1265 0035 1001 
0007 0162 2374 2130 1523 2115 2125 1521 2515 4201 
0000 1267 0024 4217 1021 0013 0001 5266 1204 1235 3017 
0007 0042 2412 4560 5746 
0000 1270 0600 5271 
0007 0012 2416 3100 
0000 1272 1024 0001 1211 
0007 0362 2417 6155 4642 6446 0146 5765 4663 0103 4560 5746 0301 7051 4657 0163 4642 4572 
0000 1273 0035 5266 1214 1024 0001 1211 1204 0036 1214 1024 0001 1211 
0007 0442 2455 6163 6044 4664 6452 5750 0160 4444 6663 6352 5750 0117 1717 0161 5546 4264 4601 7042 5265 
0000 1274 0035 0014 1050 1241 0601 0014 1054 0040 1054 1167 0661 5212 1204 1045 1054 0021 0014 1003 
0007 0022 2521 2532 
0000 1275 0027 1030 
0007 0142 2523 5020 5501 6563 7101 4752 5546 
0000 1276 0024 4232 1204 1053 1204 0021 1204 0022 0015 1204 1204 1204 0036 1214 1024 0001 1211 
0007 0402 2537 4752 5546 0157 6070 0147 6655 5501 1601 6446 4601 5257 6465 6366 4465 5260 5764 
0000 1277 0035 1214 1024 0001 
0007 0022 2577 3121 
0000 1300 1241 0036 1272 0041 1002 1024 0001 1003 1204 1004 3015 0035 1002 1024 0001 1003 1004 0002 
0007 0032 2601 0101 0100 
0000 1302 0035 1002 1024 0001 1003 1241 0036 4303 1017 0011 1021 0012 1011 0012 1011 0040 1023 1011 1011 3017 0037 1023 
0007 0022 2604 2423 
0000 1306 0601 5307 1023 
0007 0022 2606 2322 
0000 1310 0601 5301 1023 
0007 0022 2610 2324 
0000 1311 0601 5312 1023 
0007 0022 2612 2224 
0000 1313 0601 5314 1023 1272 0601 5315 1023 1241 0621 5305 1011 1004 0661 5316 5304 1011 1204 0601 5305 1011 1011 1204 0032 1011 1011 3017 0011 1002 1024 0001 1003 1011 0002 1204 0004 
0007 0012 2614 1700 
0000 1317 0035 1002 1024 0001 1003 1011 0002 1204 0004 1241 0036 5305 1006 
0007 0012 2615 7200 
0000 1320 0600 5321 1021 1204 0027 1030 
0007 0152 2616 5760 6501 6163 6044 4664 6446 4500 
0000 1322 0024 4323 1012 0012 0014 1221 1221 3006 1016 0620 5324 1002 1024 0001 1003 1016 0035 1021 1221 0027 0014 1030 
0007 0172 2633 4657 4501 5760 6501 4255 5560 7046 4500 
0000 1325 0024 5326 1011 1204 0004 1005 0541 5327 1006 1320 0600 5330 1017 1016 0600 5315 1006 
0007 0012 2652 4500 
0000 1331 0600 5332 0014 1221 1221 3006 1016 0620 5333 1204 1011 3017 1016 0600 5304 1006 1320 0600 5321 4323 1002 1024 0001 1003 1011 0002 1204 0004 
0007 0012 2653 0100 
0000 1336 0035 1002 1024 0001 1003 1011 0002 1204 0004 1241 0036 1011 1011 3017 0011 5305 5326 6337 1204 1214 3013 1204 1214 3017 0026 0042 1204 1214 3013 1241 0601 0014 1204 1221 3013 1204 0541 5337 1204 1221 3013 
0007 0022 2654 2223 
0000 1340 0661 5337 1206 1235 3013 1204 0541 5337 1206 1235 3013 
0007 0022 2656 2422 
0000 1341 0661 5337 1013 1204 1214 3017 0026 1013 1241 0541 5337 1204 1272 3031 1013 
0007 0112 2660 1771 7120 7171 2071 7100 
0000 1343 0003 1002 1024 0001 1003 1204 1272 3031 0035 1031 0011 4303 0014 5326 1007 1204 0027 1017 1320 0600 0014 1007 1221 0027 1017 
0007 0012 2671 5700 
0000 1344 0600 0014 1221 1221 3006 1027 0600 5321 1017 1027 0620 5321 1017 1221 1221 3006 0024 1002 1024 0001 1003 1011 0002 1204 0004 1221 1221 3006 0035 1221 1221 3006 1344 0600 0014 1007 1204 0027 0014 4345 5301 1030 
0007 0152 2672 5257 6742 5552 4501 4657 6563 7200 
0000 1347 0024 1030 1302 0600 5346 4345 1020 1204 0601 0014 
0007 0022 2707 2325 
0000 1350 1204 1030 0035 1030 0011 1350 
0007 0022 2711 2730 
0000 1351 
0007 0152 2713 1165 7261 4601 6346 6566 6357 1200 
0000 1352 0035 1023 1341 1341 3017 0037 1023 1313 0621 5323 1350 1204 1204 0036 4303 0014 1002 1350 0601 5301 1002 1340 0621 4323 5301 1241 1241 
0007 0012 2730 3000 
0000 1354 0036 0014 4353 1350 1204 
0007 0142 2731 4257 7201 4451 4257 5046 0140 
0000 1355 0035 1001 
0007 0162 2745 2223 1522 2615 2122 1521 2115 7257 
0000 1356 0024 4217 1007 0013 0001 5357 4353 1012 0012 5223 4345 1012 1221 0601 5362 1012 0012 5213 1350 1300 
0007 0022 2763 2330 
0000 1363 0036 1241 1241 
0007 0012 2765 7300 
0000 1364 0035 1023 1204 1204 3031 0037 1023 1363 0621 5365 1023 1204 1204 3031 0037 1023 1204 1204 3031 0007 0027 1023 
0007 0022 2766 2227 
0000 1367 0621 5366 1023 1204 1204 3031 0037 1350 1300 1221 0036 1023 1204 1204 3031 0007 0027 1031 0011 1024 1204 0027 1023 
0007 0022 2770 2525 
0000 1370 0541 0014 1024 1221 0027 0014 1027 0011 0014 0015 
0003 0371 0204 
0162 0002 0022 0002 0022 0005 0022 0010 0022 0013 0022 0016 0012 0022 0012 0023 0022 0024 0012 0026 0122 0027 0022 0041 0362 0065 0062 0123 0372 0131 0012 0170 0012 0171 0012 0172 0022 0173 0012 0175 0022 0176 0012 0200 0412 0204 0412 0204 0162 0204 0012 0204 0012 0205 0012 0206 0012 0207 0012 0210 0012 0211 0012 0212 0012 0213 0012 0214 0012 0215 0012 0216 1302 0246 0072 0250 0062 0315 0122 0323 0032 0335 0362 0340 1302 0376 0042 0516 0042 0522 1302 0526 0022 0656 3022 0660 0012 0662 0072 0665 0072 0674 0072 0703 0072 0712 0072 0721 0072 0730 0072 0737 0072 0746 0072 0755 0072 0764 0072 0773 0072 1002 0072 1011 0072 1020 0072 1027 0072 1036 0072 1045 0072 1054 0072 1063 0072 1072 0072 1101 0072 1110 0072 1117 0072 1126 0072 1135 0072 1144 0072 1153 0322 1162 0142 1164 0142 1200 0322 1214 0142 1216 0142 1232 0322 1246 0142 1250 0142 1264 0322 1300 0142 1302 0142 1316 0322 1332 0142 1334 0142 1350 0142 1334 0072 1350 0222 1364 0012 1366 0062 1367 0112 1375 0072 1367 0102 1376 0062 1370 0042 1376 2522 1406 0142 1410 0142 1424 0142 1440 0142 1454 0142 1470 0142 1504 0142 1520 0142 1534 0142 1550 0142 1564 0142 1600 0142 1614 0142 1630 0142 1644 0322 1660 0032 1714 0052 1717 0122 1724 0122 1736 0122 1750 0062 1762 0062 1770 0032 1776 0122 2001 0122 2013 0062 2025 0032 2033 0012 2036 0011 3546 0012 2040 0322 2041 0012 2073 0062 2074 0062 2102 0022 2110 0011 2716 0011 1447 0012 2112 0322 2113 0162 2145 0011 2740 0011 2700 0012 2163 0011 3515 0011 1477 0032 2164 0322 2167 0011 2007 0011 1515 0022 2221 0172 2223 0011 2571 0012 2242 0062 2243 0012 2251 0011 2661 0011 1741 0011 1754 0012 2252 0011 2005 0011 2324 0022 2253 0152 2255 0062 2272 0011 2064 0011 2217 0011 2156 0011 2147 0011 2166 0011 2173 0011 2200 0011 2205 0011 2212 0011 2250 0022 2300 0172 2302 0062 2321 0212 2327 0242 2350 0011 2617 0162 2374 0042 2412 0011 2644 0012 2416 0362 2417 0442 2455 0022 2521 0142 2523 0402 2537 0022 2577 0011 2740 0032 2601 0011 3642 0011 2775 0011 2777 0022 2604 0011 3041 0022 2606 0022 2610 0011 3102 0022 2612 0011 3144 0011 3120 0011 3167 0012 2614 0012 2615 0011 3430 0152 2616 0011 3435 0011 3140 0172 2633 0011 3477 0011 3241 0011 3345 0012 2652 0011 3242 0011 3203 0011 3203 0011 3207 0012 2653 0011 3344 0022 2654 0022 2656 0011 3322 0112 2660 0012 2671 0011 3510 0011 3432 0152 2672 0022 2707 0022 2711 0152 2713 0011 3471 0012 2730 0142 2731 0162 2745 0011 3537 0011 3532 0011 3536 0011 3543 0022 2763 0012 2765 0011 3556 0011 3563 0022 2766 0022 2770 
4465 5501 0101 6360 7001 0101 4460 5501 0101 5642 7101 0101 5652 5701 0101 6572 6146 0101 4257 6444 6555 4257 7244 5750 4451 4263 0101 4457 5044 6555 4546 4456 4255 4552 6456 4271 4560 6564 0101 4657 4501 0101 4657 6563 7201 4663 6344 6555 5257 4465 5501 5760 0101 0101 6544 5142 6301 6701 0101 0101 7051 4265 5760 7246 6401 0101 4355 4257 5464 5664 5001 0101 4255 6151 4201 4444 6122 0101 4444 6123 0101 4444 6124 0101 4444 6125 0101 4444 6126 0101 4444 6127 0101 4444 6130 0101 4444 6131 0101 4444 6132 0101 4444 6122 2101 4444 6122 2201 5055 7060 6354 7054 4244 5760 7054 4542 6546 7054 4256 6501 7054 6463 4446 7054 6346 4701 4566 5650 5570 6346 4444 5765 5642 7163 4644 4566 5656 7201 5766 5555 0101 5055 5257 6563 6472 6465 4656 4263 4442 6451 4552 6442 5570 4263 6061 4657 6442 5546 6401 4463 5646 5660 4563 5646 5660 4752 5744 5150 6065 5144 5150 6455 6465 4271 4763 5051 6501 4261 4442 6451 4552 6465 5457 4261 6061 4657 6163 4442 6451 6442 5570 5064 5163 5570 5064 4752 4442 0101 4770 6501 0101 6470 6501 0101 6445 5201 0101 4470 6501 0101 5257 6445 4645 6657 4546 4501 6467 4345 4645 5652 6444 0101 5646 4255 6401 6552 6164 0101 4263 6550 5522 5242 6344 6451 5245 5264 4255 4263 6550 5523 5256 6444 6451 5264 4255 4664 4263 6550 5524 5244 6356 4656 5245 6356 4656 4263 6550 5525 5247 5257 4451 5260 6551 4451 4263 6550 5526 5264 5564 6571 5247 6350 5165 5256 6442 5665 5256 6442 4465 4261 6560 5055 6563 7165 7261 6563 7145 4265 6563 7142 5665 4671 6142 4465 4671 6142 5665 6163 5045 4265 5257 6563 4644 6163 6560 5055 6144 5154 4256 6164 4255 7050 6151 6355 7050 6147 5244 4201 6147 7065 0101 6164 7065 0101 6164 4552 0101 6144 7065 0101 6152 5764 6663 6166 5752 6057 6164 6743 5745 6156 5264 4401 6156 4642 5564 6165 5261 6401 7346 6360 0101 4244 6544 5765 5642 7144 5765 5746 7042 6101 6161 4544 5154 6161 4545 6444 6163 5045 6522 6164 6545 4265 6345 4457 6501 6346 5044 5154 6346 5045 6444 6563 7145 6522 7063 4457 6501 7344 5765 0101 6546 0000 
