0005 0003 0010 1600 0014 0010 0005 0402 
0002 0072 0002 7771 
0001 0362 0011 7742 
0001 0062 0047 7772 
0001 0062 0055 7772 
0001 0012 0063 7777 
0001 1502 0064 7630 
0002 2142 0234 7564 
0002 0072 0452 7771 
0002 0062 0461 7772 
0002 0122 0467 7766 
0001 0412 0501 7737 
0001 0032 0544 7775 
0002 0022 0547 7776 
0002 0022 0551 7776 
0002 0062 0553 7772 
0002 0062 0561 7772 
0002 0032 0567 7775 
0002 0012 0572 7777 
0002 0012 0573 7777 
0002 0012 0574 7777 
0001 0372 0575 7741 
0002 0072 0636 7771 
0001 0062 0645 7772 
0002 0042 0653 7774 
0002 0052 0657 7773 
0001 0162 0666 7762 
0001 0622 0704 7716 
0001 0102 0766 7770 
0001 0052 0776 7773 
0007 0052 0776 6142 5046 0100 
0007 0012 1003 2100 
0001 0432 1006 7735 
0001 0022 1051 7776 
0007 0022 1051 4264 
0001 0012 1053 7777 
0001 0022 1054 7776 
0007 0022 1054 6047 
0001 0022 1056 7776 
0001 0102 1060 7770 
0001 0632 1070 7715 
0001 0052 1153 7773 
0007 0052 1153 4264 0160 4700 
0001 0022 1160 7776 
0001 0102 1162 7770 
0001 2042 1174 7574 
0001 3742 1402 7404 
0002 0122 1776 7766 
0002 0122 2010 7766 
0001 0262 2022 7752 
0002 0072 2052 7771 
0001 0172 2061 7761 
0001 1322 2100 7646 
0001 0362 2232 7742 
0007 0362 2232 0101 0101 0101 0101 4342 5542 5744 4601 6451 4646 6501 0101 0101 0101 0101 
0002 0022 2270 7776 
0002 0022 2272 7776 
0002 0012 2274 7777 
0001 0362 2275 7742 
0001 0362 2333 7742 
0001 0362 2371 7742 
0002 0012 2427 7777 
0001 0172 2430 7761 
0007 0172 2430 3636 3636 3636 3636 3636 3636 3636 3600 
0001 0102 2447 7770 
0007 0102 2447 7171 2071 7120 7171 
0002 0062 2457 7772 
0002 0062 2465 7772 
0002 0122 2473 7766 
0002 0032 2505 7775 
0002 0012 2510 7777 
0007 0022 2511 2721 
0001 0152 2513 7763 
0007 0152 2513 7171 1571 7171 1571 7171 1771 7100 
0002 0012 2530 7777 
0002 0012 2531 7777 
0002 0122 2532 7766 
0002 0122 2544 7766 
0002 0122 2556 7766 
0002 0122 2570 7766 
0002 0122 2602 7766 
0002 0042 2614 7774 
0001 0012 2620 7777 
0002 0122 2621 7766 
0002 0122 2633 7766 
0002 0122 2645 7766 
0002 0122 2657 7766 
0002 0122 2671 7766 
0002 0022 2703 7776 
0001 0172 2705 7761 
0007 0172 2705 1616 1616 1616 1616 1616 1616 1616 1600 
0002 0012 2724 7777 
0002 0122 2725 7766 
0002 0122 2737 7766 
0000 0030 2342 4115 
0007 0012 2752 2300 
0000 1116 
0007 0012 2753 2200 
0000 1117 1117 0036 1116 1117 
0007 0152 2754 4342 5542 5744 4601 6451 4646 6500 
0000 1120 0035 
0007 0012 2771 2700 
0000 1121 1112 0001 
0007 0022 2772 2321 
0000 1122 
0007 0422 2774 6163 5257 6552 5750 0160 4444 6663 6352 5750 0117 1717 0161 5546 4264 4601 7042 5265 
0000 1123 0035 
0007 0022 3036 2226 
0000 1124 0016 1777 1124 
0007 0022 3040 2230 
0000 1125 
0007 0022 3042 2727 
0000 1126 3032 0017 5000 1124 0022 1125 1122 3032 0011 1116 
0007 0062 3044 7265 4550 5565 
0000 1127 1116 0034 0016 2000 1116 1014 1117 0020 1022 1117 0621 5130 
0007 0012 3052 2400 
0000 1131 
0007 0062 3053 0547 6452 4571 
0000 1132 1131 0034 0016 2000 1117 
0007 0062 3061 5055 4256 4264 
0000 1133 1117 0034 0016 2000 1131 1025 1117 0020 1117 1043 1117 0020 1117 1116 3063 
0007 0012 3067 2600 
0000 1134 1121 3020 0027 1131 1121 3063 1117 
0007 0012 3070 2500 
0000 1135 3020 0027 1035 1020 1062 0003 1023 
0007 0012 3071 2100 
0000 1136 0601 5137 1036 1020 1117 0004 1062 0003 1023 1117 0601 5140 
0007 0022 3072 2721 
0000 1141 
0007 0032 3074 2224 2300 
0000 1142 3034 0011 1131 1025 0017 5130 1117 1117 3027 
0007 0012 3077 4300 
0000 1143 0620 5140 1117 1001 1030 0020 1117 1135 3002 
0007 0042 3100 3232 3221 
0000 1144 0621 5145 1134 
0007 0012 3104 3000 
0000 1146 3002 1021 0621 5140 1057 1003 0024 5147 1021 1136 0601 5150 1057 
0007 0242 3105 0101 0101 0161 6360 4752 6501 4446 5765 4663 0116 
0000 1151 0024 
0007 0022 3131 2323 
0000 1152 
0007 0022 3133 2325 
0000 1153 3057 1021 0025 5154 1057 
0007 0252 3135 0101 0101 0101 0101 4255 5501 4552 6752 6452 6057 6400 
0000 1155 0024 5154 1131 1025 0017 5130 1117 1001 1030 0020 1117 1135 3002 1144 0601 5147 1117 1135 3002 
0007 0042 3162 3232 3224 
0000 1156 0661 5157 1117 1135 3002 
0007 0042 3166 3232 3222 
0000 1160 0541 5161 1067 1135 1135 3002 0027 1067 2050 1003 0024 1067 2066 1117 0027 5147 1117 1135 3002 
0007 0042 3172 3232 3225 
0000 1162 0621 5161 1051 1003 0024 5163 1072 1117 0027 5164 1131 1025 0017 5130 1117 1117 3027 
0007 0012 3176 6100 
0000 1165 0600 5130 1117 1117 3027 1143 0620 5163 1117 1001 1030 0020 1102 1006 0024 1134 1121 3004 
0007 0022 3177 5547 
0000 1166 0620 5167 1121 1117 0023 1070 0040 1134 1121 3004 
0007 0022 3201 5147 
0000 1170 0620 5171 1070 1141 0027 1070 1141 0561 4172 1134 1121 3004 
0007 0022 3203 5155 
0000 1173 0600 5174 1121 1121 3004 1165 0600 5175 1134 
0007 0022 3205 2425 
0000 1176 3040 1003 0024 1134 1121 3004 
0007 0022 3207 5051 
0000 1177 0600 4200 1134 1121 3004 
0007 0022 3211 6571 
0000 1201 0600 4202 1060 0012 1070 
0007 0022 3213 2632 
0000 1203 0561 4172 1134 1121 3004 
0007 0022 3215 6464 
0000 1204 0600 4205 1134 1121 3004 
0007 0022 3217 6465 
0000 1206 0600 4207 1134 1121 3004 
0007 0022 3221 6565 
0000 1210 0600 4211 1134 1121 3004 
0007 0022 3223 5065 
0000 1212 0600 5213 5163 1040 0011 
0007 0022 3225 2426 
0000 1214 
0007 0022 3227 2725 
0000 1215 3040 1003 0024 4216 5163 4217 1046 1002 0027 1134 1134 3004 
0007 0012 3231 5700 
0000 1220 0600 5221 1055 1003 0024 1134 1134 3004 
0007 0012 3232 5200 
0000 1222 0600 5223 4224 1031 1136 0601 5223 1021 1136 0601 5226 1134 1146 3002 1021 0621 5223 6223 1116 1010 1031 0020 0042 1031 0040 1011 1002 0621 5223 1117 1116 3064 1134 1121 3012 0027 1131 1121 3064 1117 1135 3012 0027 1064 1063 0661 5223 1113 1113 1013 0031 5226 1102 1006 0024 1131 1025 0017 5130 1117 1001 1030 0020 1134 1121 3004 
0007 0022 3233 6764 
0000 1227 0620 5230 4217 4224 5225 1021 1136 0601 5231 1134 1146 3002 1021 0621 0014 1074 1074 1016 1117 0002 2007 0031 0014 1073 1136 0601 5164 1023 1117 0621 5232 1113 1136 0601 5233 5234 1113 1136 0621 5234 1074 1136 0621 5234 5233 1116 
0007 0022 3235 2422 
0000 1235 3040 1055 0024 1214 
0007 0022 3237 2530 
0000 1236 3040 1113 1071 0003 1116 
0007 0022 3241 2225 
0000 1237 3047 1214 1236 3040 0024 1106 1113 0027 4240 1176 
0007 0022 3243 2531 
0000 1241 3040 1047 0024 1023 1117 0621 5242 
0007 0022 3245 3130 
0000 1243 
0007 0022 3247 3232 
0000 1244 3040 1074 1071 0003 1116 1237 3047 1243 1244 3040 0024 1106 1074 0027 4240 
0007 0022 3251 3127 
0000 1245 
0007 0032 3253 2221 2100 
0000 1246 3040 1047 0024 4247 1103 1103 1113 0031 1104 1104 1074 0031 1105 1105 1113 0031 1076 1076 1074 0031 1113 0012 1074 0012 1073 0012 1060 1117 0027 5164 1073 1117 0027 1113 1113 1044 0031 1074 1074 1045 0031 5251 1113 1044 0027 1074 1045 0027 1055 0011 1055 
0007 0102 3256 5746 6501 5560 6464 
0000 1252 0024 1056 0011 1056 
0007 0102 3266 5746 6501 5560 6464 
0000 1253 0024 1113 1136 0541 4254 1074 1136 0541 4255 1073 1117 0027 1102 1006 0024 1131 1025 0017 5130 5230 1055 
0007 0122 3276 5746 6501 5257 4460 5646 
0000 1256 0024 0014 1056 
0007 0122 3310 5746 6501 5257 4460 5646 
0000 1257 0024 0014 1117 1117 3047 0011 1124 1124 3047 0011 1102 
0007 0012 3322 4500 
0000 1260 0620 5261 1106 1136 0561 5261 4262 5263 1102 
0007 0012 3323 4400 
0000 1264 0620 5263 1106 1136 0641 5263 4262 1060 1117 0601 0014 1053 1116 0027 1053 0040 1053 1053 3047 
0007 0012 3324 0100 
0000 1266 0600 5265 1053 1116 0004 1053 1116 0004 3047 
0007 0012 3325 0500 
0000 1267 0024 0014 1021 1136 0601 5270 1134 1146 3002 1021 0621 0014 1073 1117 0027 0014 1121 1117 0023 4247 1070 1070 1116 0031 0014 4247 1070 0040 0014 1114 1103 0027 1100 1104 0027 4271 1052 1214 0027 4272 1103 0012 1104 0012 1114 0012 1100 0012 0014 1114 1105 0027 1100 1076 0027 4271 1052 
0007 0022 3326 2622 
0000 1273 0027 4272 1107 1107 1105 0031 1077 1077 1076 0031 1105 0012 1076 0012 1103 0012 1104 0012 0014 1040 0011 
0007 0022 3330 2621 
0000 1274 1215 3040 1111 0024 1023 1117 0621 5275 
0007 0032 3332 2221 2200 
0000 1276 
0007 0032 3335 2222 2600 
0000 1277 3040 1111 0024 4247 1135 
0007 0022 3340 2424 
0000 1300 3040 1003 0024 1114 1107 0027 1100 1077 0027 1052 1273 0027 4272 1065 1065 1107 0031 1075 1075 1077 0031 1107 0012 1077 0012 0014 1052 1052 
0007 0022 3342 2223 
0000 1301 0002 3040 1114 1071 0003 1116 1237 3047 1052 1052 1301 0002 3040 0024 1106 1114 0027 4240 1052 1052 1117 0032 1052 1052 1237 0002 3040 1047 0024 1023 1117 0621 5302 1052 
0007 0022 3344 2623 
0000 1303 0002 1052 1215 0002 3040 1100 1071 0003 1116 1237 3047 1052 1303 0002 1052 1215 0002 3040 0024 1106 1100 0027 4240 1052 1273 0002 1052 
0007 0022 3346 2726 
0000 1304 0002 3040 1047 0024 4247 0014 1040 0011 1274 1215 3040 1111 0024 1023 1117 0621 5305 1246 
0007 0032 3350 2222 2500 
0000 1306 3040 1111 0024 4247 1135 1300 3040 1003 0024 
0007 0022 3353 2730 
0000 1307 
0007 0022 3355 3032 
0000 1310 3040 1065 1107 0002 1071 0003 1116 1237 3047 1307 1310 3040 0024 1106 1065 1107 0031 4240 1126 
0007 0022 3357 3121 
0000 1311 3040 1047 0024 1023 1117 0621 5312 
0007 0032 3361 2223 2100 
0000 1313 1142 3040 1075 1077 0002 1071 0003 1116 1237 3047 1313 1142 3040 0024 1106 1075 1077 0031 4240 
0007 0032 3364 2222 3200 
0000 1314 1142 3040 1047 0024 4247 4315 1065 0012 1107 0012 1075 0012 1077 0012 5163 1070 0012 1121 1136 0023 1033 0040 1121 1032 0017 5000 1042 1057 0024 4247 1121 1117 0023 1067 1117 0027 1067 2066 1117 0621 5317 1042 1067 2050 0024 4247 1067 0040 1067 1135 0541 5316 1121 1117 0023 1042 1051 0024 4247 1121 1117 0023 1121 1034 0017 5000 1121 1117 0023 1070 1070 1146 0031 0014 1121 1117 0023 1070 0040 1121 1037 0017 5000 1070 0040 1037 0011 0014 1124 1124 3047 
0007 0012 3367 1200 
0000 1320 0024 1053 1117 0027 1053 0040 1053 1053 3047 1266 0600 5321 1053 1117 0004 1053 1117 0004 3047 
0007 0012 3370 1100 
0000 1322 0024 0014 1040 0011 1126 
0007 0022 3371 3122 
0000 1323 3040 1061 0024 1023 1117 0621 5324 1314 1142 3040 1061 0024 4247 0014 1040 0011 1176 1241 3040 1111 0024 1023 1117 0621 5325 1245 1276 3040 1111 0024 4247 1135 1300 3040 1003 0024 0014 1117 0022 1116 0022 1131 0022 0015 1153 1311 
0007 0022 3373 2330 
0000 1326 0036 1136 1136 
0007 0012 3375 7300 
0000 1327 0035 1110 1117 1117 3047 0037 1110 1326 0621 5330 1110 1117 1117 3047 0037 1110 1117 1117 3047 0007 0027 1110 
0007 0022 3376 2227 
0000 1332 0621 5331 1110 1117 1117 3047 0037 1153 1311 1116 0036 1110 1117 1117 3047 0007 0027 1047 0011 1112 1117 0027 1110 
0007 0022 3400 2525 
0000 1333 0541 0014 1112 1116 0027 0014 0015 
0003 0334 0116 
4502 0000 0072 0002 0362 0011 0062 0047 0062 0055 0012 0063 0122 0234 0722 0450 0072 0452 0062 0461 0122 0467 0722 0542 0022 0547 0022 0551 0062 0553 0062 0561 0032 0567 0012 0572 0012 0573 0012 0574 0302 0634 0072 0636 0062 0645 0042 0653 0052 0657 1202 0664 0012 1003 1662 1004 0102 1060 0102 1162 2062 1172 2042 1174 0752 1172 0362 1231 4502 1400 0122 1776 0122 2010 0072 2052 0172 2061 0362 2100 0362 2232 0022 2270 0022 2272 0012 2274 0362 2275 0362 2333 0362 2371 0012 2427 0172 2430 0102 2447 0062 2457 0062 2465 0122 2473 0012 2505 0012 2510 0022 2511 0152 2513 0012 2530 0012 2531 0122 2532 0122 2544 0122 2556 0122 2570 0122 2602 0042 2614 0012 2620 0122 2621 0122 2633 0122 2645 0122 2657 0122 2671 0022 2703 0172 2705 0012 2724 0122 2725 0122 2737 0011 3646 0012 2752 0012 2753 0152 2754 0012 2771 0022 2772 0422 2774 0022 3036 0022 3040 0022 3042 0062 3044 0011 3637 0012 3052 0062 3053 0062 3061 0012 3067 0012 3070 0012 3071 0011 1737 0011 1747 0022 3072 0032 3074 0012 3077 0042 3100 0011 2005 0012 3104 0011 2026 0011 2022 0242 3105 0022 3131 0022 3133 0011 2036 0252 3135 0042 3162 0011 2076 0042 3166 0011 2110 0042 3172 0011 2114 0011 2126 0012 3176 0022 3177 0011 2156 0022 3201 0011 2167 0011 3423 0022 3203 0011 2267 0011 2300 0022 3205 0022 3207 0011 3012 0022 3211 0011 3023 0022 3213 0022 3215 0011 3027 0022 3217 0011 3053 0022 3221 0011 3107 0022 3223 0011 3274 0022 3225 0022 3227 0011 3516 0011 2774 0012 3231 0011 2635 0012 3232 0011 2405 0011 2431 0011 2324 0011 2342 0022 3233 0011 2453 0011 2443 0011 2470 0011 2613 0011 2501 0022 3235 0022 3237 0022 3241 0011 2710 0022 3243 0011 2566 0022 3245 0022 3247 0022 3251 0032 3253 0011 3523 0011 2621 0011 2673 0102 3256 0102 3266 0011 2700 0011 2704 0122 3276 0122 3310 0012 3322 0011 2732 0011 3534 0011 2743 0012 3323 0011 2752 0012 3324 0012 3325 0011 3006 0011 3610 0011 3164 0022 3326 0022 3330 0011 3127 0032 3332 0032 3335 0022 3340 0022 3342 0011 3272 0022 3344 0022 3346 0011 3314 0032 3350 0022 3353 0022 3355 0022 3357 0011 3410 0032 3361 0032 3364 0011 3566 0011 3450 0011 3462 0012 3367 0011 3544 0012 3370 0022 3371 0011 3606 0011 3630 0022 3373 0012 3375 0011 3656 0011 3663 0022 3376 0022 3400 
5055 4256 4264 4244 6557 6001 4546 6444 6301 4764 6544 4546 6444 5144 4546 6142 6346 5701 6172 6344 6056 7265 4550 5565 5055 4244 5760 5055 4542 6546 5055 4256 6501 4566 5672 6545 6465 6361 6345 4657 4561 6345 6465 6345 4265 4657 4542 6501 6147 4401 0101 4355 6447 5550 4456 6147 5550 6444 5147 5550 4764 5245 7101 7242 4465 5760 7247 6444 4546 7242 4463 4644 7265 7163 4644 5146 4245 2201 6142 5046 5760 5546 5046 5745 5550 5745 6546 5550 5745 6523 6143 6647 0101 6155 5257 4601 6552 6563 4644 6552 6555 5257 6556 6147 5255 5746 6561 5755 6163 5761 5755 4244 6557 6023 4255 6151 4201 4364 4460 5601 4364 6552 6501 4455 6101 0101 4460 5501 0101 4460 5661 4263 4546 6444 6323 4546 6444 6324 4552 6764 5701 4555 6364 7001 4560 6643 5546 4565 5642 6454 4657 4565 4623 5055 4565 4623 5063 4542 5665 5145 5201 0101 5201 0101 0101 5552 5744 5765 5642 6454 2201 5760 6552 6555 6147 4464 7001 6163 6742 5665 6163 6750 6345 6163 6764 6643 6163 6765 6065 6163 6772 6545 6346 4457 6001 6442 6765 4355 6446 4442 5665 6446 4461 6367 6466 4342 5665 6564 6542 5665 6560 6542 5665 6544 5142 6301 6657 4546 6301 6701 0101 0101 6752 6142 5665 7265 4542 5665 6546 0000 
