0005 0002 0010 0524 0010 0010 0005 0402 
0001 0162 0002 7762 
0002 0012 0022 7777 
0007 0012 0023 2200 
0002 0022 0024 7776 
0002 0012 0026 7777 
0002 0122 0027 7766 
0002 0242 0041 7754 
0007 0022 0041 2125 
0007 0022 0043 2125 
0007 0022 0045 2126 
0007 0022 0047 2127 
0007 0022 0051 2130 
0007 0022 0053 2132 
0007 0022 0055 2221 
0007 0022 0057 2222 
0007 0022 0061 2224 
0007 0022 0063 2225 
0001 0362 0065 7742 
0007 0362 0065 1717 1717 1717 1717 1717 1717 1717 1717 1717 1717 1717 1717 1717 1717 1717 
0001 0062 0123 7772 
0007 0062 0123 4657 4501 0101 
0001 0372 0131 7741 
0002 0012 0170 7777 
0002 0012 0171 7777 
0007 0012 0172 2300 
0002 0022 0173 7776 
0002 0012 0175 7777 
0002 0022 0176 7776 
0007 0012 0200 2200 
0001 0412 0204 7737 
0002 0072 0250 7771 
0002 0062 0257 7772 
0002 0122 0265 7766 
0001 0032 0277 7775 
0001 0362 0302 7742 
0001 0032 0342 7775 
0002 0062 0345 7772 
0002 0052 0353 7773 
0001 0062 0362 7772 
0007 0062 0362 4255 5501 0101 
0002 0062 0370 7772 
0002 0062 0376 7772 
0002 0062 0404 7772 
0002 0052 0412 7773 
0002 0032 0417 7775 
0002 0062 0422 7772 
0002 0062 0430 7772 
0000 0030 1010 4070 
0007 0012 0436 2200 
0000 1071 1071 1071 0036 1071 1071 
0007 0542 0437 5046 5746 6342 5501 5546 4550 4663 0164 6066 6344 4601 4463 6064 6401 6346 4746 6346 5744 4601 6346 6160 6365 
0000 1072 0035 
0007 0012 0513 2600 
0000 1073 1024 0001 
0007 0022 0514 2321 
0000 1074 
0007 0612 0516 6155 4642 6446 0146 5765 4663 0143 4655 6070 0147 6063 0165 5146 0161 4663 5260 4501 6560 0143 4601 6346 6160 6365 4645 3300 
0000 1075 0035 
0007 0012 0577 2700 
0000 1076 1024 0001 
0007 0022 0600 2326 
0000 1077 
0007 0152 0602 6465 4263 6552 5750 0145 4265 4600 
0000 1100 0035 
0007 0012 0617 3000 
0000 1101 1024 0001 1077 
0007 0132 0620 4657 4552 5750 0145 4265 4600 
0000 1102 0035 1101 1024 0001 
0007 0022 0633 2521 
0000 1104 
0007 0012 0635 2300 
0000 1105 0036 1001 
0007 0162 0636 2127 1525 2115 2127 1521 2615 4501 
0000 1106 0024 4107 1021 0013 0002 5103 5110 1067 1071 1076 3017 0026 1001 
0007 0162 0654 2130 1525 2115 2127 1521 2615 4501 
0000 1112 0024 4107 1021 0013 0001 5103 1061 1071 1076 3017 0026 
0007 0012 0672 3100 
0000 1113 1024 0001 1074 
0007 0542 0673 7051 5244 5101 6163 6047 5265 0144 4657 6546 6311 6412 0140 0111 6057 4601 4460 4546 0160 6301 0342 5555 0312 
0000 1114 0035 1001 
0007 0162 0747 2131 1527 2715 2124 1521 2115 4201 
0000 1116 0024 4107 1021 0013 0001 5103 1017 1060 0600 4117 1017 1027 0600 4117 6120 1065 1071 
0007 0012 0765 2400 
0000 1121 3017 0026 0042 1012 1105 0027 5122 1017 0011 1113 1024 0001 
0007 0022 0766 2727 
0000 1123 1060 0035 0014 4124 5115 1105 1071 1071 0036 1076 1024 0001 1074 
0007 0442 0770 6163 6044 4664 6452 5750 0160 4444 6663 6352 5750 0117 1717 0161 5546 4264 4601 7042 5265 
0000 1126 0035 1071 1105 3066 1073 1076 3067 0027 1121 1076 3066 1071 
0007 0012 1034 2500 
0000 1127 3067 0027 1071 1105 3062 1073 1076 3061 0027 1121 1076 3062 1071 1127 3061 0027 1105 
0007 0062 1035 7265 4550 5565 
0000 1130 1105 0034 0016 6000 1121 
0007 0062 1043 0564 6344 5271 
0000 1131 1121 0034 0016 4000 1105 1045 1071 0020 1052 1067 0027 1053 1061 0027 1105 1045 1071 0021 1105 0022 1105 
0007 0062 1051 7265 4550 5565 
0000 1132 1105 0034 0016 2000 1105 1045 0017 5000 1064 1071 0027 1105 1045 0017 5134 1064 0040 1065 
0007 0012 1057 2100 
0000 1135 0601 5136 1073 1101 3046 1065 0621 5133 1071 1105 3063 1073 1076 3047 0027 1121 1076 3063 1071 1127 3047 0027 1063 1066 0541 5133 1063 1062 0661 5133 1055 1051 0024 1056 1047 0027 1057 1064 0027 4140 5133 1121 1054 0017 5000 0014 1105 0022 1121 0022 0015 1002 1024 0001 1003 1071 1004 3015 0035 1002 1024 0001 1003 1004 0002 
0007 0032 1060 0101 0100 
0000 1142 0035 1002 1024 0001 1003 1135 0036 4143 1017 0011 1021 0012 1011 0012 1011 0040 1023 1011 1011 3017 0037 1023 
0007 0022 1063 2423 
0000 1146 0601 5147 1023 
0007 0022 1065 2322 
0000 1150 0601 5141 1023 
0007 0022 1067 2324 
0000 1151 0601 5152 1023 
0007 0022 1071 2224 
0000 1153 0601 5154 1023 1113 0601 5155 1023 1135 0621 5145 1011 1004 0661 5156 5144 1011 1071 0601 5145 1011 1011 1071 0032 1011 1011 3017 0011 1002 1024 0001 1003 1011 0002 1071 0004 
0007 0012 1073 1700 
0000 1157 0035 1002 1024 0001 1003 1011 0002 1071 0004 1135 0036 5145 1006 
0007 0012 1074 7200 
0000 1160 0600 5161 1021 1071 0027 1030 
0007 0152 1075 5760 6501 6163 6044 4664 6446 4500 
0000 1162 0024 4163 1012 0012 0014 1105 1105 3006 1016 0620 5164 1002 1024 0001 1003 1016 0035 1021 1105 0027 0014 1030 
0007 0172 1112 4657 4501 5760 6501 4255 5560 7046 4500 
0000 1165 0024 5166 1011 1071 0004 1005 0541 5167 1006 1160 0600 5170 1017 1016 0600 5155 1006 
0007 0012 1131 4500 
0000 1171 0600 5172 0014 1105 1105 3006 1016 0620 5173 1071 1011 3017 1016 0600 5144 1006 1160 0600 5161 4163 1002 1024 0001 1003 1011 0002 1071 0004 
0007 0012 1132 0100 
0000 1176 0035 1002 1024 0001 1003 1011 0002 1071 0004 1135 0036 1011 1011 3017 0011 5145 5166 6177 1071 1076 3013 1071 1076 3017 0026 0042 1071 1076 3013 1135 0601 0014 1071 1105 3013 1071 0541 5177 1071 1105 3013 
0007 0022 1133 2223 
0000 1200 0661 5177 1121 1127 3013 1071 0541 5177 1121 1127 3013 
0007 0022 1135 2422 
0000 1201 0661 5177 1013 1071 1076 3017 0026 1013 1135 0541 5177 1071 1113 3031 1013 
0007 0112 1137 1771 7120 7171 2071 7100 
0000 1203 0003 1002 1024 0001 1003 1071 1113 3031 0035 1031 0011 4143 0014 5166 1007 1071 0027 1017 1160 0600 0014 1007 1105 0027 1017 
0007 0012 1150 5700 
0000 1204 0600 0014 1105 1105 3006 1027 0600 5161 1017 1027 0620 5161 1017 1105 1105 3006 0024 1002 1024 0001 1003 1011 0002 1071 0004 1105 1105 3006 0035 1105 1105 3006 1204 0600 0014 1007 1071 0027 0014 4205 5141 1030 
0007 0152 1151 5257 6742 5552 4501 4657 6563 7200 
0000 1206 0024 1030 1142 0600 5124 4205 1020 1071 0601 0014 
0007 0022 1166 2325 
0000 1207 1071 1030 0035 1030 0011 1207 
0007 0022 1170 2730 
0000 1210 
0007 0152 1172 1165 7261 4601 6346 6566 6357 1200 
0000 1211 0035 1023 1201 1201 3017 0037 1023 1153 0621 5163 1207 1071 1071 0036 4143 0014 1002 1207 0601 5141 1002 1200 0621 4163 5141 1135 1135 1101 0036 0014 4212 1207 1071 
0007 0142 1207 4257 7201 4451 4257 5046 0140 
0000 1213 0035 1001 
0007 0162 1223 2223 1522 2615 2122 1521 2115 7257 
0000 1214 0024 4107 1007 0013 0001 5215 4212 1012 0012 5125 4205 1012 1105 0601 5220 1012 0012 5103 1207 
0007 0022 1241 3121 
0000 1221 
0007 0022 1243 2330 
0000 1222 0036 1135 1135 
0007 0012 1245 7300 
0000 1223 0035 1023 1071 1071 3031 0037 1023 1222 0621 5224 1023 1071 1071 3031 0037 1023 1071 1071 3031 0007 0027 1023 
0007 0022 1246 2227 
0000 1226 0621 5225 1023 1071 1071 3031 0037 1207 1221 1105 0036 1023 1071 1071 3031 0007 0027 1031 0011 1024 1071 0027 1023 
0007 0022 1250 2525 
0000 1227 0541 0014 1024 1105 0027 0014 1027 0011 0014 0015 
0003 0230 0071 
0162 0002 0022 0002 0022 0005 0022 0010 0022 0013 0022 0016 0012 0022 0012 0023 0022 0024 0012 0026 0122 0027 0022 0041 0362 0065 0062 0123 0372 0131 0012 0170 0012 0171 0012 0172 0022 0173 0012 0175 0022 0176 0012 0200 0412 0204 0412 0204 0162 0204 0012 0204 0012 0205 0012 0206 0012 0207 0012 0210 0012 0211 0012 0212 0012 0213 0012 0214 0012 0215 0012 0216 0722 0246 0072 0250 0062 0257 0122 0265 0032 0277 0062 0301 0062 0307 0202 0340 0032 0342 0062 0345 0052 0353 0062 0362 0062 0370 0062 0376 0062 0404 0052 0412 0032 0417 0062 0422 0062 0430 0011 1717 0012 0436 0542 0437 0012 0513 0022 0514 0612 0516 0012 0577 0022 0600 0152 0602 0012 0617 0132 0620 0011 0562 0022 0633 0012 0635 0162 0636 0011 1111 0011 1110 0011 0606 0162 0654 0012 0672 0542 0673 0011 0631 0162 0747 0011 0664 0011 0675 0012 0765 0011 1666 0022 0766 0011 1603 0011 0677 0442 0770 0012 1034 0062 1035 0062 1043 0062 1051 0011 1016 0011 1104 0012 1057 0011 1036 0011 1064 0011 1077 0011 1111 0032 1060 0011 2013 0011 1146 0011 1150 0022 1063 0011 1212 0022 1065 0022 1067 0011 1253 0022 1071 0011 1315 0011 1271 0011 1340 0012 1073 0012 1074 0011 1601 0152 1075 0011 1606 0011 1311 0172 1112 0011 1650 0011 1412 0011 1516 0012 1131 0011 1413 0011 1354 0011 1354 0011 1360 0012 1132 0011 1515 0022 1133 0022 1135 0011 1473 0112 1137 0012 1150 0011 1661 0152 1151 0022 1166 0022 1170 0152 1172 0011 1642 0142 1207 0162 1223 0011 1710 0011 1703 0011 1707 0011 1714 0022 1241 0022 1243 0012 1245 0011 1727 0011 1734 0022 1246 0022 1250 
4465 5501 0101 6360 7001 0101 4460 5501 0101 5642 7101 0101 5652 5701 0101 6572 6146 0101 4257 6444 6555 4257 7244 5750 4451 4263 0101 4457 5044 6555 4546 4456 4255 4552 6456 4271 4560 6564 0101 4657 4501 0101 4657 6563 7201 4663 6344 6555 5257 4465 5501 5760 0101 0101 6544 5142 6301 6701 0101 0101 7051 4265 5760 7246 6401 0101 4355 4257 5464 5664 5001 0101 4255 6151 4201 4444 6122 0101 4444 6123 0101 4444 6124 0101 4444 6125 0101 4444 6126 0101 4444 6127 0101 4444 6130 0101 4444 6131 0101 4444 6132 0101 4444 6122 2101 4444 6122 2201 7265 4550 5565 5055 4244 5760 5055 4542 6546 5055 4256 6501 5055 6463 4446 6463 6465 4565 6463 4657 4565 6463 4452 4571 5271 6463 4446 5271 4542 6546 5263 4644 5760 4255 5501 0101 4657 4565 4601 4657 4565 4623 5055 4565 4623 5063 4644 5760 6147 4401 0101 6465 6345 6523 6465 6365 4565 6546 0000 
