0005 0004 0010 1413 0013 0010 0005 0402 
0001 0162 0002 7762 
0002 0012 0022 7777 
0007 0012 0023 2200 
0002 0022 0024 7776 
0002 0012 0026 7777 
0002 0122 0027 7766 
0002 0242 0041 7754 
0007 0022 0041 2125 
0007 0022 0043 2125 
0007 0022 0045 2126 
0007 0022 0047 2127 
0007 0022 0051 2130 
0007 0022 0053 2132 
0007 0022 0055 2221 
0007 0022 0057 2222 
0007 0022 0061 2224 
0007 0022 0063 2225 
0001 0362 0065 7742 
0007 0362 0065 1717 1717 1717 1717 1717 1717 1717 1717 1717 1717 1717 1717 1717 1717 1717 
0001 0062 0123 7772 
0007 0062 0123 4657 4501 0101 
0001 0372 0131 7741 
0002 0012 0170 7777 
0002 0012 0171 7777 
0007 0012 0172 2300 
0002 0022 0173 7776 
0002 0012 0175 7777 
0002 0022 0176 7776 
0007 0012 0200 2200 
0001 0412 0204 7737 
0001 0032 0250 7775 
0002 0022 0253 7776 
0002 0022 0255 7776 
0002 0062 0257 7772 
0002 0062 0265 7772 
0002 0032 0273 7775 
0002 0012 0276 7777 
0002 0012 0277 7777 
0002 0012 0300 7777 
0001 0372 0301 7741 
0002 0072 0342 7771 
0001 0062 0351 7772 
0002 0042 0357 7774 
0002 0052 0363 7773 
0002 0072 0372 7771 
0001 0362 0401 7742 
0001 0062 0437 7772 
0001 0062 0445 7772 
0001 3652 0453 7413 
0001 0542 1042 7724 
0002 1162 1116 7662 
0002 1162 1234 7662 
0001 1362 1352 7642 
0001 0062 1512 7772 
0002 0042 1520 7774 
0002 0052 1524 7773 
0001 0062 1534 7772 
0007 0062 1534 4255 5501 0101 
0002 0062 1542 7772 
0002 0012 1550 7777 
0007 0052 1551 2121 2121 2200 
0002 0012 1556 7777 
0002 0022 1557 7776 
0002 0052 1561 7773 
0002 0032 1566 7775 
0002 0012 1571 7777 
0002 0062 1572 7772 
0007 0052 1600 2121 2121 2300 
0007 0042 1605 2121 2122 
0000 0030 1440 4116 
0007 0012 1612 2200 
0000 1117 1117 1117 0036 1117 1117 
0007 0242 1613 4752 5742 5744 5242 5501 6465 4265 4656 4657 6564 
0000 1120 0035 1117 
0007 0062 1637 5055 4256 4264 
0000 1121 1117 0034 0016 2000 
0007 0012 1645 2500 
0000 1122 
0007 0062 1646 6550 5552 4571 
0000 1123 1122 0034 0016 4000 
0007 0012 1654 2300 
0000 1124 
0007 0062 1655 7265 4550 5565 
0000 1125 1124 0034 0016 6000 1124 1045 1117 0020 1052 0012 1054 0012 1117 1073 1117 0020 1122 1024 0001 1117 1117 0036 1122 1024 0001 
0007 0022 1663 2321 
0000 1127 
0007 0612 1665 6155 4642 6446 0146 5765 4663 0143 4655 6070 0147 6063 0165 5146 0161 4663 5260 4501 6560 0143 4601 6346 6160 6365 4645 3300 
0000 1130 0035 
0007 0012 1746 2600 
0000 1131 1024 0001 
0007 0022 1747 2326 
0000 1132 
0007 0152 1751 6465 4263 6552 5750 0145 4265 4600 
0000 1133 0035 
0007 0012 1766 2700 
0000 1134 1024 0001 1132 
0007 0132 1767 4657 4552 5750 0145 4265 4600 
0000 1135 0035 1001 
0007 0162 2002 2126 1525 2115 2127 1521 2615 4546 
0000 1136 0024 4137 1021 0013 0002 5126 5140 1050 1117 1134 3017 0026 1001 
0007 0162 2020 2127 1525 2115 2127 1521 2615 4501 
0000 1141 0024 4137 1021 0013 0001 5126 1051 1117 1134 3017 0026 1117 1124 3113 1131 1134 3050 0027 
0007 0012 2036 2400 
0000 1142 1134 3113 1117 1122 3050 0027 1117 1124 3103 1131 1134 3051 0027 1142 1134 3103 1117 1122 3051 0027 1113 1103 0561 5143 4144 1106 
0007 0012 2037 2100 
0000 1145 0621 5146 1047 1107 0027 1106 1145 0601 5147 1054 1124 0027 1053 0012 
0007 0012 2040 3000 
0000 1150 1024 0001 1127 
0007 0542 2041 7051 5244 5101 6163 6047 5265 0144 4657 6546 6311 6412 0140 0111 6057 4601 4460 4546 0160 6301 0342 5555 0312 
0000 1151 0035 1001 
0007 0162 2115 2130 1527 2715 2124 1521 2115 4201 
0000 1152 0024 4137 1021 0013 0001 5126 1017 1102 0600 4153 1017 1027 0600 4153 6154 1052 1117 1142 3017 0026 0042 1111 1117 1142 3017 0026 
0007 0012 2133 3100 
0000 1155 1024 0001 1127 
0007 0422 2134 4560 0172 6066 0170 4257 6501 6466 6161 6063 6552 5750 0164 4451 4645 6655 4664 0140 
0000 1156 0035 1001 
0007 0162 2176 2131 1526 2715 2122 1521 2215 7257 
0000 1157 0024 4137 1055 1007 0027 1112 1055 0027 1111 1145 0601 5160 
0007 0012 2214 3200 
0000 1161 1024 0001 1127 
0007 0462 2215 4560 0172 6066 0170 4257 6501 6560 0161 6352 5765 0142 0143 4255 4257 4446 0164 5146 4665 0140 
0000 1162 0035 1001 
0007 0162 2263 2132 1527 2115 2122 1521 2215 7257 
0000 1163 0024 4137 1053 1007 0027 1012 1124 0027 1106 1145 0621 5164 1001 
0007 0162 2301 2221 1526 2415 2122 1521 2215 7257 
0000 1165 0024 1111 1145 0621 5166 1002 1161 0027 1002 1024 0001 1127 
0007 0372 2317 6451 6070 0143 6645 5046 6564 0142 5745 0144 6056 6142 6342 6552 6746 6401 4000 
0000 1167 0035 4137 1054 1007 0027 1012 1124 0027 1106 1145 0621 5170 5164 1030 
0007 0602 2356 6346 6160 6365 5257 5001 6146 6352 6045 0157 6065 0142 0163 4650 6655 4263 0142 4444 6066 5765 5257 5001 6146 6352 6045 
0000 1171 0024 4172 1012 1124 0027 5164 4173 5126 1030 
0007 0412 2436 5257 6742 5552 4501 6146 6352 6045 0116 0164 4646 0152 5764 6563 6644 6552 6057 6400 
0000 1174 0024 4172 5126 1017 0011 1053 1117 0027 1150 1024 0001 
0007 0022 2477 2727 
0000 1175 1102 0035 0014 1106 0012 1107 0012 1107 0040 1107 
0007 0022 2501 2224 
0000 1177 0661 5200 1050 1107 2074 0621 5176 1046 1107 0027 1051 1107 2075 0601 0014 1107 0040 1107 1177 0641 5201 1106 1117 0027 1046 0012 1047 0012 0014 1124 1117 1117 0036 1124 1117 
0007 0372 2503 4366 5255 4501 5257 4546 7101 6560 0165 6342 5764 4244 6552 6057 0147 5255 4600 
0000 1203 0035 1134 1024 0001 1127 
0007 0442 2542 6163 6044 4664 6452 5750 0160 4444 6663 6352 5750 0117 1717 0161 5546 4264 4601 7042 5265 
0000 1204 0035 1124 1045 1117 0021 1124 0022 1124 
0007 0062 2606 7265 4550 5565 
0000 1205 1124 0034 0016 2000 1142 
0007 0062 2614 0547 6452 4571 
0000 1206 1142 0034 0016 4000 1064 1117 0027 1142 1060 0017 5000 1122 1076 0017 5000 6140 1124 1045 1124 0020 0042 1117 1065 1117 0020 1110 1117 0027 1117 1065 0017 5211 1110 0040 1132 
0007 0022 2622 2421 
0000 1212 3067 
0007 0062 2624 2121 2121 2121 
0000 1213 0600 5210 1061 1066 0027 1062 1070 0024 1063 1110 0027 1064 0012 1077 1071 0024 1100 1110 0027 1101 0012 1104 1145 0621 5215 1056 1066 0661 5215 1056 1066 0541 5216 1064 1114 0027 1101 1114 0027 1071 1027 0600 5217 1112 1124 0601 5217 1122 1076 0017 5000 1070 1027 0600 5210 1142 1060 0017 5000 1105 0040 5210 1124 1045 0017 5220 1114 0040 1056 1066 0541 5216 5214 1104 1117 0027 5214 1142 0022 1142 
0007 0062 2632 0547 6452 4571 
0000 1221 1142 0034 0016 6000 1060 0011 1064 1105 0027 1131 1150 3061 1111 0027 1142 1060 1117 0021 1117 0022 1122 0022 0015 1117 0022 1122 0022 1117 0041 1002 1024 0001 1003 1117 1004 3015 0035 1002 1024 0001 1003 1004 0002 
0007 0032 2640 0101 0100 
0000 1224 0035 1002 1024 0001 1003 1145 0036 4225 1017 0011 1021 0012 1011 0012 1011 0040 1023 1011 1011 3017 0037 1023 
0007 0022 2643 2423 
0000 1230 0601 5231 1023 
0007 0022 2645 2322 
0000 1232 0601 5223 1023 
0007 0022 2647 2324 
0000 1233 0601 5234 1023 1177 0601 5235 1023 1155 0601 5236 1023 1145 0621 5227 1011 1004 0661 5237 5226 1011 1117 0601 5227 1011 1011 1117 0032 1011 1011 3017 0011 1002 1024 0001 1003 1011 0002 1117 0004 
0007 0012 2651 1700 
0000 1240 0035 1002 1024 0001 1003 1011 0002 1117 0004 1145 0036 5227 1006 
0007 0012 2652 7200 
0000 1241 0600 5242 1021 1117 0027 1030 
0007 0152 2653 5760 6501 6163 6044 4664 6446 4500 
0000 1243 0024 4172 1012 0012 0014 1124 1124 3006 1016 0620 5244 1002 1024 0001 1003 1016 0035 1021 1124 0027 0014 1030 
0007 0172 2670 4657 4501 5760 6501 4255 5560 7046 4500 
0000 1245 0024 5246 1011 1117 0004 1005 0541 5247 1006 1241 0600 5250 1017 1016 0600 5236 1006 
0007 0012 2707 4500 
0000 1251 0600 5252 0014 1124 1124 3006 1016 0620 5253 1117 1011 3017 1016 0600 5226 1006 1241 0600 5242 4172 1002 1024 0001 1003 1011 0002 1117 0004 
0007 0012 2710 0100 
0000 1256 0035 1002 1024 0001 1003 1011 0002 1117 0004 1145 0036 1011 1011 3017 0011 5227 5246 6257 1117 1134 3013 1117 1134 3017 0026 0042 1117 1134 3013 1145 0601 0014 1117 1124 3013 1117 0541 5257 1117 1124 3013 
0007 0022 2711 2223 
0000 1260 0661 5257 1142 1122 3013 1117 0541 5257 1142 1122 3013 
0007 0022 2713 2422 
0000 1261 0661 5257 1013 1117 1134 3017 0026 1013 1145 0541 5257 1117 1155 3031 1013 
0007 0112 2715 1771 7120 7171 2071 7100 
0000 1263 0003 1002 1024 0001 1003 1117 1155 3031 0035 1031 0011 4225 0014 5246 1007 1117 0027 1017 1241 0600 0014 1007 1124 0027 1017 
0007 0012 2726 5700 
0000 1264 0600 0014 1124 1124 3006 1027 0600 5242 1017 1027 0620 5242 1017 1124 1124 3006 0024 1002 1024 0001 1003 1011 0002 1117 0004 1124 1124 3006 0035 1124 1124 3006 1264 0600 0014 1007 1117 0027 0014 4265 5223 1030 
0007 0152 2727 5257 6742 5552 4501 4657 6563 7200 
0000 1266 0024 1030 1224 0600 5173 4265 1020 1117 0601 0014 
0007 0022 2744 2325 
0000 1267 1117 1030 0035 1030 0011 1267 
0007 0022 2746 2730 
0000 1270 
0007 0152 2750 1165 7261 4601 6346 6566 6357 1200 
0000 1271 0035 1023 1261 1261 3017 0037 1023 1177 0621 5172 1267 1117 1117 0036 4225 0014 1002 1267 0601 5223 1002 1260 0621 4172 5223 1145 1145 1150 0036 0014 4272 1267 1117 
0007 0142 2765 4257 7201 4451 4257 5046 0140 
0000 1273 0035 1001 
0007 0162 3001 2223 1522 2615 2122 1521 2115 7257 
0000 1274 0024 4137 1007 0013 0001 5275 4272 1012 0012 5202 4265 1012 1124 0601 5300 1012 0012 5126 1267 
0007 0022 3017 3121 
0000 1301 
0007 0022 3021 2330 
0000 1302 0036 1145 1145 
0007 0012 3023 7300 
0000 1303 0035 1023 1117 1117 3031 0037 1023 1302 0621 5304 1023 1117 1117 3031 0037 1023 1117 1117 3031 0007 0027 1023 
0007 0022 3024 2227 
0000 1306 0621 5305 1023 1117 1117 3031 0037 1267 1301 1124 0036 1023 1117 1117 3031 0007 0027 1031 0011 1024 1117 0027 1023 
0007 0022 3026 2525 
0000 1307 0541 0014 1024 1124 0027 0014 1027 0011 0014 0015 
0003 0310 0117 
0162 0002 0022 0002 0022 0005 0022 0010 0022 0013 0022 0016 0012 0022 0012 0023 0022 0024 0012 0026 0122 0027 0022 0041 0362 0065 0062 0123 0372 0131 0012 0170 0012 0171 0012 0172 0022 0173 0012 0175 0022 0176 0012 0200 0412 0204 0412 0204 0162 0204 0012 0204 0012 0205 0012 0206 0012 0207 0012 0210 0012 0211 0012 0212 0012 0213 0012 0214 0012 0215 0012 0216 0722 0246 0022 0253 0022 0255 0062 0257 0062 0265 0032 0273 0012 0276 0012 0277 0012 0300 0072 0250 0042 0263 0302 0340 0072 0342 0062 0351 0042 0357 0052 0363 4502 0370 0072 0372 0362 0401 0062 0437 0062 0445 0042 0433 4502 1040 0062 1116 0062 1234 0212 1510 0062 1512 0042 1520 0052 1524 0062 1534 0062 1542 0012 1550 0052 1551 0012 1556 0022 1557 0052 1561 0032 1566 0012 1571 0062 1572 0052 1600 0042 1605 0011 3165 0012 1612 0242 1613 0062 1637 0012 1645 0062 1646 0012 1654 0062 1655 0011 1465 0022 1663 0612 1665 0012 1746 0022 1747 0152 1751 0012 1766 0132 1767 0162 2002 0011 2357 0011 2351 0162 2020 0012 2036 0011 2011 0011 2032 0012 2037 0011 1620 0011 1627 0012 2040 0542 2041 0162 2115 0011 2016 0011 2007 0012 2133 0422 2134 0162 2176 0011 1734 0012 2214 0462 2215 0162 2263 0011 3134 0162 2301 0011 1755 0372 2317 0011 1777 0602 2356 0011 3054 0011 3051 0412 2436 0022 2477 0011 2036 0022 2501 0011 2067 0011 2054 0011 2077 0372 2503 0442 2542 0062 2606 0062 2614 0011 2137 0011 2167 0011 2316 0022 2622 0062 2624 0011 2226 0011 2250 0011 2277 0011 2264 0011 2312 0062 2632 0011 2344 0011 2357 0032 2640 0011 3261 0011 2414 0011 2416 0022 2643 0011 2460 0022 2645 0022 2647 0011 2521 0011 2563 0011 2537 0011 2606 0012 2651 0012 2652 0011 3047 0152 2653 0011 2557 0172 2670 0011 3116 0011 2660 0011 2764 0012 2707 0011 2661 0011 2622 0011 2622 0011 2626 0012 2710 0011 2763 0022 2711 0022 2713 0011 2741 0112 2715 0012 2726 0011 3127 0152 2727 0022 2744 0022 2746 0152 2750 0011 3110 0142 2765 0162 3001 0011 3156 0011 3151 0011 3155 0011 3162 0022 3017 0022 3021 0012 3023 0011 3175 0011 3202 0022 3024 0022 3026 
4465 5501 0101 6360 7001 0101 4460 5501 0101 5642 7101 0101 5652 5701 0101 6572 6146 0101 4257 6444 6555 4257 7244 5750 4451 4263 0101 4457 5044 6555 4546 4456 4255 4552 6456 4271 4560 6564 0101 4657 4501 0101 4657 6563 7201 4663 6344 6555 5257 4465 5501 5760 0101 0101 6544 5142 6301 6701 0101 0101 7051 4265 5760 7246 6401 0101 4355 4257 5464 5664 5001 0101 4255 6151 4201 4444 6122 0101 4444 6123 0101 4444 6124 0101 4444 6125 0101 4444 6126 0101 4444 6127 0101 4444 6130 0101 4444 6131 0101 4444 6132 0101 4444 6122 2101 4444 6122 2201 7265 4550 5565 6465 6361 6345 4657 4561 6345 6465 6345 4265 4657 4542 6501 6163 6047 4457 4355 6447 5550 4456 6147 5550 6444 5147 5550 5055 4244 5760 4451 5457 6001 4764 5245 7101 7242 4465 5760 7247 6444 4546 7242 4463 4644 7265 7163 4644 5055 4256 4264 4244 6557 6001 4546 6444 6301 4764 6544 4546 6444 5144 4546 6346 4444 5765 4566 5650 5542 5055 6465 4565 5055 4657 4565 6550 5552 4571 6550 6444 4546 6550 6344 5760 6565 7163 4644 4255 5501 0101 4657 4565 2301 4660 4772 6545 5245 7144 5765 5257 6761 6345 5301 0101 0101 5701 0101 0101 6147 4401 0101 6444 4547 5550 6465 6345 6523 7265 4544 5765 7265 4563 4644 6546 0000 
