0005 0001 0010 1352 0010 0010 0005 0402 
0001 0162 0002 7762 
0002 0012 0022 7777 
0007 0012 0023 2200 
0002 0022 0024 7776 
0002 0012 0026 7777 
0002 0122 0027 7766 
0002 0242 0041 7754 
0007 0022 0041 2125 
0007 0022 0043 2125 
0007 0022 0045 2126 
0007 0022 0047 2127 
0007 0022 0051 2130 
0007 0022 0053 2132 
0007 0022 0055 2221 
0007 0022 0057 2222 
0007 0022 0061 2224 
0007 0022 0063 2225 
0001 0362 0065 7742 
0007 0362 0065 1717 1717 1717 1717 1717 1717 1717 1717 1717 1717 1717 1717 1717 1717 1717 
0001 0062 0123 7772 
0007 0062 0123 4657 4501 0101 
0001 0372 0131 7741 
0002 0012 0170 7777 
0002 0012 0171 7777 
0007 0012 0172 2300 
0002 0022 0173 7776 
0002 0012 0175 7777 
0002 0022 0176 7776 
0007 0012 0200 2200 
0001 0412 0204 7737 
0001 0542 0250 7724 
0002 1162 0324 7662 
0002 1162 0442 7662 
0001 1362 0560 7642 
0002 0072 0720 7771 
0002 0062 0727 7772 
0002 0122 0735 7766 
0001 0412 0747 7737 
0002 0072 1012 7771 
0002 0062 1021 7772 
0002 0122 1027 7766 
0001 0032 1041 7775 
0001 0362 1044 7742 
0001 0362 1106 7742 
0007 0362 1106 4342 5542 5744 4601 4363 6066 5051 6501 4760 6370 4263 4501 0101 0101 0101 
0002 0022 1144 7776 
0002 0022 1146 7776 
0002 0062 1150 7772 
0007 0072 1156 2121 2121 2121 6200 
0007 0022 1165 2221 
0002 0022 1167 7776 
0002 0022 1171 7776 
0002 0132 1173 7765 
0002 0042 1206 7774 
0001 0602 1212 6720 
0002 0062 2272 7772 
0002 0042 2300 7774 
0002 0042 2304 7774 
0000 0030 1274 4106 
0007 0012 2310 2200 
0000 1107 1107 1107 0036 1107 1107 
0007 0422 2311 4460 5661 6346 6464 0172 4642 6316 6560 1645 4265 4601 5020 5501 6563 7101 4752 5546 
0000 1110 0035 
0007 0012 2353 2700 
0000 1111 1024 0001 
0007 0022 2354 2321 
0000 1112 
0007 0532 2356 4263 4601 7260 6601 6466 6346 0172 6066 0170 4257 6501 6560 0163 6657 0165 5152 6401 6163 6050 6342 5601 4000 
0000 1113 0035 1001 
0007 0162 2431 2127 1527 2615 2122 1521 2215 7257 
0000 1114 0024 4115 1007 1107 0004 0013 0001 5116 1111 1024 0001 1112 
0007 0012 2447 2300 
0000 1117 0036 1111 1024 0001 1112 
0007 0442 2450 6163 6044 4664 6452 5750 0160 4444 6663 6352 5750 0117 1717 0161 5546 4264 4601 7042 5265 
0000 1120 0035 1107 
0007 0062 2514 5055 4256 4264 
0000 1121 1107 0034 0016 2000 1107 1045 1107 0020 1107 0022 1076 0040 1076 
0007 0022 2522 2224 
0000 1123 0661 5124 1072 1076 2046 0027 4125 1076 2050 1072 0027 1072 1076 2047 0027 4125 1076 2051 1072 0027 1076 2050 
0007 0012 2524 2100 
0000 1126 0621 5122 1075 1076 1107 0032 1075 1126 0621 5127 1030 
0007 0362 2525 4244 4460 6657 6552 5750 0161 4663 5260 4564 0157 6065 0145 4647 5257 4645 
0000 1130 0024 4131 0015 1117 
0007 0062 2563 7265 4550 5565 
0000 1132 1117 0034 0016 6000 1117 1052 1107 0020 1103 1056 0027 1100 1107 0027 1104 1107 0027 1076 1107 0027 1100 0040 1100 1103 0661 5134 1117 1052 1100 0020 1072 1054 0027 4125 1053 1073 0621 4135 1072 1107 2050 0541 5136 1072 1076 2051 0661 4137 1077 1077 1055 0031 5133 4140 5133 
0007 0012 2571 2400 
0000 1141 1111 3102 1107 
0007 0012 2572 2500 
0000 1142 3072 0027 1107 1117 3102 
0007 0012 2573 2600 
0000 1143 1111 3072 0027 1072 1102 0027 0014 1073 1107 0005 0621 4137 1076 1107 0027 1073 1053 0027 0014 1077 1126 0621 4144 1076 1075 0561 0014 1076 0040 1072 1076 2051 0661 5137 0014 1057 1052 0024 4145 0014 1060 1073 0027 1102 1076 2051 0027 1143 1111 3061 1107 1117 3102 0027 1107 1142 3061 1141 1111 3102 0027 1062 1077 0027 1063 
0007 0032 2574 4343 4700 
0000 1146 0024 1064 1067 0024 1070 0040 1070 2101 1065 0024 1070 1074 0561 4147 1065 0011 1077 0012 0014 1071 0040 1104 0040 1065 1071 2101 0024 1117 1057 1104 0021 1071 1074 0541 5147 1070 0012 1071 0012 0014 4137 1070 1126 0601 5150 1074 1070 0027 4147 1117 1052 1107 0020 1056 1104 0027 1117 1052 1107 0021 1117 1052 1104 0020 1117 1052 1104 0021 1117 1066 0017 5151 1117 0022 0015 1002 1024 0001 1003 1107 1004 3015 0035 1002 1024 0001 1003 1004 0002 
0007 0032 2577 0101 0100 
0000 1153 0035 1002 1024 0001 1003 1126 0036 4154 1017 0011 1021 0012 1011 0012 1011 0040 1023 1011 1011 3017 0037 1023 
0007 0022 2602 2423 
0000 1157 0601 5160 1023 
0007 0022 2604 2322 
0000 1161 0601 5152 1023 
0007 0022 2606 2324 
0000 1162 0601 5163 1023 1123 0601 5164 1023 
0007 0012 2610 3100 
0000 1165 0601 5166 1023 1126 0621 5156 1011 1004 0661 5167 5155 1011 1107 0601 5156 1011 1011 1107 0032 1011 1011 3017 0011 1002 1024 0001 1003 1011 0002 1107 0004 
0007 0012 2611 1700 
0000 1170 0035 1002 1024 0001 1003 1011 0002 1107 0004 1126 0036 5156 1006 
0007 0012 2612 7200 
0000 1171 0600 5172 1021 1107 0027 1030 
0007 0152 2613 5760 6501 6163 6044 4664 6446 4500 
0000 1173 0024 4131 1012 0012 0014 1117 1117 3006 1016 0620 5174 1002 1024 0001 1003 1016 0035 1021 1117 0027 0014 1030 
0007 0172 2630 4657 4501 5760 6501 4255 5560 7046 4500 
0000 1175 0024 5176 1011 1107 0004 1005 0541 5177 1006 1171 0600 5200 1017 1016 0600 5166 0014 1117 1117 3006 1016 0620 5201 1107 1011 3017 1016 0600 5155 1006 1171 0600 5172 4131 1002 1024 0001 1003 1011 0002 1107 0004 
0007 0012 2647 0100 
0000 1204 0035 1002 1024 0001 1003 1011 0002 1107 0004 1126 0036 1011 1011 3017 0011 5156 5176 1007 1107 0027 1017 1171 0600 0014 1007 1117 0027 1017 
0007 0012 2650 5700 
0000 1205 0600 0014 1117 1117 3006 1027 0600 5172 1017 1027 0620 5172 1017 1117 1117 3006 0024 1002 1024 0001 1003 1011 0002 1107 0004 1117 1117 3006 0035 1117 1117 3006 1205 0600 0014 1007 1107 0027 0014 4206 5152 1030 
0007 0152 2651 5257 6742 5552 4501 4657 6563 7200 
0000 1210 0024 1030 1153 0600 5207 4206 1020 1107 0601 0014 
0007 0022 2666 2325 
0000 1211 1107 1030 0035 1030 0011 1211 
0007 0022 2670 2730 
0000 1212 
0007 0152 2672 1165 7261 4601 6346 6566 6357 1200 
0000 1213 0035 1023 
0007 0022 2707 2422 
0000 1214 1214 3017 0037 1023 1123 0621 5131 1211 1107 1107 0036 4154 0014 1002 1211 0601 5152 1002 
0007 0022 2711 2223 
0000 1216 0621 4131 5152 1126 1126 
0007 0012 2713 3000 
0000 1217 0036 0014 1012 1117 0601 5221 1012 0012 5105 1211 
0007 0022 2714 3121 
0000 1222 
0007 0022 2716 2330 
0000 1223 0036 1126 1126 
0007 0012 2720 7300 
0000 1224 0035 1023 1107 1107 3031 0037 1023 1223 0621 5225 1023 1107 1107 3031 0037 1023 1107 1107 3031 0007 0027 1023 
0007 0022 2721 2227 
0000 1227 0621 5226 1023 1107 1107 3031 0037 1211 1222 1117 0036 1023 1107 1107 3031 0007 0027 1031 0011 1024 1107 0027 1023 
0007 0022 2723 2525 
0000 1230 0541 0014 1024 1117 0027 0014 1027 0011 0014 0015 
0003 0231 0106 
0162 0002 0022 0002 0022 0005 0022 0010 0022 0013 0022 0016 0012 0022 0012 0023 0022 0024 0012 0026 0122 0027 0022 0041 0362 0065 0062 0123 0372 0131 0012 0170 0012 0171 0012 0172 0022 0173 0012 0175 0022 0176 0012 0200 0412 0204 0412 0204 0162 0204 0012 0204 0012 0205 0012 0206 0012 0207 0012 0210 0012 0211 0012 0212 0012 0213 0012 0214 0012 0215 0012 0216 4502 0246 0062 0324 0062 0442 0062 0324 0062 0442 0722 0716 0072 0720 0062 0727 0122 0735 0042 1000 0722 1010 0072 1012 0062 1021 0122 1027 0032 1041 0362 1044 0702 1012 0022 1102 0362 1106 0022 1144 0022 1146 0062 1150 0072 1156 0022 1165 0022 1167 0022 1171 0132 1173 0042 1206 0702 1212 0062 2272 0042 2300 0042 2304 0011 1355 0011 2506 0012 2310 0422 2311 0012 2353 0022 2354 0532 2356 0162 2431 0011 2031 0011 2030 0012 2447 0442 2450 0062 2514 0011 1436 0022 2522 0011 1473 0011 1601 0012 2524 0011 1510 0362 2525 0011 2417 0062 2563 0011 1536 0011 1766 0011 1623 0011 1577 0011 1637 0011 1657 0012 2571 0012 2572 0012 2573 0011 1664 0011 1722 0032 2574 0011 1741 0011 1777 0011 2026 0011 2031 0032 2577 0011 2602 0011 2066 0011 2070 0022 2602 0011 2132 0022 2604 0022 2606 0011 2173 0011 2235 0012 2610 0011 2211 0011 2254 0012 2611 0012 2612 0011 2412 0152 2613 0011 2231 0172 2630 0011 2461 0011 2326 0011 2327 0011 2270 0011 2270 0011 2274 0012 2647 0012 2650 0011 2472 0011 2414 0152 2651 0022 2666 0022 2670 0152 2672 0022 2707 0011 2453 0022 2711 0012 2713 0011 2477 0011 2503 0022 2714 0022 2716 0012 2720 0011 2516 0011 2523 0022 2721 0022 2723 
4465 5501 0101 6360 7001 0101 4460 5501 0101 5642 7101 0101 5652 5701 0101 6572 6146 0101 4257 6444 6555 4257 7244 5750 4451 4263 0101 4457 5044 6555 4546 4456 4255 4552 6456 4271 4560 6564 0101 4657 4501 0101 4657 6563 7201 4663 6344 6555 5257 4465 5501 5760 0101 0101 6544 5142 6301 6701 0101 0101 7051 4265 5760 7246 6401 0101 4355 4257 5464 5664 5001 0101 4255 6151 4201 4444 6122 0101 4444 6123 0101 4444 6124 0101 4444 6125 0101 4444 6126 0101 4444 6127 0101 4444 6130 0101 4444 6131 0101 4444 6132 0101 4444 6122 2101 4444 6122 2201 5055 4256 4264 5055 6465 4565 5055 4657 4565 6465 4263 6501 4657 4545 0101 7265 4550 5565 5055 4244 5760 5055 4565 4601 5055 4256 6501 6346 4444 5765 4566 5665 6371 7054 4244 5760 7054 4565 4601 7054 4256 6501 7054 6463 4446 7054 6346 4701 7265 4565 6371 5766 5555 0101 4342 5543 4701 4366 4757 6001 4366 4757 6656 4542 6546 0101 5564 6542 4465 5642 7143 4701 5642 7161 4501 6146 6352 6045 6145 6560 6501 6345 4457 6501 6346 4442 6363 6546 5661 4565 6563 7144 5765 7063 4457 6501 4552 0000 
