0005 0002 0010 0710 0005 0010 0005 0402 
0001 0122 0002 7766 
0007 0122 0002 6366 5701 4542 6546 3301 
0001 0102 0014 7770 
0001 0302 0024 7750 
0001 0622 0054 7716 
0001 0402 0136 7740 
0001 0052 0176 7773 
0007 0052 0176 6142 5046 0100 
0007 0032 0203 2121 2200 
0001 2042 0210 7574 
0001 0112 0416 7767 
0007 0112 0416 1771 7120 7171 2071 7100 
0002 0022 0427 7776 
0002 0012 0431 7777 
0007 0032 0432 2224 2300 
0002 0032 0435 7775 
0002 0062 0440 7772 
0010 6560 4542 7201 0062 0440 
0002 0042 0450 7774 
0001 0312 0454 7747 
0001 0312 0505 7747 
0001 0312 0536 7747 
0001 0172 0567 7761 
0001 0022 0606 7776 
0001 0072 0610 7771 
0002 0022 0617 7776 
0001 0012 0621 7777 
0001 0512 0622 7727 
0001 0312 0676 7747 
0002 0042 0727 7774 
0001 0322 0736 7746 
0007 0322 0736 4255 6151 4243 4665 5244 4255 0144 6664 6560 5646 6301 5552 6465 
0001 0042 0772 7774 
0007 0042 0772 4466 6465 
0001 1702 0776 7610 
0001 0032 1166 7775 
0007 0032 1166 6455 6400 
0001 0022 1171 7776 
0001 0032 1173 7775 
0007 0032 1173 4466 6400 
0001 0032 1200 7775 
0007 0032 1200 0157 6000 
0001 0052 1203 7773 
0001 0042 1210 7774 
0007 0042 1210 5742 5646 
0001 0302 1214 7750 
0001 0112 1244 7767 
0007 0112 1244 4245 4563 4664 6416 2200 
0001 0232 1255 7755 
0001 0112 1300 7767 
0007 0112 1300 4245 4563 4664 6416 2300 
0001 0232 1311 7755 
0001 0042 1334 7774 
0007 0042 1334 4452 6572 
0001 0162 1340 7762 
0001 0022 1356 7776 
0007 0022 1356 6465 
0001 0032 1360 7775 
0001 0032 1363 7775 
0007 0032 1363 7352 6100 
0001 0062 1366 7772 
0001 0032 1374 7775 
0007 0032 1374 5642 5700 
0001 0022 1377 7776 
0001 0032 1401 7775 
0007 0032 1401 6572 6100 
0002 0042 1406 7774 
0000 0030 1274 
0007 0012 1412 2200 
0000 1042 1042 1042 0036 1042 1042 1036 0035 
0007 0012 1413 2300 
0000 1043 1042 
0007 0112 1414 6163 5257 6501 6066 6500 
0000 1044 0035 4045 4046 1042 
0007 0062 1425 4466 6456 4264 
0000 1047 1042 0034 0016 2000 1043 
0007 0062 1433 0565 5652 4571 
0000 1050 1043 0034 0016 2000 1043 1033 0017 5052 1042 1021 1034 0020 1042 
0007 0012 1441 2500 
0000 1053 3011 1022 0025 
0007 0012 1442 3200 
0000 1054 
0007 0022 1443 2424 
0000 1055 3011 1023 0024 
0007 0022 1445 2430 
0000 1056 
0007 0022 1447 2722 
0000 1057 3011 1024 0024 
0007 0022 1451 2726 
0000 1060 
0007 0022 1453 3132 
0000 1061 3011 1025 0024 
0007 0022 1455 3224 
0000 1062 
0007 0032 1457 2221 3000 
0000 1063 3011 1026 0024 
0007 0032 1462 2222 2200 
0000 1064 
0007 0032 1465 2222 2300 
0000 1065 3011 1027 0024 
0007 0032 1470 2222 2700 
0000 1066 
0007 0032 1473 2223 2300 
0000 1067 3011 1030 0024 
0007 0032 1476 2223 2700 
0000 1070 
0007 0032 1501 2223 3000 
0000 1071 3011 1031 0025 
0007 0032 1504 2224 2200 
0000 1072 1072 3011 1032 0024 4073 1041 0040 5051 1042 1053 3011 1041 0025 
0007 0012 1507 2700 
0000 1074 
0007 0022 1510 2323 
0000 1075 3011 
0007 0212 1512 4466 6465 6056 4663 6401 6057 0147 5255 4600 
0000 1076 0024 1013 1013 1042 0032 1074 1042 0023 4073 1074 
0007 0012 1533 2100 
0000 1077 0023 1042 0022 1043 0022 0015 1014 1042 0027 0014 
0007 0022 1534 2226 
0000 1101 0016 1777 1101 
0007 0022 1536 2522 
0000 1102 
0007 0022 1540 3225 
0000 1103 3001 0017 5000 1101 0022 1002 1017 1012 0003 1102 
0007 0022 1542 2525 
0000 1104 3001 0011 1074 1077 0023 4105 1074 1042 0023 1074 1043 0005 0023 1011 1036 0024 4073 1013 
0007 0012 1544 3000 
0000 1106 0027 4107 1003 0011 
0007 0022 1545 2623 
0000 1110 1016 0004 1043 0006 
0007 0022 1547 2621 
0000 1111 3003 1036 0024 0014 1013 
0007 0022 1551 2721 
0000 1112 0561 4113 1016 1015 0027 1016 1042 0004 1016 3011 
0007 0022 1553 0101 
0000 1115 0620 5116 1016 1043 0601 5116 1016 1016 1043 0032 5114 1074 1042 1016 1043 0002 3010 0017 5000 1010 0011 1013 0040 0014 1074 1077 0023 1004 0040 1013 
0007 0012 1555 2600 
0000 1117 0027 4105 1074 1042 0023 1014 1077 0601 4100 1074 1037 0017 5000 1074 1040 0017 5000 1074 1042 0023 0014 1074 1001 0017 5000 0014 1074 
0007 0022 1556 2321 
0000 1120 
0007 0422 1560 6163 5257 6552 5750 0160 4444 6663 6352 5750 0117 1717 0161 5546 4264 4601 7042 5265 
0000 1121 0035 0014 0015 
0003 0122 0043 
2062 0000 0102 0014 0622 0054 0032 0203 2042 0002 1222 0000 0032 0117 2062 0206 2042 0210 0112 0416 0022 0427 0012 0431 0032 0432 0032 0435 0062 0440 0012 0416 2252 0446 0042 0450 0312 0454 0312 0505 0312 0536 0172 0567 0022 0606 0072 0610 0022 0617 0012 0621 0372 0674 0042 0727 0342 0734 0322 0736 2062 0770 2062 1176 0042 1406 0012 1412 0012 1413 0112 1414 0011 1264 0011 1074 0062 1425 0062 1433 0011 0745 0011 1036 0012 1441 0012 1442 0022 1443 0022 1445 0022 1447 0022 1451 0022 1453 0022 1455 0032 1457 0032 1462 0032 1465 0032 1470 0032 1473 0032 1476 0032 1501 0032 1504 0011 1156 0012 1507 0022 1510 0212 1512 0012 1533 0011 1070 0022 1534 0022 1536 0022 1540 0022 1542 0011 1257 0012 1544 0011 1234 0022 1545 0022 1547 0022 1551 0011 1223 0011 1165 0022 1553 0011 1206 0012 1555 0022 1556 0422 1560 
6560 6155 5257 6366 5745 6546 6560 6157 4256 6142 5046 0101 6560 6155 5723 6560 6131 2101 6142 5046 3121 6143 6647 0101 6155 5257 4601 4565 5642 6454 5552 5744 5765 5550 5745 6470 6142 5064 5273 6163 6544 6555 6560 4542 7201 4444 6131 2101 4466 6456 4264 4466 6457 6001 5742 5646 0101 4245 4522 0101 4245 4523 0101 4452 6572 0101 6465 4265 4601 7352 6101 0101 6455 6456 4257 4466 6465 7261 6556 6152 4571 6563 4644 5760 6552 6555 4601 6361 6557 4256 5145 6322 0101 5145 6323 0101 4466 6444 5765 1717 0000 
