0005 0001 0010 0225 0003 0010 0005 0402 
0002 0072 0002 7771 
0001 0362 0011 7742 
0002 0062 0047 7772 
0002 0122 0055 7766 
0001 0032 0067 7775 
0001 0362 0072 7742 
0001 1162 0132 7662 
0002 0042 0250 7774 
0001 0042 0254 7774 
0001 0022 0264 7776 
0002 0042 0266 7774 
0002 0022 0272 7776 
0002 0122 0274 7766 
0002 0122 0306 7766 
0002 0012 0320 7777 
0000 0030 0726 4021 
0007 0012 0322 2400 
0000 1022 
0007 0062 0323 5055 7060 6354 
0000 1023 1022 0034 0016 6000 1022 1010 
0007 0012 0331 2200 
0000 1024 0020 1014 0040 1014 1011 0661 5026 1022 1001 0017 5026 1007 
0007 0032 0332 7676 7600 
0000 1027 0600 5026 1004 
0007 0012 0335 2100 
0000 1030 0601 5025 1005 1030 0661 5031 1016 1016 1005 0031 5025 1017 1017 1005 0031 5025 1016 1017 0002 1030 0621 5032 1022 1010 1024 0020 1022 1001 1011 0020 1022 1001 1011 0021 1022 1012 0017 5033 1022 0022 0015 1022 0022 1030 1030 
0007 0012 0336 3000 
0000 1034 0036 
0007 0012 0337 2700 
0000 1035 1020 0001 
0007 0022 0340 2221 
0000 1036 
0007 0742 0342 4546 4352 6501 1601 4463 4645 5265 0165 6065 4255 6401 6066 6501 6047 0143 4255 4257 4446 1701 6163 6050 6342 5601 4442 5757 6065 0161 6360 4446 4645 
0000 1037 0035 
0007 0012 0436 3100 
0000 1040 1020 0001 
0007 0022 0437 3121 
0000 1041 1030 0036 1040 0041 
0007 0022 0441 2325 
0000 1042 1041 
0007 0022 0443 2330 
0000 1043 0036 1030 1030 
0007 0012 0445 7300 
0000 1044 0035 1015 1024 1024 3013 0037 1015 1043 0621 5045 1015 1024 1024 3013 0037 1015 1024 1024 3013 0007 0027 1015 
0007 0022 0446 2227 
0000 1047 0621 5046 1015 1024 1024 3013 0037 1042 1041 
0007 0012 0450 2300 
0000 1050 0036 1015 1024 1024 3013 0007 0027 1013 0011 1020 1024 0027 1015 
0007 0022 0451 2525 
0000 1051 0541 0014 1020 1050 0027 0014 0015 
0003 0052 0022 
1302 0000 0072 0002 0362 0011 0062 0047 0122 0055 0032 0067 0362 0072 1302 0130 0042 0250 0022 0260 0022 0264 0042 0266 0022 0272 0122 0274 0122 0306 0012 0320 0011 0360 0012 0322 0062 0323 0012 0331 0011 0243 0011 0303 0032 0332 0012 0335 0011 0276 0011 0334 0011 0331 0012 0336 0012 0337 0022 0340 0742 0342 0012 0436 0022 0437 0022 0441 0022 0443 0012 0445 0011 0370 0011 0375 0022 0446 0012 0450 0022 0451 
5055 7060 6354 7054 4244 5760 7054 4546 6444 7054 4542 6546 7054 4256 6501 7054 6463 4446 7054 6346 4701 4566 5650 5570 6346 4444 5765 5766 5555 0101 4255 6151 4201 4460 6657 6501 6544 5142 6301 6560 6544 6301 6560 6545 6301 6701 0101 0101 6546 0000 
