0005 0007 0010 0033 0002 0010 0005 0402 
0001 0022 0002 7776 
0002 0022 0004 7776 
0002 0012 0006 7777 
0000 0030 0500 4004 
0007 0012 0010 2700 
0000 1005 
0007 0012 0011 2100 
0000 1006 0023 
0007 0012 0012 2200 
0000 1007 1007 1007 0036 1005 1003 0001 
0007 0022 0013 2321 
0000 1010 
0007 0372 0015 5760 7001 4255 5250 5701 4760 6356 6401 4265 0151 4642 4501 6047 0147 6063 5600 
0000 1011 0035 0015 
0007 0022 0054 2325 
0000 1012 
0007 0022 0056 3121 
0000 1013 
0007 0022 0060 2330 
0000 1014 0036 1006 1006 
0007 0012 0062 7300 
0000 1015 0035 1002 1007 1007 3001 0037 1002 1014 0621 5016 1002 1007 1007 3001 0037 1002 1007 1007 3001 0007 0027 1002 
0007 0022 0063 2227 
0000 1020 0621 5017 1002 1007 1007 3001 0037 1012 1013 
0007 0012 0065 2300 
0000 1021 0036 1002 1007 1007 3001 0007 0027 1001 0011 1003 1007 0027 1002 
0007 0022 0066 2525 
0000 1022 0541 0014 1003 1021 0027 0014 0015 
0003 0023 0005 
0022 0002 0022 0004 0012 0006 0011 0055 0012 0010 0012 0011 0012 0012 0022 0013 0372 0015 0022 0054 0022 0056 0022 0060 0012 0062 0011 0065 0011 0072 0022 0063 0012 0065 0022 0066 
4255 6151 4201 6544 5142 6301 6701 0101 0101 6546 0000 
