0005 0001 0010 1706 0022 0010 0005 0402 
0011 0062 0002 7772 
0011 0012 0010 7777 
0001 0162 0014 7762 
0002 0012 0034 7777 
0007 0012 0035 2200 
0002 0022 0036 7776 
0002 0012 0040 7777 
0002 0122 0041 7766 
0002 0242 0053 7754 
0007 0022 0053 2125 
0007 0022 0055 2125 
0007 0022 0057 2126 
0007 0022 0061 2127 
0007 0022 0063 2130 
0007 0022 0065 2132 
0007 0022 0067 2221 
0007 0022 0071 2222 
0007 0022 0073 2224 
0007 0022 0075 2225 
0001 0362 0077 7742 
0007 0362 0077 1717 1717 1717 1717 1717 1717 1717 1717 1717 1717 1717 1717 1717 1717 1717 
0001 0062 0135 7772 
0007 0062 0135 4657 4501 0101 
0001 0372 0143 7741 
0002 0012 0202 7777 
0002 0012 0203 7777 
0007 0012 0204 2300 
0002 0022 0205 7776 
0002 0012 0207 7777 
0002 0022 0210 7776 
0007 0012 0212 2200 
0001 0412 0216 7737 
0002 0012 0262 7777 
0002 0052 0263 7773 
0002 0052 0270 7773 
0002 0052 0275 7773 
0002 0052 0302 7773 
0002 0052 0307 7773 
0002 0012 0314 7777 
0001 0122 0315 7766 
0001 0122 0327 7766 
0002 0072 0344 7771 
0001 0362 0353 7742 
0001 0062 0411 7772 
0001 0062 0417 7772 
0001 0012 0425 7777 
0002 1502 0426 7630 
0002 2142 0576 7564 
0002 0072 1014 7771 
0001 0362 1023 7742 
0001 4012 1061 7377 
0002 0042 1466 7774 
0002 0022 1472 7776 
0002 0012 1474 7777 
0002 0012 1475 7777 
0001 0522 1476 7726 
0007 0162 1476 4245 4501 0101 0101 0101 0101 0101 
0007 0162 1514 4451 4257 5046 2052 5762 6652 6346 
0007 0162 1532 4546 5546 6546 0101 0101 0101 0101 
0002 0042 1550 7774 
0002 0012 1554 7777 
0002 0022 1555 7776 
0002 0012 1557 7777 
0000 0030 1212 4113 
0007 0012 1560 2200 
0000 1114 
0007 0062 1561 5055 4256 4264 
0000 1115 1114 0034 0016 6000 1114 1073 1114 0020 1050 1076 0027 1102 1076 0027 1107 1077 0027 1001 
0007 0012 1567 2100 
0000 1116 0601 5117 1050 1001 0027 1114 1114 1114 0036 1114 1114 
0007 0472 1570 5046 5746 6342 5501 5546 4550 4663 0142 4444 6066 5765 0147 5255 4601 5642 5257 6546 5742 5744 4600 
0000 1120 0035 
0007 0012 1637 2600 
0000 1121 1026 0001 
0007 0022 1640 2321 
0000 1122 
0007 0312 1642 6155 4642 6446 0164 4655 4644 6501 4261 6155 5244 4265 5260 5700 
0000 1123 0035 
0007 0012 1673 2700 
0000 1124 1026 0001 
0007 0022 1674 2326 
0000 1125 
0007 0252 1676 2217 0142 4545 0157 4670 0142 4444 6066 5765 1164 1200 
0000 1126 0035 
0007 0012 1723 3000 
0000 1127 1026 0001 1125 
0007 0352 1724 2317 0144 5142 5750 4620 5257 6266 5263 4601 4244 4460 6657 6564 1164 1200 
0000 1130 0035 
0007 0012 1761 3100 
0000 1131 1026 0001 1125 
0007 0242 1762 2417 0145 4655 4665 4601 4244 4460 6657 6511 6412 
0000 1132 0035 
0007 0012 2006 3200 
0000 1133 1026 0001 1125 
0007 0252 2007 2517 0161 6352 5765 1660 6665 0142 4444 6066 5765 6400 
0000 1134 0035 1003 
0007 0162 2034 2126 1525 3015 2122 1521 2215 0446 
0000 1136 0024 4137 1023 0013 0002 5117 5140 1112 1114 1114 3021 0026 1112 0013 0004 5141 5141 5141 5142 1023 
0007 0012 2052 2400 
0000 1143 0027 5135 1114 1073 1114 0020 1114 0022 1076 1050 0661 0015 1100 
0007 0022 2053 2221 
0000 1144 0541 5145 1114 0041 
0007 0012 2055 2300 
0000 1146 0041 4147 1001 1050 0027 1143 0041 1014 0012 1063 0011 1110 1114 0027 1104 1114 0027 1146 1114 1112 2106 0035 1146 
0007 0022 2056 2226 
0000 1150 1114 0036 1121 1026 0001 1122 
0007 0272 2060 2217 0150 4657 0155 4645 5046 6301 4244 4460 6657 6501 0400 
0000 1151 0035 1124 1026 0001 1122 
0007 0262 2107 2317 0142 4444 6066 5765 0145 4664 4463 5261 6552 6057 
0000 1152 0035 1127 1026 0001 1122 
0007 0272 2135 2417 0147 5257 4257 4452 4255 0164 6556 5765 0144 6045 4600 
0000 1153 0035 1131 1026 0001 1122 
0007 0242 2164 2517 0164 4451 4645 0147 6063 5642 6501 4460 4546 
0000 1154 0035 1133 1026 0001 1122 
0007 0262 2210 2617 0161 4263 4657 6551 4664 5264 0144 6057 6563 6055 
0000 1155 0035 1112 0013 0001 5156 1121 1026 0001 
0007 0022 2236 2232 
0000 1157 
0007 0012 2240 1300 
0000 1160 0035 1112 1114 0621 5161 1102 1107 0561 5162 1112 1114 0601 5163 1014 1114 0601 5164 1121 1026 0001 
0007 0022 2241 2527 
0000 1165 1146 0036 1003 
0007 0162 2243 2126 1525 2715 2125 1521 2415 0446 
0000 1166 0024 4137 1023 0013 0002 5141 5117 1114 
0007 0012 2261 2500 
0000 1167 3064 1114 1167 3021 0026 1121 1026 0001 
0007 0022 2262 2621 
0000 1170 
0007 0012 2264 1600 
0000 1171 0035 1003 
0007 0162 2265 2126 1526 2215 2124 1521 2115 0401 
0000 1172 0024 4137 1023 0013 0001 5141 1114 1143 3021 1031 0600 4173 1121 1127 3064 1114 1143 3021 0026 1064 1116 0601 5156 1057 1064 0025 4174 1112 1114 0661 5175 1047 1116 0601 5176 1014 0013 0001 5177 5200 1032 
0007 0312 2303 4244 4460 6657 6501 0401 4255 6346 4245 7201 6057 0147 5255 4600 
0000 1201 0024 4202 5156 6204 1114 1073 1053 0020 0042 1056 1074 0025 1054 1114 0027 1125 
0007 0022 2334 2421 
0000 1205 3075 
0007 0062 2336 2121 2121 2121 
0000 1206 0620 0014 1054 0012 0014 1121 1026 0001 1170 1146 0036 0014 1003 
0007 0162 2344 2127 1525 2715 2421 1521 2115 4201 
0000 1207 0024 4137 1023 0013 0001 5141 1021 1031 0600 5200 1065 1114 1205 3021 0024 1014 0013 0001 5177 1003 
0007 0162 2362 2130 1525 2715 2127 1521 2115 4201 
0000 1211 0024 4137 1023 0013 0001 5141 1066 1114 1124 3021 0024 1014 0013 0001 5177 1003 
0007 0162 2400 2131 1525 2715 2127 1521 2115 4201 
0000 1213 0024 4137 1023 0013 0001 5141 1067 1114 1124 3021 0024 1014 0013 0001 5177 1003 
0007 0162 2416 2132 1525 2715 2122 1521 2115 4201 
0000 1215 0024 4137 1023 0013 0001 5141 1070 1114 1114 3021 0024 1070 
0007 0012 2434 0100 
0000 1216 0600 5177 1070 
0007 0012 2435 4400 
0000 1217 0600 5177 1070 
0007 0012 2436 4500 
0000 1220 0600 5177 5214 1104 1114 0004 0013 0002 5222 5223 1027 0013 0005 5156 5200 5210 5212 5214 5164 1105 1114 0621 5224 1027 1116 0601 5177 5224 1110 1146 0027 1104 1146 0027 1121 1121 3066 
0007 0012 2437 6700 
0000 1226 0620 5227 1143 1026 0001 1114 1114 0036 1143 1026 0001 1144 
0007 0122 2440 4244 4460 6657 6501 0433 
0000 1230 0035 1003 
0007 0162 2452 2124 1523 2315 2125 1521 2115 0401 
0000 1231 0024 1015 1114 1167 3064 0027 4232 1143 1026 0001 
0007 0022 2470 2327 
0000 1233 1171 0035 1003 
0007 0162 2472 2124 1523 3015 2124 1521 2115 0401 
0000 1234 0024 1015 1121 1127 3064 0027 4232 1143 1026 0001 
0007 0022 2510 2424 
0000 1235 1065 0035 1167 1026 0001 1144 
0007 0732 2512 1616 1616 1616 1616 1616 1616 1616 1616 1616 1616 1616 1616 1616 4366 4550 4665 6416 1616 1616 1616 1616 1616 1616 1616 1616 1616 1616 1616 1616 1600 
0000 1236 0035 1121 1026 0001 1144 
0007 0022 2605 2217 
0000 1237 0035 1121 1026 0001 
0007 0022 2607 2521 
0000 1240 
0007 0022 2611 3117 
0000 1241 0035 1124 1026 0001 1144 
0007 0022 2613 2317 
0000 1242 0035 1124 1026 0001 1240 
0007 0022 2615 3217 
0000 1243 0035 1127 1026 0001 1144 
0007 0022 2617 2417 
0000 1244 0035 1127 1026 0001 
0007 0022 2621 2432 
0000 1245 
0007 0032 2623 2221 1700 
0000 1246 0035 1131 1026 0001 1144 
0007 0012 2626 2500 
0000 1247 0035 1131 1026 0001 1245 
0007 0032 2627 2222 1700 
0000 1250 0035 1133 1026 0001 1144 
0007 0022 2632 2617 
0000 1251 0035 1133 1026 0001 1245 
0007 0032 2634 2223 1700 
0000 1252 0035 1144 1026 0001 1144 
0007 0022 2637 2717 
0000 1253 0035 1144 1026 0001 1245 
0007 0032 2641 2224 1700 
0000 1254 0035 
0007 0022 2644 2222 
0000 1255 1026 0001 1144 
0007 0022 2646 3017 
0000 1256 0035 1105 1114 0027 1112 1146 0601 5257 1103 0012 1114 
0007 0032 2650 2221 2500 
0000 1261 3071 0012 1027 1114 0601 5262 1114 2071 1114 0005 0621 5262 5177 1103 0040 1004 1167 1103 0002 1127 1103 1131 0006 0001 0032 1014 1116 0601 5263 1004 1027 1127 1027 1131 0006 0001 0004 1167 0031 1103 1027 0027 1005 
0007 0022 2653 2225 
0000 1264 0027 1103 1127 0641 5265 1005 
0007 0022 2655 2525 
0000 1266 0027 1103 
0007 0022 2657 2224 
0000 1267 0661 5177 1127 1264 3003 
0007 0102 2661 2131 1521 2115 0416 
0000 1270 0024 4137 1023 0013 0001 5141 1103 2071 1114 1131 3021 0026 1103 2071 1114 0005 0601 5271 1114 1131 3021 1031 0600 4272 1014 0013 0001 5177 5224 1114 1261 3071 0012 1114 2071 1114 0005 0027 5177 1103 2071 1114 2071 0027 1114 1131 3021 1103 2071 0025 1015 1114 1131 3021 0026 4232 0014 1110 0012 1104 1143 0027 1121 1121 3066 1226 0620 5227 1143 1026 0001 1114 1114 0036 1143 1026 0001 1144 
0007 0122 2671 4244 4460 6657 6501 0433 
0000 1274 0035 1003 
0007 0162 2703 2124 1523 2315 2125 1521 2115 0401 
0000 1275 0024 1015 1114 1167 3064 0027 4232 1143 1026 0001 1233 1171 0035 1003 
0007 0162 2721 2124 1523 3015 2124 1521 2115 0401 
0000 1276 0024 1015 1121 1127 3064 0027 4232 1143 1026 0001 1235 1065 0035 1167 1026 0001 1144 
0007 0572 2737 1616 1616 1616 1616 1616 1616 6163 5260 6301 7246 4263 0144 6056 6142 6342 6552 6746 6416 1616 1616 1616 1616 1616 1600 
0000 1277 0035 1121 1026 0001 1144 
0007 0022 3016 2117 
0000 1300 0035 1121 1026 0001 1240 1256 0035 1124 1026 0001 1144 1237 0035 1124 1026 0001 1240 1241 0035 1127 1026 0001 1144 1242 0035 1127 1026 0001 1240 1243 0035 1131 1026 0001 1144 1244 0035 1131 1026 0001 1245 1246 0035 1133 1026 0001 1144 
0007 0022 3020 2517 
0000 1301 0035 1133 1026 0001 1245 1250 0035 1144 1026 0001 1144 1251 0035 1144 1026 0001 1245 1252 0035 1255 1026 0001 1144 1253 0035 1255 1026 0001 1245 1254 0035 1112 1146 0601 5302 1111 0012 1114 
0007 0032 3022 2225 2100 
0000 1304 3072 0012 1111 0040 1004 1167 1111 0002 1127 1111 1131 0006 0001 0032 1014 1116 0601 5305 1004 1027 1127 1027 1127 0006 0001 0004 1121 0031 1111 1027 1114 0031 1005 1264 0027 1111 1127 0641 5306 1005 1266 0027 1111 1264 0661 5177 1004 1026 0001 1005 
0007 0152 3025 0101 0101 0101 0101 0101 0101 0100 
0000 1307 0035 1127 1264 3003 
0007 0102 3042 2221 1521 2115 0516 
0000 1310 0024 4137 1111 2072 1114 1144 3021 0026 1014 0013 0001 5177 1023 0013 0001 5141 5223 1103 0012 1005 1264 0027 1103 0040 1004 1167 1103 0002 1127 1103 1131 0006 0001 0032 1103 1267 0661 5177 1103 1127 0641 5312 1005 1266 0027 1015 1103 2071 0027 4232 1103 1114 0621 5311 1103 1114 0005 0621 5311 1121 1026 0001 1264 
0007 0102 3052 1622 0101 0101 0101 
0000 1313 0035 5177 1111 0012 1005 1264 0027 1111 0040 1004 1167 1111 0002 1127 1111 1131 0006 0001 0032 1111 1264 0661 5177 1111 1127 0641 5315 1005 1266 0027 1015 1111 2072 0027 4316 5314 1110 0013 0002 5225 5273 4317 1112 0013 0002 5320 5321 1047 0013 0001 5322 1063 1073 0024 1124 1026 0001 1165 1065 0035 1127 1026 0001 1165 1066 0035 1131 1026 0001 1165 1067 0035 1133 1026 0001 1165 1070 0035 1112 1146 0601 5177 
0007 0022 3062 2325 
0000 1324 1114 1114 0036 1324 1114 
0007 0172 3064 6352 5051 6501 4244 4460 6657 6501 4000 
0000 1325 0035 1003 
0007 0162 3103 2223 1522 3115 2122 1521 2215 7257 
0000 1326 0024 4137 1011 0013 0002 5327 5141 1114 1073 1114 0020 1076 0040 1114 1073 1114 0021 1114 1073 1102 0020 1114 1073 1102 0021 1114 1063 0017 5000 1102 0040 1114 1101 0017 5330 1114 0022 1114 
0007 0062 3121 5055 4256 4264 
0000 1331 1114 0034 0016 6000 1063 0011 5141 1114 1063 1053 0021 1114 0022 1114 
0007 0062 3127 5055 4256 4264 
0000 1332 1114 0034 0016 6000 1112 1146 0601 5141 1032 
0007 0172 3135 4244 4460 6657 6501 4546 5546 6546 4500 
0000 1333 0024 4202 5141 1065 0011 1125 1205 3065 
0007 0062 3154 2121 2121 2121 
0000 1334 0024 1114 1073 1114 0020 1100 0040 1114 1073 1114 0021 5321 1032 
0007 0232 3162 4244 4460 6657 6501 5760 6501 6057 0147 5255 4600 
0000 1335 0024 4202 5141 1114 1114 1114 0036 1124 1026 0001 1122 
0007 0402 3205 4752 5546 0157 6070 0147 6655 5501 1601 6446 4601 5257 6465 6366 4465 5260 5764 
0000 1336 0035 1124 1026 0001 
0007 0022 3245 3121 
0000 1337 1216 0035 1131 0041 1023 1143 0601 4340 1004 1026 0001 1005 1114 1006 3017 0035 1004 1026 0001 1005 1006 0002 
0007 0032 3247 0101 0100 
0000 1342 0035 1004 1026 0001 1005 1116 0036 4343 1021 0011 1023 0012 1013 0012 1013 0040 1025 1013 1013 3021 0037 1025 
0007 0022 3252 2423 
0000 1346 0601 5347 1025 
0007 0022 3254 2322 
0000 1350 0601 5341 1025 
0007 0022 3256 2324 
0000 1351 0601 5352 1025 1267 0601 5353 1025 1131 0601 5354 1025 1116 0621 5345 1013 1006 0661 5355 5344 1013 1114 0601 5345 1013 1013 1114 0032 1013 1013 3021 0011 1004 1026 0001 1005 1013 0002 1114 0004 
0007 0012 3260 1700 
0000 1356 0035 1004 1026 0001 1005 1013 0002 1114 0004 1116 0036 5345 1010 
0007 0012 3261 7200 
0000 1357 0600 5360 1023 1114 0027 1032 
0007 0152 3262 5760 6501 6163 6044 4664 6446 4500 
0000 1361 0024 4202 1014 0012 0014 1146 1146 3010 1020 0620 5362 1004 1026 0001 1005 1020 0035 1023 1146 0027 0014 1032 
0007 0172 3277 4657 4501 5760 6501 4255 5560 7046 4500 
0000 1363 0024 5364 1013 1114 0004 1007 0541 5365 1010 1357 0600 5366 1021 1020 0600 5354 1010 
0007 0012 3316 0400 
0000 1367 0600 5370 1010 
0007 0012 3317 5700 
0000 1371 0600 5370 1010 1220 0600 5372 1010 
0007 0012 3320 0500 
0000 1373 0600 5374 1010 
0007 0012 3321 5100 
0000 1375 0600 5374 0014 1146 1146 3010 1020 0620 5376 1114 1013 3021 1020 0600 5344 1010 1357 0600 5360 1032 
0007 0102 3322 6560 6001 5560 5750 
0000 1400 0024 4202 1004 1026 0001 1005 1013 0002 1114 0004 1216 0035 1004 1026 0001 1005 1013 0002 1114 0004 1116 0036 1013 1013 3021 0011 5345 1032 
0007 0112 3332 6560 6001 6451 6063 6500 
0000 1402 0024 5364 6403 1015 1114 1006 1114 0002 3021 0026 0042 1015 1116 0601 4404 1146 1146 3010 1171 0600 0014 1015 1116 0541 5364 0014 1010 1371 0600 0014 1013 1114 0661 0014 1004 1026 0001 1005 
0007 0012 3343 2100 
0000 1405 0035 0014 1032 
0007 0172 3344 5666 6465 0143 4601 5766 5646 6352 4400 
0000 1406 0024 5364 1033 1015 0025 1013 0012 5407 6410 1114 1124 3015 1114 1124 3021 0026 0042 1114 1124 3015 1116 0601 0014 1114 1146 3015 1114 0541 5410 1114 1146 3015 
0007 0022 3363 2223 
0000 1411 0661 5410 1143 1167 3015 1114 0541 5410 1143 1167 3015 
0007 0022 3365 2422 
0000 1412 0661 5410 1015 1114 1124 3021 0026 1015 1116 0541 5410 1114 1131 3033 1015 
0007 0112 3367 1771 7120 7171 2071 7100 
0000 1414 0003 1004 1026 0001 1005 1114 1131 3033 0035 1033 0011 4343 0014 1032 
0007 0212 3400 6664 4601 4760 6356 4265 0156 5645 4572 7200 
0000 1415 0024 5364 6403 1015 1114 1006 1114 0002 3021 0026 0042 1146 1146 3010 1171 0600 5316 1015 1116 0541 5364 1033 1015 
0007 0162 3421 7171 1571 7171 1571 7171 1771 7116 
0000 1416 0003 1013 0012 1013 0040 1013 1013 3033 1216 0600 5407 1004 1026 0001 1005 1013 1264 3033 0035 4343 1006 2016 1150 1013 0004 0004 1116 0641 0014 1004 1026 0001 1005 1150 0002 1013 0004 1114 1006 2016 1150 1013 0004 0004 3031 0035 0014 1011 1114 0027 1021 1357 0600 0014 1011 1146 0027 1021 1371 0600 0014 1146 1146 3010 1031 0600 5360 1021 1031 0620 5360 1021 1146 1146 3010 0024 1004 1026 0001 1005 1013 0002 1114 0004 1146 1146 3010 0035 1146 1146 3010 1371 0600 0014 1011 1114 0027 0014 4417 5341 1032 
0007 0152 3437 5257 6742 5552 4501 4657 6563 7200 
0000 1420 0024 1032 1342 0600 5340 4417 1022 1114 0601 0014 1324 1114 1032 0035 1032 0011 1324 
0007 0022 3454 2730 
0000 1421 
0007 0152 3456 1165 7261 4601 6346 6566 6357 1200 
0000 1422 0035 1025 1412 1412 3021 0037 1025 1267 0621 5202 1324 1114 1114 0036 4343 0014 1004 1324 0601 5341 1004 1411 0621 4202 5341 1116 1116 1127 0036 0014 4423 1324 1114 
0007 0142 3473 4257 7201 4451 4257 5046 0140 
0000 1424 0035 1003 
0007 0162 3507 2223 1522 2615 2122 1521 2115 7257 
0000 1425 0024 4137 1011 0013 0001 5426 4423 1014 0012 5227 4417 1014 1146 0601 5430 1014 1114 0027 1324 1350 
0007 0102 3525 7051 4265 0104 0140 
0000 1431 0035 1003 
0007 0162 3535 2223 1524 2215 2123 1521 2215 0401 
0000 1432 0024 1022 1114 0027 4137 1022 0012 1023 0013 0001 5177 1027 1114 1146 3021 0026 5221 1014 0012 5141 1324 1114 
0007 0172 3553 6155 4642 6446 0170 4252 6501 1717 1700 
0000 1433 0035 0014 1324 1337 
0007 0022 3572 2330 
0000 1434 0036 1116 1116 
0007 0012 3574 7300 
0000 1435 0035 1025 1114 1114 3033 0037 1025 1434 0621 5436 1025 1114 1114 3033 0037 1025 1114 1114 3033 0007 0027 1025 
0007 0022 3575 2227 
0000 1440 0621 5437 1025 1114 1114 3033 0037 1324 1337 1146 0036 1025 1114 1114 3033 0007 0027 1033 0011 1026 1114 0027 1025 1266 0541 0014 1026 1146 0027 0014 1031 0011 0014 4317 4441 4442 0014 1324 1114 1114 0036 1324 1114 
0007 0172 3577 6155 4642 6446 0170 4252 6501 1717 1700 
0000 1443 0035 0014 1047 0012 1051 1050 0027 1052 0012 1053 1051 1052 0002 1114 0002 1146 0006 0027 4203 1056 1057 0600 5445 1053 1051 0601 5446 1056 1057 0660 5447 1052 1053 0027 5444 1051 1053 0027 5444 1055 0012 1053 1050 0027 1053 0040 4203 1047 1114 0601 0014 1054 1116 0601 5453 1056 1057 0600 0014 1055 1114 0621 5451 1056 1057 0660 5446 5451 1047 1114 0027 0014 1324 1114 1114 0036 0014 1055 1114 0027 5452 0015 
0003 0454 0114 
0062 0002 0012 0010 0162 0014 0022 0014 0022 0017 0022 0022 0022 0025 0022 0030 0012 0034 0012 0035 0022 0036 0012 0040 0122 0041 0022 0053 0362 0077 0062 0135 0372 0143 0012 0202 0012 0203 0012 0204 0022 0205 0012 0207 0022 0210 0012 0212 0412 0216 0412 0216 0162 0216 0012 0216 0012 0217 0012 0220 0012 0221 0012 0222 0012 0223 0012 0224 0012 0225 0012 0226 0012 0227 0012 0230 0012 0262 0052 0263 0052 0270 0052 0275 0052 0302 0052 0307 0012 0314 0122 0315 0122 0327 0012 0262 0012 0263 0012 0264 4502 0342 0072 0344 0362 0353 0062 0411 0062 0417 0012 0425 0102 0426 0122 0576 4502 1012 0072 1014 0362 1023 0042 1055 0042 1061 0032 1065 0022 1462 0042 1466 0022 1472 0012 1474 0012 1475 0162 1476 0042 1550 0012 1554 0022 1555 0012 1557 0011 5160 0012 1560 0062 1561 0012 1567 0011 1744 0472 1570 0012 1637 0022 1640 0312 1642 0012 1673 0022 1674 0252 1676 0012 1723 0352 1724 0012 1761 0242 1762 0012 2006 0252 2007 0011 2012 0162 2034 0011 4070 0011 2043 0011 2073 0011 2065 0012 2052 0022 2053 0011 2063 0012 2055 0011 5153 0022 2056 0272 2060 0262 2107 0272 2135 0242 2164 0262 2210 0011 2166 0022 2236 0012 2240 0011 2176 0011 4046 0011 2206 0011 5111 0022 2241 0162 2243 0012 2261 0022 2262 0012 2264 0162 2265 0011 2346 0011 5257 0011 3637 0011 2314 0011 5070 0011 2355 0312 2303 0011 5010 0011 2321 0011 5376 0022 2334 0062 2336 0162 2344 0011 2402 0162 2362 0011 2423 0162 2400 0011 2444 0162 2416 0012 2434 0012 2435 0012 2436 0011 2476 0011 2516 0011 3372 0011 2756 0011 2527 0012 2437 0011 3624 0122 2440 0162 2452 0011 4477 0022 2470 0162 2472 0022 2510 0732 2512 0022 2605 0022 2607 0022 2611 0022 2613 0022 2615 0022 2617 0022 2621 0032 2623 0012 2626 0032 2627 0022 2632 0032 2634 0022 2637 0032 2641 0022 2644 0022 2646 0011 3501 0011 2750 0032 2650 0011 2771 0011 3026 0022 2653 0011 3040 0022 2655 0022 2657 0102 2661 0011 3105 0011 3117 0011 3141 0122 2671 0162 2703 0162 2721 0572 2737 0022 3016 0022 3020 0011 3562 0011 3364 0032 3022 0011 3430 0011 3442 0152 3025 0102 3042 0011 3506 0011 3535 0102 3052 0011 3567 0011 3616 0011 4636 0011 5263 0011 3723 0011 3772 0011 4041 0011 3646 0022 3062 0172 3064 0162 3103 0011 4017 0011 3757 0062 3121 0062 3127 0172 3135 0062 3154 0232 3162 0402 3205 0022 3245 0011 5005 0011 4074 0032 3247 0011 5254 0011 4131 0011 4133 0022 3252 0011 4175 0022 3254 0022 3256 0011 4236 0011 4300 0011 4254 0011 4343 0012 3260 0012 3261 0011 5003 0152 3262 0011 4274 0172 3277 0011 5052 0011 4420 0011 4720 0012 3316 0011 4424 0012 3317 0011 4505 0012 3320 0011 4613 0012 3321 0011 4357 0011 4357 0102 3322 0011 4366 0112 3332 0011 4473 0011 4454 0012 3343 0172 3344 0011 4644 0011 4607 0022 3363 0022 3365 0011 4565 0112 3367 0212 3400 0162 3421 0011 5063 0152 3437 0022 3454 0152 3456 0011 5044 0142 3473 0162 3507 0011 5112 0011 5105 0011 5150 0102 3525 0162 3535 0172 3553 0022 3572 0012 3574 0011 5170 0011 5175 0022 3575 0011 5274 0011 5402 0172 3577 0011 5303 0011 5407 0011 5341 0011 5335 0011 5331 0011 5346 0011 5355 0011 5365 
4566 5647 5545 4546 5547 5550 4465 5501 0101 6360 7001 0101 4460 5501 0101 5642 7101 0101 5652 5701 0101 6572 6146 0101 4257 6444 6555 4257 7244 5750 4451 4263 0101 4457 5044 6555 4546 4456 4255 4552 6456 4271 4560 6564 0101 4657 4501 0101 4657 6563 7201 4663 6344 6555 5257 4465 5501 5760 0101 0101 6544 5142 6301 6701 0101 0101 7051 4265 5760 7246 6401 0101 4355 4257 5464 5664 5001 0101 4255 6151 4201 4444 6122 0101 4444 6123 0101 4444 6124 0101 4444 6125 0101 4444 6126 0101 4444 6127 0101 4444 6130 0101 4444 6131 0101 4444 6132 0101 4444 6122 2101 4444 6122 2201 4364 4465 5501 4364 4657 4501 4364 5152 0101 4364 5560 0101 4364 5652 4501 4364 6344 5760 4546 4755 4250 5642 6454 4672 6563 7154 4672 4444 6143 6423 4444 6143 6424 4444 6143 6425 5055 4256 4264 4244 6557 6001 4546 6444 6301 4764 6544 4546 6444 5144 4546 6142 6346 5701 4366 4550 4665 6172 6344 6056 4566 5650 5542 4542 4465 5760 4545 4664 4463 6346 4444 5765 5642 7144 5765 4546 5544 5765 5766 5555 0101 4245 4544 5765 4345 5044 5765 4363 4465 5501 4366 4544 6555 4564 6156 6045 5642 7163 4644 5657 6644 6555 6172 6344 5765 6446 5546 4465 6546 6352 
