0005 0001 0010 1611 0016 0010 0005 0402 
0011 0062 0002 7772 
0011 0012 0010 7777 
0001 0162 0014 7762 
0002 0012 0034 7777 
0007 0012 0035 2200 
0002 0022 0036 7776 
0002 0012 0040 7777 
0002 0122 0041 7766 
0002 0242 0053 7754 
0007 0022 0053 2125 
0007 0022 0055 2125 
0007 0022 0057 2126 
0007 0022 0061 2127 
0007 0022 0063 2130 
0007 0022 0065 2132 
0007 0022 0067 2221 
0007 0022 0071 2222 
0007 0022 0073 2224 
0007 0022 0075 2225 
0001 0362 0077 7742 
0007 0362 0077 1717 1717 1717 1717 1717 1717 1717 1717 1717 1717 1717 1717 1717 1717 1717 
0001 0062 0135 7772 
0007 0062 0135 4657 4501 0101 
0001 0372 0143 7741 
0002 0012 0202 7777 
0002 0012 0203 7777 
0007 0012 0204 2300 
0002 0022 0205 7776 
0002 0012 0207 7777 
0002 0022 0210 7776 
0007 0012 0212 2200 
0001 0412 0216 7737 
0001 0122 0262 7766 
0007 0122 0262 6366 5701 4542 6546 3301 
0001 0102 0274 7770 
0001 0302 0304 7750 
0001 0622 0334 7716 
0001 0402 0416 7740 
0001 0052 0456 7773 
0007 0052 0456 6142 5046 0100 
0007 0032 0463 2121 2200 
0001 2042 0470 7574 
0001 0112 0676 7767 
0007 0112 0676 1771 7120 7171 2071 7100 
0002 0022 0707 7776 
0002 0012 0711 7777 
0007 0032 0712 2224 2300 
0002 0032 0715 7775 
0002 0062 0720 7772 
0010 6560 4542 7201 0062 0720 
0002 0072 0730 7771 
0001 0362 0737 7742 
0001 0062 0775 7772 
0001 0062 1003 7772 
0001 0012 1011 7777 
0002 1502 1012 7630 
0002 2142 1162 7564 
0001 0402 1400 7740 
0007 0402 1400 5046 5746 6342 5501 5546 4550 4663 0142 4444 6066 5765 0161 6352 5765 1660 6665 
0001 1042 1442 7674 
0007 1042 1442 0101 0103 4752 5716 6465 5657 6501 4460 4546 0301 5264 0166 6446 4501 4760 6301 4760 6356 4265 6552 5750 0165 5146 0161 0755 0142 5745 0143 4255 4257 4446 0164 5146 4665 
0001 1002 1550 7700 
0007 1002 1550 0101 0103 6444 5146 4555 1644 6045 4603 0152 6401 6664 4645 0147 6063 0147 6063 5642 6565 5257 5001 6551 4601 6466 6161 6063 6552 5750 0164 4451 4645 6655 4664 
0001 1402 1652 7640 
0007 1402 1652 0101 0103 6142 6346 5701 4460 5765 6355 0301 4460 5765 6360 5564 0161 4263 4657 6551 4664 5264 0161 6352 5765 5257 5001 6057 0147 5257 4257 4452 4255 0164 6542 6546 5646 5765 6401 4257 4501 6466 6161 6063 6552 5750 0164 4451 4645 6655 4664 
0001 0212 2014 7757 
0007 0212 2014 1616 1616 1616 1616 1616 1616 1616 1616 1600 
0001 0072 2035 7771 
0007 0072 2035 4244 4460 6657 6500 
0001 0212 2044 7757 
0007 0212 2044 1616 1616 1616 1616 1616 1616 1616 1616 1600 
0001 0022 2065 7776 
0001 0102 2067 7770 
0007 0102 2067 4752 5716 6465 5665 
0001 0022 2077 7776 
0001 0062 2101 7772 
0007 0062 2101 6444 5146 4555 
0001 0022 2107 7776 
0001 0052 2111 7773 
0007 0052 2111 6142 6346 5700 
0001 0032 2120 7775 
0001 0022 2123 7776 
0007 0022 2123 5760 
0001 0062 2125 7772 
0001 0132 2133 7765 
0007 0132 2133 4546 6444 6352 6165 5260 5700 
0001 0272 2146 7751 
0001 0042 2175 7774 
0007 0042 2175 4460 4546 
0001 0052 2201 7773 
0001 0042 2206 7774 
0007 0042 2206 4460 4546 
0001 0032 2212 7775 
0001 0062 2215 7772 
0007 0062 2215 4460 5765 6355 
0001 0072 2226 7771 
0001 0062 2235 7772 
0007 0062 2235 6146 6352 6045 
0001 0042 2243 7774 
0001 0062 2247 7772 
0007 0062 2247 4366 4550 4665 
0001 0042 2255 7774 
0001 0152 2261 7763 
0007 0152 2261 6163 5260 6316 7263 1644 6056 6100 
0001 0072 2276 7771 
0001 0062 2305 7772 
0007 0062 2305 6146 6352 6045 
0001 0042 2313 7774 
0001 0062 2317 7772 
0007 0062 2317 4366 4550 4665 
0001 0042 2325 7774 
0001 0152 2331 7763 
0007 0152 2331 6163 5260 6316 7263 1644 6056 6100 
0001 0072 2346 7771 
0001 0062 2355 7772 
0007 0062 2355 6146 6352 6045 
0001 0042 2363 7774 
0001 0062 2367 7772 
0007 0062 2367 4366 4550 4665 
0001 0042 2375 7774 
0001 0152 2401 7763 
0007 0152 2401 6163 5260 6316 7263 1644 6056 6100 
0002 0042 2420 7774 
0001 0062 2424 7772 
0007 0062 2424 4255 5501 0101 
0002 0012 2432 7777 
0002 0072 2433 7771 
0001 0162 2442 7762 
0007 0162 2442 7171 1571 7171 1571 7171 1771 7116 
0001 0132 2460 7765 
0007 0132 2460 7171 1571 7171 1571 7171 1600 
0002 0012 2473 7777 
0002 0012 2474 7777 
0002 0072 2475 7771 
0000 0030 1736 4120 
0007 0012 2504 2200 
0000 1121 1121 1121 0036 1121 1121 
0007 0402 2505 5046 5746 6342 5501 5546 4550 4663 0142 4444 6066 5765 0161 6352 5765 1660 6665 
0000 1122 0035 4123 1115 1121 0601 5125 1107 0012 1014 
0007 0012 2545 2300 
0000 1126 0027 
0007 0012 2546 2700 
0000 1127 1026 0001 
0007 0022 2547 2321 
0000 1130 1121 0036 1127 1026 0001 1130 
0007 0222 2551 6465 4263 6552 5750 0150 5501 4244 4465 0104 
0000 1131 0035 
0007 0012 2573 3000 
0000 1132 1026 0001 1130 
0007 0202 2574 4657 4552 5750 0150 5501 4244 4465 0104 
0000 1133 0035 1003 
0007 0162 2614 2127 1525 2215 2125 1521 2115 4246 
0000 1134 0024 4135 1023 0013 0002 5124 5136 1021 1110 0600 5137 1021 1031 0600 5137 6140 1121 
0007 0012 2632 2500 
0000 1141 3117 1121 1141 3021 0026 0042 1127 1026 0001 
0007 0022 2633 2526 
0000 1142 
0007 0012 2635 1600 
0000 1143 0035 1003 
0007 0162 2636 2127 1525 2715 2124 1521 2115 0401 
0000 1144 0024 4135 1023 0013 0001 5124 1021 1031 0600 4145 
0007 0012 2654 2600 
0000 1146 1132 3117 1121 
0007 0012 2655 2400 
0000 1147 3021 0026 1003 
0007 0162 2656 2130 1525 2215 2125 1521 2115 0401 
0000 1151 0024 4135 1023 0013 0001 5124 1021 1031 0600 5152 1121 1141 3112 1121 1141 3021 0026 1132 1026 0001 1142 1143 0035 1003 
0007 0162 2674 2130 1525 2715 2124 1521 2115 0401 
0000 1153 0024 4135 1023 0013 0001 5124 1021 1031 0600 4145 1146 1132 3112 1121 1147 3021 0026 5154 1127 1026 0001 
0007 0022 2712 2522 
0000 1155 1110 0035 1117 0012 1112 
0007 0072 2714 3232 3232 3232 3200 
0000 1156 0027 5154 1004 1026 0001 1142 1121 1141 3031 0035 0014 4157 1004 1146 0004 0013 0002 5124 5150 1112 1117 0027 5154 1115 1121 0621 5160 1011 1126 0601 5161 1127 1026 0001 1130 1121 0036 1127 1026 0001 1130 
0007 0452 2723 6451 6070 0143 6645 5046 6501 4257 4501 4460 5661 4263 4265 5267 4601 4256 6066 5765 6401 4000 
0000 1162 0035 1003 
0007 0162 2770 2127 1526 3215 2122 1521 2215 7257 
0000 1163 0024 4135 1111 1011 0027 1014 1126 0027 1115 1121 0027 5154 1127 1026 0001 1130 1121 0036 1127 1026 0001 1130 
0007 0422 3006 6163 5257 6552 5750 0160 4444 6663 6352 5750 0117 1717 0161 5546 4264 4601 7042 5265 
0000 1164 0035 1121 0022 1121 
0007 0062 3050 5055 4256 4264 
0000 1165 1121 0034 0016 2000 1121 1067 0017 5166 1121 1067 0017 5166 1070 1117 0541 5167 1070 1112 0661 5166 
0007 0022 3056 2326 
0000 1170 
0007 0022 3060 2421 
0000 1171 3071 
0007 0062 3062 2121 2121 2121 
0000 1172 0600 5167 1111 1121 0621 5173 1061 
0007 0022 3070 2527 
0000 1174 0641 5173 1061 
0007 0022 3072 2721 
0000 1175 0027 1121 1141 3057 1121 1141 3070 0025 1146 1146 3057 1143 0024 1127 
0007 0012 3074 3100 
0000 1176 3057 1146 1132 3070 
0007 0042 3075 1771 7171 
0000 1177 0003 
0007 0022 3101 2223 
0000 1200 1155 3057 1071 0024 1142 
0007 0022 3103 2621 
0000 1201 3057 1072 0024 
0007 0022 3105 2625 
0000 1202 
0007 0022 3107 2632 
0000 1203 3057 1073 0024 
0007 0022 3111 2725 
0000 1204 1204 3057 1074 0024 4205 1111 1121 0621 5206 1127 1121 0023 1146 1146 3072 
0007 0012 3113 6700 
0000 1207 0620 5210 1111 1121 0621 5210 1056 1106 0024 4205 1127 1121 0023 1116 0012 1116 0040 
0007 0022 3114 2221 
0000 1212 1212 3057 1116 1121 0004 0025 1116 1121 0601 5213 
0007 0022 3116 2225 
0000 1214 
0007 0022 3120 2325 
0000 1215 3057 1116 1121 0004 2075 1114 0003 
0007 0022 3122 2331 
0000 1216 1155 3057 1116 2076 1113 0003 1201 1201 3057 1116 1141 0002 0025 1202 1204 3057 1116 1141 0002 2075 1114 0003 
0007 0022 3124 2731 
0000 1217 
0007 0022 3126 3122 
0000 1220 3057 1116 1146 0002 2076 1113 0003 1116 1146 0601 5221 
0007 0022 3130 3132 
0000 1222 
0007 0022 3132 3221 
0000 1223 3057 1116 
0007 0012 3134 3200 
0000 1224 0002 
0007 0022 3135 7171 
0000 1225 0003 
0007 0022 3137 3225 
0000 1226 
0007 0032 3141 2221 2500 
0000 1227 3057 1116 1224 0002 2075 1114 0003 
0007 0032 3144 2221 3100 
0000 1230 
0007 0032 3147 2223 2200 
0000 1231 3057 1116 1212 0002 2076 1113 0003 4205 1116 1146 0541 5211 1127 1126 0023 1061 1061 1141 0031 1107 0040 5167 1062 1121 0027 1127 1101 0017 5000 1127 1102 0017 5000 1127 1103 0017 5000 1127 1126 0023 1061 1061 1141 0031 0014 1115 
0007 0012 3152 2100 
0000 1233 0027 1117 1233 0621 5124 1147 1146 3057 1107 0025 1132 
0007 0022 3153 2323 
0000 1234 3057 
0007 0202 3155 4244 4460 6657 6564 0160 5701 4752 5546 
0000 1235 0024 1127 1126 0023 4205 1127 1233 0023 1121 0022 1233 0041 1004 1026 0001 1005 1121 1006 3017 0035 1004 1026 0001 1005 1006 0002 
0007 0032 3175 0101 0100 
0000 1237 0035 1004 1026 0001 1005 1233 0036 4240 1021 0011 1023 0012 1013 0012 1013 0040 1025 1013 1013 3021 0037 1025 
0007 0022 3200 2423 
0000 1243 0601 5244 1025 
0007 0022 3202 2322 
0000 1245 0601 5236 1025 
0007 0022 3204 2324 
0000 1246 0601 5247 1025 
0007 0022 3206 2224 
0000 1250 0601 5251 1025 1176 0601 5252 1025 1233 0621 5242 1013 1006 0661 5253 5241 1013 1121 0601 5242 1013 1013 1121 0032 1013 1013 3021 0011 1004 1026 0001 1005 1013 0002 1121 0004 
0007 0012 3210 1700 
0000 1254 0035 1004 1026 0001 1005 1013 0002 1121 0004 1233 0036 5242 1010 
0007 0012 3211 7200 
0000 1255 0600 5256 1023 1121 0027 1032 
0007 0152 3212 5760 6501 6163 6044 4664 6446 4500 
0000 1257 0024 4260 1014 0012 0014 1126 1126 3010 1020 0620 5261 1004 1026 0001 1005 1020 0035 1023 1126 0027 0014 1032 
0007 0172 3227 4657 4501 5760 6501 4255 5560 7046 4500 
0000 1262 0024 5263 1013 1121 0004 1007 0541 5264 1010 1255 0600 5265 1021 1020 0600 5252 1010 
0007 0012 3246 0400 
0000 1266 0600 5267 1010 
0007 0012 3247 5700 
0000 1270 0600 5267 0014 1126 1126 3010 1020 0620 5271 1121 1013 3021 1020 0600 5241 1010 1255 0600 5256 4260 1004 1026 0001 1005 1013 0002 1121 0004 
0007 0012 3250 0100 
0000 1274 0035 1004 1026 0001 1005 1013 0002 1121 0004 1233 0036 1013 1013 3021 0011 5242 5263 6275 1015 1121 1006 1121 0002 3021 0026 0042 1015 1233 0601 4276 1126 1126 3010 1143 0600 0014 1015 1233 0541 5263 0014 1010 1270 0600 0014 1013 1121 0661 0014 1004 1026 0001 1005 
0007 0012 3251 2100 
0000 1277 0035 0014 5263 1011 1121 0027 1021 1255 0600 0014 1011 1126 0027 1021 1270 0600 0014 1126 1126 3010 1031 0600 5256 1021 1031 0620 5256 1021 1126 1126 3010 0024 1004 1026 0001 1005 1013 0002 1121 0004 1126 1126 3010 0035 1126 1126 3010 1270 0600 0014 1011 1121 0027 0014 4300 5236 1032 
0007 0152 3252 5257 6742 5552 4501 4657 6563 7200 
0000 1301 0024 1032 1237 0600 5157 4300 1022 1121 0601 0014 1215 1121 1032 0035 1032 0011 1215 
0007 0022 3267 2730 
0000 1302 
0007 0152 3271 1165 7261 4601 6346 6566 6357 1200 
0000 1303 0035 1025 
0007 0022 3306 2422 
0000 1304 1304 3021 0037 1025 1250 0621 5260 1215 1121 1121 0036 4240 0014 1004 1215 0601 5236 1004 1200 0621 4260 5236 1233 1233 1132 0036 0014 4305 1215 1121 
0007 0142 3310 4257 7201 4451 4257 5046 0140 
0000 1306 0035 1003 
0007 0162 3324 2223 1522 2615 2122 1521 2115 7257 
0000 1307 0024 4135 1011 0013 0001 5310 4305 1014 0012 5125 4300 1014 1126 0601 5313 1014 0012 5124 1215 
0007 0022 3342 3121 
0000 1314 
0007 0022 3344 2330 
0000 1315 0036 1233 1233 
0007 0012 3346 7300 
0000 1316 0035 1025 1121 1121 3033 0037 1025 1315 0621 5317 1025 1121 1121 3033 0037 1025 1121 1121 3033 0007 0027 1025 
0007 0022 3347 2227 
0000 1321 0621 5320 1025 1121 1121 3033 0037 1215 1314 1126 0036 1025 1121 1121 3033 0007 0027 1033 0011 1026 1121 0027 1025 
0007 0022 3351 2525 
0000 1322 0541 0014 1026 1126 0027 0014 1031 0011 0014 
0007 0022 3353 2226 
0000 1323 0016 1777 1323 1155 1226 3047 0017 5000 1323 0022 1050 1065 1060 0003 1155 1322 3047 0011 1127 1233 0023 4324 1127 1121 0023 1057 1100 0024 4205 1061 1132 0027 4325 1051 0011 
0007 0022 3355 2623 
0000 1326 1064 0004 1126 0006 1201 3051 1100 0024 0014 1061 1175 0561 4327 1064 1063 0027 1064 1121 0004 1064 3057 
0007 0022 3357 0101 
0000 1331 0620 5332 1064 1126 0601 5332 1064 1064 1126 0032 5330 1127 1121 1064 1126 0002 3056 0017 5000 1056 0011 1061 0040 0014 1127 1233 0023 1052 0040 1061 1146 0027 4324 1127 1121 0023 1062 1233 0601 4232 1127 1104 0017 5000 1127 1105 0017 5000 1127 1121 0023 0014 1127 1047 0017 5000 0014 1127 1026 0001 1130 
0007 0422 3361 6163 5257 6552 5750 0160 4444 6663 6352 5750 0117 1717 0161 5546 4264 4601 7042 5265 
0000 1334 0035 0014 0015 
0003 0335 0121 
0062 0002 0012 0010 0162 0014 0022 0014 0022 0017 0022 0022 0022 0025 0022 0030 0012 0034 0012 0035 0022 0036 0012 0040 0122 0041 0022 0053 0362 0077 0062 0135 0372 0143 0012 0202 0012 0203 0012 0204 0022 0205 0012 0207 0022 0210 0012 0212 0412 0216 0412 0216 0162 0216 0012 0216 0012 0217 0012 0220 0012 0221 0012 0222 0012 0223 0012 0224 0012 0225 0012 0226 0012 0227 0012 0230 2062 0260 0102 0274 0622 0334 0032 0463 2042 0262 1222 0260 0032 0377 2062 0466 2042 0470 0112 0676 0022 0707 0012 0711 0032 0712 0032 0715 0062 0720 0012 0676 4502 0726 0072 0730 0362 0737 0062 0775 0062 1003 0012 1011 0102 1012 0122 1162 0422 1376 0402 1400 1062 1440 1022 1546 1422 1650 1042 2012 1052 2116 1722 2224 0042 2420 0062 2424 0012 2432 0072 2433 0162 2442 0132 2460 0012 2473 0012 2474 0072 2475 0011 3321 0012 2504 0402 2505 0011 3420 0011 1626 0011 2062 0012 2545 0012 2546 0022 2547 0222 2551 0012 2573 0202 2574 0162 2614 0011 2542 0011 2533 0011 2021 0011 2046 0012 2632 0022 2633 0012 2635 0162 2636 0011 2035 0012 2654 0012 2655 0011 1744 0162 2656 0011 2056 0162 2674 0011 3270 0022 2712 0072 2714 0011 3205 0011 2072 0011 2124 0452 2723 0162 2770 0422 3006 0062 3050 0011 2506 0011 2154 0022 3056 0022 3060 0062 3062 0011 2211 0022 3070 0022 3072 0012 3074 0042 3075 0022 3101 0022 3103 0022 3105 0022 3107 0022 3111 0011 3476 0011 2271 0012 3113 0011 2454 0011 2314 0022 3114 0011 2342 0022 3116 0022 3120 0022 3122 0022 3124 0022 3126 0011 2440 0022 3130 0022 3132 0012 3134 0022 3135 0022 3137 0032 3141 0032 3144 0032 3147 0011 2457 0012 3152 0022 3153 0202 3155 0011 2542 0032 3175 0011 3415 0011 2577 0011 2601 0022 3200 0011 2643 0022 3202 0022 3204 0011 2704 0022 3206 0011 2746 0011 2722 0011 2775 0012 3210 0012 3211 0011 3203 0152 3212 0011 3210 0011 2742 0172 3227 0011 3252 0011 3047 0011 3120 0012 3246 0011 3050 0012 3247 0011 3011 0011 3011 0011 3015 0012 3250 0011 3117 0011 3100 0012 3251 0011 3263 0152 3252 0022 3267 0152 3271 0022 3306 0011 3244 0142 3310 0162 3324 0011 3312 0011 3305 0011 3311 0011 3316 0022 3342 0022 3344 0012 3346 0011 3331 0011 3336 0022 3347 0022 3351 0022 3353 0011 3577 0011 3554 0022 3355 0011 3543 0011 3505 0022 3357 0011 3526 0011 3604 0422 3361 
4566 5647 5545 4546 5547 5550 4465 5501 0101 6360 7001 0101 4460 5501 0101 5642 7101 0101 5652 5701 0101 6572 6146 0101 4257 6444 6555 4257 7244 5750 4451 4263 0101 4457 5044 6555 4546 4456 4255 4552 6456 4271 4560 6564 0101 4657 4501 0101 4657 6563 7201 4663 6344 6555 5257 4465 5501 5760 0101 0101 6544 5142 6301 6701 0101 0101 7051 4265 5760 7246 6401 0101 4355 4257 5464 5664 5001 0101 4255 6151 4201 4444 6122 0101 4444 6123 0101 4444 6124 0101 4444 6125 0101 4444 6126 0101 4444 6127 0101 4444 6130 0101 4444 6131 0101 4444 6132 0101 4444 6122 2101 4444 6122 2201 6560 6155 5257 6366 5745 6546 6560 6157 4256 6142 5046 0101 6560 6155 5723 6560 6131 2101 6142 5046 3121 6143 6647 0101 6155 5257 4601 4565 5642 6454 5552 5744 5765 5550 5745 6470 6142 5064 5273 6163 6544 6555 6560 4542 7201 4444 6131 2101 5055 4256 4264 4244 6557 6001 4546 6444 6301 4764 6544 4546 6444 5144 4546 6142 6346 5701 4366 4550 4665 6172 6344 6056 6552 6555 4601 6361 6557 4256 5546 5057 4522 5546 5057 4523 5546 5057 4524 5145 6322 0101 5145 6323 0101 6466 4351 4563 4244 6544 5765 4255 5501 0101 4456 6147 5550 4657 4557 6001 5642 6454 2201 5642 6454 2301 6163 4465 5501 6163 4544 5765 6465 6365 5760 6546 0000 
