0005 0002 0010 0403 0003 0010 0005 0402 
0002 0012 0002 7777 
0002 0052 0003 7773 
0002 0052 0010 7773 
0002 0052 0015 7773 
0002 0052 0022 7773 
0002 0052 0027 7773 
0002 0012 0034 7777 
0001 0122 0035 7766 
0001 0122 0047 7766 
0002 0072 0064 7771 
0001 0362 0073 7742 
0002 0062 0131 7772 
0002 0122 0137 7766 
0001 0032 0151 7775 
0001 0362 0154 7742 
0002 0072 0214 7771 
0001 0362 0223 7742 
0001 4012 0261 7377 
0007 0042 0664 2121 2122 
0000 0030 0670 
0007 0012 0670 2200 
0000 1031 
0007 0062 0671 5055 4256 4264 
0000 1032 1031 0034 0016 2000 
0007 0012 0677 2400 
0000 1033 
0007 0062 0700 5055 7060 6354 
0000 1034 1033 0034 0016 6000 1031 1024 1031 0020 1002 1027 0027 1030 0040 6036 1033 1015 1030 0020 0042 1023 
0007 0062 0706 7676 7676 7676 
0000 1037 0600 5036 1031 
0007 0012 0714 3000 
0000 1040 3011 1016 0025 4041 1001 0013 0001 5042 1017 1026 0024 1033 1015 1030 0021 5035 1017 
0007 0362 0715 1616 1616 1616 5760 6501 6057 0147 5255 4616 1616 1616 0101 0101 0101 0101 
0000 1043 0024 1033 1015 1030 0021 5035 6045 1031 1024 1005 0020 0042 1031 1040 3010 1025 0025 1006 
0007 0012 0753 2100 
0000 1046 0027 
0007 0022 0754 2326 
0000 1047 
0007 0022 0756 2421 
0000 1050 3026 
0007 0062 0760 2121 2121 2121 
0000 1051 0600 0014 1006 1031 0027 0014 1031 0022 1033 0022 0015 4053 4054 4055 0014 4054 0014 
0007 0022 0766 2325 
0000 1056 1031 1031 0036 1056 1031 
0007 0172 0770 6155 4642 6446 0170 4252 6501 1717 1700 
0000 1057 0035 0014 1001 0012 1003 1002 0027 1004 0012 1005 1003 1004 0002 1031 0002 
0007 0012 1007 2300 
0000 1061 0006 0027 4044 1010 1011 0600 5062 1005 1003 0601 5063 1010 1011 0660 5064 1004 1005 0027 5060 1003 1005 0027 5060 1007 0012 1005 1002 0027 1005 0040 4044 1001 1031 0601 0014 1006 1046 0601 5070 1010 1011 0600 0014 1007 1031 0621 5066 1010 1011 0660 5063 5066 1001 1031 0027 0014 1056 1031 1031 0036 0014 1007 1031 0027 5067 0015 
0003 0071 0032 
0012 0002 0052 0003 0052 0010 0052 0015 0052 0022 0052 0027 0012 0034 0122 0035 0122 0047 0012 0002 0012 0003 0012 0004 1302 0062 0072 0064 0362 0073 0062 0131 0122 0137 0032 0151 0362 0154 4502 0212 0072 0214 0362 0223 0042 0255 0042 0664 0012 0670 0062 0671 0012 0677 0062 0700 0011 0431 0011 0527 0062 0706 0012 0714 0011 0540 0011 0467 0362 0715 0011 0477 0011 0655 0012 0753 0022 0754 0022 0756 0062 0760 0011 0534 0011 0542 0011 0553 0011 0661 0022 0766 0172 0770 0011 0562 0012 1007 0011 0666 0011 0620 0011 0614 0011 0610 0011 0625 0011 0634 0011 0644 
4364 4465 5501 4364 4657 4501 4364 5152 0101 4364 5560 0101 4364 5652 4501 4364 6344 5760 4546 4755 4250 5642 6454 4672 6563 7154 4672 4444 6143 6423 4444 6143 6424 4444 6143 6425 5055 7060 6354 7054 4244 5760 7054 4546 6444 7054 4542 6546 7054 4256 6501 7054 6463 4446 7054 6346 4701 5055 4256 4264 4244 6557 6001 4546 6444 6301 6346 4444 5765 6346 4457 6001 1717 0000 
