0005 0007 0010 1706 0020 0010 0005 0402 
0001 0162 0002 7762 
0002 0012 0022 7777 
0007 0012 0023 2200 
0002 0022 0024 7776 
0002 0012 0026 7777 
0002 0122 0027 7766 
0002 0242 0041 7754 
0007 0022 0041 2125 
0007 0022 0043 2125 
0007 0022 0045 2126 
0007 0022 0047 2127 
0007 0022 0051 2130 
0007 0022 0053 2132 
0007 0022 0055 2221 
0007 0022 0057 2222 
0007 0022 0061 2224 
0007 0022 0063 2225 
0001 0362 0065 7742 
0007 0362 0065 1717 1717 1717 1717 1717 1717 1717 1717 1717 1717 1717 1717 1717 1717 1717 
0001 0062 0123 7772 
0007 0062 0123 4657 4501 0101 
0001 0372 0131 7741 
0002 0012 0170 7777 
0002 0012 0171 7777 
0007 0012 0172 2300 
0002 0022 0173 7776 
0002 0012 0175 7777 
0002 0022 0176 7776 
0007 0012 0200 2200 
0001 0412 0204 7737 
0002 0012 0250 7777 
0002 0052 0251 7773 
0002 0052 0256 7773 
0002 0052 0263 7773 
0002 0052 0270 7773 
0002 0052 0275 7773 
0002 0012 0302 7777 
0001 0122 0303 7766 
0001 0122 0315 7766 
0002 0032 0332 7775 
0002 2752 0335 7503 
0002 0072 0634 7771 
0001 0362 0643 7742 
0001 0042 0701 7774 
0001 0022 0705 7776 
0001 3732 0707 7405 
0001 0102 1304 7770 
0007 0102 1304 0101 0101 1601 0101 
0002 0072 1314 7771 
0002 0012 1323 7777 
0002 0022 1324 7776 
0002 0012 1326 7777 
0002 0062 1327 7772 
0007 0022 1327 2531 
0007 0022 1331 2526 
0007 0022 1333 2427 
0001 0022 1335 7776 
0007 0012 1335 7200 
0007 0012 1336 5700 
0000 0030 1060 4100 
0007 0012 1340 2200 
0000 1101 
0007 0062 1341 5055 4256 4264 
0000 1102 1101 0034 0016 2000 1101 1064 1101 0020 1046 1070 0027 
0007 0012 1347 3000 
0000 1103 
0007 0062 1350 5055 5257 6563 
0000 1104 1103 0034 0016 6000 1101 1101 1101 0036 1101 1101 
0007 0552 1356 4266 6560 5642 6552 4401 5257 6546 6347 4244 4601 6560 0150 2055 0116 0147 5255 4601 5642 5257 6546 5742 5744 4600 
0000 1106 0035 
0007 0012 1433 2600 
0000 1107 1024 0001 
0007 0022 1434 2321 
0000 1110 
0007 0312 1436 6155 4642 6446 0164 4655 4644 6501 4261 6155 5244 4265 5260 5700 
0000 1111 0035 
0007 0012 1467 2700 
0000 1112 1024 0001 
0007 0022 1470 2326 
0000 1113 
0007 0212 1472 2217 0143 6652 5545 0157 4670 0147 5255 4600 
0000 1114 0035 1103 1024 0001 1113 
0007 0272 1513 2317 0144 5142 5750 4601 4671 5264 6552 5750 0147 5255 4600 
0000 1115 0035 
0007 0012 1542 3100 
0000 1116 1024 0001 1113 
0007 0212 1543 2417 0161 6352 5765 0160 6665 0147 5255 4600 
0000 1117 0035 1001 
0007 0162 1564 2126 1525 3015 2122 1521 2215 0446 
0000 1121 0024 4122 1021 0013 0002 5105 5123 1075 1101 1101 3017 0026 1075 0013 0003 5124 5124 5125 1021 
0007 0012 1602 2400 
0000 1126 0027 5120 4127 1103 0022 1101 0041 4127 1103 0022 
0007 0012 1603 2300 
0000 1130 0041 1073 1101 0027 1130 1101 1101 0036 1075 1130 0601 5131 1130 1101 
0007 0162 1604 4366 5255 4501 5746 7001 4752 5546 
0000 1132 0035 5133 1103 1061 1101 0020 1130 1101 
0007 0242 1622 4451 4257 5046 0146 7152 6465 5257 5001 4752 5546 
0000 1134 0035 1107 1024 0001 1110 
0007 0502 1646 7051 5244 5101 6472 6465 4656 6401 4560 0172 6066 0170 5264 5101 6560 0152 5765 4663 4742 4446 0140 
0000 1135 0035 1112 1024 0001 1113 
0007 0252 1716 4244 4460 6657 6564 0163 4644 4652 6742 4355 4601 4000 
0000 1136 0035 1103 1024 0001 1113 
0007 0222 1743 4244 4460 6657 6564 0161 4272 4243 5546 0140 
0000 1137 0035 1116 1024 0001 1113 
0007 0112 1765 6142 7263 6055 5501 4000 
0000 1140 0035 1075 1130 0601 5141 1103 1024 0001 
0007 0022 1776 2526 
0000 1143 
0007 0012 2000 0100 
0000 1144 0035 1116 1024 0001 
0007 0022 2001 2427 
0000 1145 1144 0035 1074 0012 1103 
0007 0022 2003 2225 
0000 1147 3001 
0007 0102 2005 2122 1521 2115 7246 
0000 1150 0024 1074 0040 1002 1074 1107 0031 1003 1074 2076 0027 4122 1021 1101 0004 0013 0001 5105 1074 2062 1007 0027 1130 1130 3006 
0007 0012 2015 5700 
0000 1152 0024 1074 1126 0541 5151 5153 1112 1024 0001 
0007 0022 2016 2531 
0000 1154 1101 2062 2077 0035 1103 1024 0001 1143 1130 2062 2077 0035 1116 1024 0001 1145 1126 2062 2077 0035 1012 1130 0027 5155 1073 0013 0004 5142 5157 5160 5161 4163 1073 1101 0004 0013 0003 5160 5161 5105 1101 2062 1101 0621 5160 1012 0012 1073 1130 0027 1130 1101 1101 0036 1130 1101 
0007 0032 2020 4220 6300 
0000 1164 0035 
0007 0012 2023 2500 
0000 1165 1024 0001 1107 
0007 0532 2024 6155 4642 6446 0146 5765 4663 0165 5146 0142 4444 6066 5765 0147 6063 0165 5146 0147 6055 5560 7052 5750 3300 
0000 1166 0035 1107 1024 0001 
0007 0022 2077 2221 
0000 1167 
0007 0202 2101 2217 0142 2063 0144 4264 5101 1152 5712 
0000 1170 0035 1112 1024 0001 1167 
0007 0242 2121 2317 0145 5264 4460 6657 6564 0142 5555 6070 4645 
0000 1171 0035 1103 1024 0001 1167 
0007 0132 2145 2417 0142 2063 0160 6146 5700 
0000 1172 0035 1116 1024 0001 1167 
0007 0102 2160 2517 0164 4255 4664 
0000 1173 0035 
0007 0012 2170 3200 
0000 1174 1024 0001 1167 
0007 0172 2171 2617 0144 6346 4552 6501 5646 5660 6400 
0000 1175 0035 1107 1024 0001 
0007 0022 2210 2527 
0000 1176 
0007 0162 2212 2717 0145 4643 5265 0156 4656 6064 
0000 1177 0035 1112 1024 0001 1176 
0007 0222 2230 3017 0147 5257 4257 4446 0144 5142 6350 4664 
0000 1200 0035 1103 1024 0001 1176 
0007 0202 2252 3117 0160 6551 4663 0144 5142 6350 4664 
0000 1201 0035 1116 1024 0001 1176 
0007 0142 2272 3217 0164 4255 4664 0165 4271 
0000 1202 0035 1174 1024 0001 1143 
0007 0132 2306 2221 1701 4763 4652 5051 6500 
0000 1203 0035 1075 1130 0601 5204 1074 0012 1130 1130 3006 
0007 0012 2321 4600 
0000 1206 0024 1074 0040 1074 1112 0541 5210 1002 1074 1101 0032 1003 
0007 0022 2322 2727 
0000 1211 0027 5212 1002 1074 1165 0031 1003 
0007 0022 2324 2423 
0000 1213 0027 4214 1021 0013 0002 5157 5105 1045 0013 0001 5207 1012 0013 0001 5155 1074 1167 0541 5207 5155 1073 1130 0004 0013 0002 5216 5217 1025 1101 0541 5221 1025 1167 0661 5221 1074 1025 1101 0032 5207 1074 0012 1001 
0007 0052 2326 2125 1524 2300 
0000 1222 0024 1074 0040 1002 0040 1072 1074 2063 0027 4224 1002 1174 0541 5223 1003 1211 0601 5155 1001 
0007 0052 2333 2125 1527 2700 
0000 1225 0024 5223 1130 2062 1101 0621 5161 1073 1126 0027 1130 1101 1101 0036 1130 1101 
0007 0032 2340 4220 6100 
0000 1226 0035 1107 1024 0001 
0007 0022 2343 2226 
0000 1227 
0007 0562 2345 6155 4642 6446 0146 5765 4663 0165 5146 0142 4444 6066 5765 0104 6401 4760 6301 6551 4601 4760 5555 6070 5257 5033 
0000 1230 0035 1112 1024 0001 1110 
0007 0212 2423 2217 0142 2061 0144 4264 5101 1160 6665 1200 
0000 1231 0035 1103 1024 0001 1110 
0007 0222 2444 2317 0145 5264 4460 6657 6564 0165 4254 4657 
0000 1232 0035 1116 1024 0001 1110 
0007 0132 2466 2417 0142 2061 0160 6146 5700 
0000 1233 0035 1075 1130 0601 5234 1074 1167 0027 1130 1130 3006 1206 0024 1074 0040 1002 1074 1107 0032 1003 
0007 0022 2501 2521 
0000 1237 0027 4214 1021 0013 0002 5160 5105 1045 0013 0001 5236 1012 0013 0001 5155 1074 
0007 0022 2503 2224 
0000 1240 0541 5236 5155 1001 
0007 0052 2505 2127 1525 2100 
0000 1241 0024 1072 
0007 0022 2512 2222 
0000 1242 2063 0027 4224 1002 1103 0027 1072 
0007 0022 2514 2223 
0000 1243 2063 0027 4224 1002 1116 0027 1072 1240 2063 0027 4224 5155 1025 1101 0541 5221 1025 1126 0661 5221 1074 1025 1174 0031 5236 1126 2062 1101 0621 5105 1073 1165 0027 1130 1101 1101 0036 1130 1101 
0007 0072 2516 6142 7263 6055 5500 
0000 1244 0035 1126 1024 0001 1107 
0007 0562 2525 6155 4642 6446 0146 5765 4663 0165 5146 0142 4444 6066 5765 0104 6401 4760 6301 6551 4601 4760 5555 6070 5257 5033 
0000 1245 0035 1165 1024 0001 1167 
0007 0202 2603 2217 0161 6301 4442 6451 0111 6066 6512 
0000 1246 0035 1107 1024 0001 1167 
0007 0212 2623 2317 0164 4255 4263 5246 4501 7042 5046 6400 
0000 1247 0035 1112 1024 0001 1167 
0007 0172 2644 2417 0151 6066 6355 7201 7042 5046 6400 
0000 1250 0035 1103 1024 0001 1167 
0007 0202 2663 2517 0147 5244 4201 7052 6551 5146 5545 
0000 1251 0035 1116 1024 0001 1167 
0007 0172 2703 2617 0147 7065 0170 5265 5151 4655 4500 
0000 1252 0035 1174 1024 0001 1167 
0007 0172 2722 2717 0164 7065 0170 5265 5151 4655 4500 
0000 1253 0035 1167 1024 0001 1167 
0007 0172 2741 3017 0164 4552 0170 5265 5151 4655 4500 
0000 1254 0035 1165 1024 0001 1176 
0007 0172 2760 3117 0144 7065 0170 5265 5151 4655 4500 
0000 1255 0035 1107 1024 0001 1176 
0007 0232 2777 3217 0152 5764 6663 4257 4446 0145 4645 6644 6500 
0000 1256 0035 1112 1024 0001 1143 
0007 0202 3022 2221 1701 6657 5260 5701 4546 4566 4465 
0000 1257 0035 1103 1024 0001 1143 
0007 0232 3042 2222 1701 6442 6701 4360 5745 0145 4645 6644 6500 
0000 1260 0035 1116 1024 0001 1143 
0007 0172 3065 2223 1701 5652 6444 0145 4645 6644 6500 
0000 1261 0035 1174 1024 0001 1143 
0007 0272 3104 2224 1701 5646 4255 6401 1163 6465 6357 6501 6057 5572 1200 
0000 1262 0035 1167 1024 0001 1143 
0007 0262 3133 2225 1701 6552 6164 0111 6364 6563 5765 0160 5755 7212 
0000 1263 0035 1075 1130 0601 5264 1074 1240 0027 1130 1130 3006 1206 0024 1074 0040 1074 
0007 0022 3161 2322 
0000 1267 0541 5270 1002 1074 
0007 0022 3163 2230 
0000 1271 0032 1074 
0007 0022 3165 2327 
0000 1272 0561 5273 1003 
0007 0022 3167 2730 
0000 1274 0027 5275 1003 
0007 0022 3171 3021 
0000 1276 0027 5275 1002 1074 1167 0032 1003 
0007 0022 3173 2332 
0000 1277 0027 4214 1021 1130 0621 5300 1272 2063 0012 
0007 0022 3175 2330 
0000 1301 2063 0012 5155 1021 0013 0002 5161 5105 1045 0013 0001 5266 1012 0013 0001 5155 1074 1301 0541 5266 5155 1074 1240 0027 1001 
0007 0052 3177 2124 1523 3200 
0000 1302 0024 1074 0040 1002 0040 1072 1074 2063 0027 4224 1002 1167 0621 5304 1003 1274 0601 5155 1002 1167 0541 5303 1001 
0007 0052 3204 2124 1527 3000 
0000 1305 0024 5303 1025 1101 0541 5221 1025 1147 0661 5221 1074 1025 1243 0031 5266 1103 1061 1101 0021 1103 0022 1103 
0007 0062 3211 5055 5257 6563 
0000 1306 1103 0034 0016 6000 0014 1101 1165 3071 1101 1165 3072 0025 1112 1116 3071 1107 1103 3072 0025 1074 1272 0621 5307 1072 
0007 0012 3217 2100 
0000 1310 0601 0014 1174 1024 0001 1276 1071 0035 1107 1103 3072 1310 0621 0014 1174 1024 0001 
0007 0022 3220 3025 
0000 1311 
0007 0042 3222 0101 0101 
0000 1312 0035 0014 1002 1024 0001 1003 1071 0035 1107 1103 3072 1310 0621 0014 1002 1024 0001 1003 1165 0002 1312 0035 0014 1027 0011 1002 1024 0001 1003 1101 1116 3027 0035 1074 1272 0541 5313 1147 1147 3001 1206 0024 1103 1240 3001 
0007 0072 3226 2125 1521 2415 0400 
0000 1314 0024 4122 1130 1130 3006 1206 0024 1021 1310 0621 0014 1101 1165 3072 1101 1165 3017 0026 1002 1024 0001 1003 1165 0002 
0007 0012 3235 1600 
0000 1315 0035 1003 1003 1107 0031 1103 1147 3001 
0007 0102 3236 2124 1521 2115 0401 
0000 1316 0024 4122 1021 1310 0621 0014 1107 1103 3072 1101 1126 3017 0026 1017 1027 0600 4317 4320 1045 1310 0621 0014 1074 2063 1072 0027 0014 1002 1024 0001 1003 1101 0004 1101 1165 3027 0035 0014 1055 1072 0025 4321 1045 0013 0001 5322 1067 
0007 0022 3246 6764 
0000 1323 0600 0014 1067 
0007 0022 3250 6761 
0000 1324 0600 0014 1030 
0007 0402 3252 6160 6465 5257 5001 5760 6501 4255 5560 7046 4501 6560 0165 5152 6401 4244 4465 
0000 1325 0024 4327 1045 1101 0027 1074 1074 1101 0032 1130 1130 3006 1206 0024 0014 1030 
0007 0232 3312 4244 4460 6657 6501 5760 6501 6057 0147 5255 4600 
0000 1330 0024 5326 6332 1101 1064 1051 0020 0042 1054 1065 0025 1052 1101 0027 1113 
0007 0022 3335 2421 
0000 1333 3066 
0007 0062 3337 2121 2121 2121 
0000 1334 0620 0014 1052 0012 0014 1021 1126 0601 4335 1002 1024 0001 1003 1101 1004 3015 0035 1002 1024 0001 1003 1004 0002 
0007 0032 3345 0101 0100 
0000 1337 0035 1002 1024 0001 1003 1310 0036 4340 1017 0011 1021 0012 1011 0012 1011 0040 1023 1011 1011 3017 0037 1023 1213 0601 5343 1023 1267 0601 5336 1023 
0007 0022 3350 2324 
0000 1344 0601 5345 1023 1240 0601 5346 1023 1116 0601 5347 1023 1310 0621 5342 1011 1004 0661 5350 5341 1011 1101 0601 5342 1011 1011 1101 0032 1011 1011 3017 0011 1002 1024 0001 1003 1011 0002 1101 0004 
0007 0012 3352 1700 
0000 1351 0035 1002 1024 0001 1003 1011 0002 1101 0004 1310 0036 5342 1006 
0007 0012 3353 7200 
0000 1352 0600 5353 1021 1101 0027 1030 
0007 0152 3354 5760 6501 6163 6044 4664 6446 4500 
0000 1354 0024 4327 1012 0012 0014 1130 1130 3006 1016 0620 5355 1002 1024 0001 1003 1016 0035 1021 1130 0027 0014 1030 
0007 0172 3371 4657 4501 5760 6501 4255 5560 7046 4500 
0000 1356 0024 5357 1011 1101 0004 1005 0541 5360 1006 1352 0600 5361 1017 1016 0600 5347 1006 
0007 0012 3410 0400 
0000 1362 0600 5363 1006 1152 0600 5363 0014 1130 1130 3006 1016 0620 5364 1101 1011 3017 1016 0600 5341 1006 1352 0600 5353 1030 
0007 0102 3411 6560 6001 5560 5750 
0000 1366 0024 4327 1002 1024 0001 1003 1011 0002 1101 0004 1144 0035 1002 1024 0001 1003 1011 0002 1101 0004 1310 0036 1011 1011 3017 0011 5342 1030 
0007 0112 3421 6560 6001 6451 6063 6500 
0000 1370 0024 5357 6371 1013 1101 1004 1101 0002 3017 0026 0042 1013 1310 0601 4372 1130 1130 3006 1315 0600 0014 1013 1310 0541 5357 0014 1006 1152 0600 0014 1011 1101 0661 0014 1002 1024 0001 1003 
0007 0012 3432 2100 
0000 1373 0035 0014 1030 
0007 0172 3433 5666 6465 0143 4601 5766 5646 6352 4400 
0000 1374 0024 5357 1007 1101 0027 1017 1352 0600 0014 1007 1130 0027 1017 1152 0600 0014 1130 1130 3006 1027 0600 5353 1017 1027 0620 5353 1017 1130 1130 3006 0024 1002 1024 0001 1003 1011 0002 1101 0004 1130 1130 3006 0035 1130 1130 3006 1152 0600 0014 1007 1101 0027 0014 4375 5336 1030 
0007 0152 3452 5257 6742 5552 4501 4657 6563 7200 
0000 1376 0024 1030 1337 0600 5335 4375 1020 1101 0601 0014 
0007 0022 3467 2325 
0000 1377 1101 1030 0035 1030 0011 1377 1274 
0007 0152 3471 1165 7261 4601 6346 6566 6357 1200 
0000 1400 0035 1023 
0007 0022 3506 2422 
0000 1401 1401 3017 0037 1023 1240 0621 5327 1377 1101 1101 0036 4340 0014 1002 1377 0601 5336 1002 1243 0621 4327 5336 1310 1310 1103 0036 0014 4402 1377 1101 
0007 0142 3510 4257 7201 4451 4257 5046 0140 
0000 1403 0035 1001 
0007 0162 3524 2223 1522 2615 2122 1521 2115 7257 
0000 1404 0024 4122 1007 0013 0001 5405 4402 1012 0012 5162 4375 1012 1130 0601 5407 1012 1101 0027 1377 1267 
0007 0102 3542 7051 4265 0104 0140 
0000 1410 0035 1001 
0007 0162 3552 2223 1524 2215 2123 1521 2215 0401 
0000 1411 0024 1020 1101 0027 4122 1020 0012 1021 0013 0001 5155 1025 1101 1130 3017 0026 5215 1012 0012 5156 1377 
0007 0022 3570 3121 
0000 1412 1301 0036 1310 1310 
0007 0012 3572 7300 
0000 1413 0035 1023 1101 1101 3031 0037 1023 1301 0621 5414 1023 1101 1101 3031 0037 1023 1101 1101 3031 0007 0027 1023 
0007 0022 3573 2227 
0000 1416 0621 5415 1023 1101 1101 3031 0037 1377 1412 1130 0036 1023 1101 1101 3031 0007 0027 1031 0011 1024 1101 0027 1023 
0007 0022 3575 2525 
0000 1417 0541 0014 1024 1130 0027 0014 1027 0011 0014 4127 4420 4421 0014 1377 1101 1101 0036 1377 1101 
0007 0172 3577 6155 4642 6446 0170 4252 6501 1717 1700 
0000 1422 0035 0014 1045 0012 1047 1046 0027 1050 0012 1051 1047 1050 0002 1101 0002 1130 0006 0027 4331 1054 1055 0600 5424 1051 1047 0601 5425 1054 1055 0660 5426 1050 1051 0027 5423 1047 1051 0027 5423 1053 0012 1051 1046 0027 1051 0040 4331 1045 1101 0601 0014 1052 1310 0601 5432 1054 1055 0600 0014 1053 1101 0621 5430 1054 1055 0660 5425 5430 1045 1101 0027 0014 1377 1101 1101 0036 0014 1053 1101 0027 5431 0015 
0003 0433 0101 
0162 0002 0022 0002 0022 0005 0022 0010 0022 0013 0022 0016 0012 0022 0012 0023 0022 0024 0012 0026 0122 0027 0022 0041 0362 0065 0062 0123 0372 0131 0012 0170 0012 0171 0012 0172 0022 0173 0012 0175 0022 0176 0012 0200 0412 0204 0412 0204 0162 0204 0012 0204 0012 0205 0012 0206 0012 0207 0012 0210 0012 0211 0012 0212 0012 0213 0012 0214 0012 0215 0012 0216 0012 0250 0052 0251 0052 0256 0052 0263 0052 0270 0052 0275 0012 0302 0122 0303 0122 0315 0012 0250 0012 0251 0012 0252 3022 0330 0012 0332 0072 0335 4502 0632 0072 0634 0362 0643 0022 0705 0042 0675 0102 1304 0072 1314 0012 1323 0022 1324 0012 1326 0022 1327 0012 1335 0011 4463 0012 1340 0062 1341 0012 1347 0062 1350 0011 1735 0552 1356 0012 1433 0022 1434 0312 1436 0012 1467 0022 1470 0212 1472 0272 1513 0012 1542 0212 1543 0011 1775 0162 1564 0011 3635 0011 2025 0011 2037 0011 2032 0012 1602 0011 4566 0012 1603 0011 2057 0162 1604 0011 2067 0242 1622 0502 1646 0252 1716 0222 1743 0112 1765 0011 2205 0011 2123 0022 1776 0012 2000 0022 2001 0011 2137 0022 2003 0102 2005 0011 2146 0012 2015 0011 2235 0022 2016 0011 4400 0011 2241 0011 2261 0011 2546 0011 2734 0011 2250 0011 3271 0032 2020 0012 2023 0532 2024 0022 2077 0202 2101 0242 2121 0132 2145 0102 2160 0012 2170 0172 2171 0022 2210 0162 2212 0222 2230 0202 2252 0142 2272 0132 2306 0011 2514 0011 2411 0012 2321 0011 2420 0011 2436 0022 2322 0011 2445 0022 2324 0011 3404 0011 2470 0011 2717 0011 3254 0011 2477 0011 4421 0052 2326 0011 2521 0011 3306 0052 2333 0032 2340 0022 2343 0562 2345 0212 2423 0222 2444 0132 2466 0011 2666 0011 2622 0011 2632 0022 2501 0022 2503 0052 2505 0022 2512 0022 2514 0072 2516 0562 2525 0202 2603 0212 2623 0172 2644 0202 2663 0172 2703 0172 2722 0172 2741 0172 2760 0232 2777 0202 3022 0232 3042 0172 3065 0272 3104 0262 3133 0011 3215 0011 3112 0011 3122 0022 3161 0011 3150 0022 3163 0022 3165 0011 3144 0022 3167 0011 3157 0022 3171 0022 3173 0011 3173 0022 3175 0052 3177 0011 3223 0011 3244 0052 3204 0062 3211 0011 3357 0012 3217 0022 3220 0042 3222 0011 3427 0072 3226 0012 3235 0102 3236 0011 3530 0011 3543 0011 4562 0011 3604 0022 3246 0022 3250 0402 3252 0011 3566 0011 4320 0232 3312 0011 3610 0011 4701 0022 3335 0062 3337 0011 4315 0011 3641 0032 3345 0011 4557 0011 3676 0011 3700 0011 3742 0022 3350 0011 4003 0011 4045 0011 4021 0011 4074 0012 3352 0012 3353 0011 4313 0152 3354 0011 4041 0172 3371 0011 4362 0011 4151 0011 4230 0012 3410 0011 4155 0011 4110 0011 4110 0102 3411 0011 4117 0112 3421 0011 4224 0011 4205 0012 3432 0172 3433 0011 4373 0152 3452 0022 3467 0152 3471 0022 3506 0011 4354 0142 3510 0162 3524 0011 4422 0011 4415 0011 4460 0102 3542 0162 3552 0022 3570 0012 3572 0011 4473 0011 4500 0022 3573 0022 3575 0011 4577 0011 4705 0172 3577 0011 4606 0011 4712 0011 4644 0011 4640 0011 4634 0011 4651 0011 4660 0011 4670 
4465 5501 0101 6360 7001 0101 4460 5501 0101 5642 7101 0101 5652 5701 0101 6572 6146 0101 4257 6444 6555 4257 7244 5750 4451 4263 0101 4457 5044 6555 4546 4456 4255 4552 6456 4271 4560 6564 0101 4657 4501 0101 4657 6563 7201 4663 6344 6555 5257 4465 5501 5760 0101 0101 6544 5142 6301 6701 0101 0101 7051 4265 5760 7246 6401 0101 4355 4257 5464 5664 5001 0101 4255 6151 4201 4444 6122 0101 4444 6123 0101 4444 6124 0101 4444 6125 0101 4444 6126 0101 4444 6127 0101 4444 6130 0101 4444 6131 0101 4444 6132 0101 4444 6122 2101 4444 6122 2201 4364 4465 5501 4364 4657 4501 4364 5152 0101 4364 5560 0101 4364 5652 4501 4364 6344 5760 4546 4755 4250 5642 6454 4672 6563 7154 4672 4444 6143 6423 4444 6143 6424 4444 6143 6425 5055 5257 6563 6472 6465 4656 4244 4465 0101 5055 4256 4264 4244 6557 6001 4546 6444 6301 4764 6544 4523 6346 4444 5765 4242 4465 5760 4542 4465 5760 4564 6144 4546 5201 0101 0101 6446 5546 4465 6472 6465 4243 7246 6457 6001 6546 6352 
