0005 0002 0010 1143 0007 0010 0005 0402 
0001 0122 0002 7766 
0007 0122 0002 6366 5701 4542 6546 3301 
0001 0102 0014 7770 
0001 0302 0024 7750 
0001 0622 0054 7716 
0001 0402 0136 7740 
0001 0052 0176 7773 
0007 0052 0176 6142 5046 0100 
0007 0032 0203 2121 2200 
0001 2042 0210 7574 
0001 0112 0416 7767 
0007 0112 0416 1771 7120 7171 2071 7100 
0002 0022 0427 7776 
0002 0012 0431 7777 
0007 0032 0432 2224 2300 
0002 0032 0435 7775 
0002 0062 0440 7772 
0010 6560 4542 7201 0062 0440 
0002 0032 0450 7775 
0002 2752 0453 7503 
0001 0372 0752 7741 
0007 0372 0752 5257 6546 6347 4244 4601 6560 0150 2055 0147 5255 4601 6163 5257 6516 6066 6500 
0001 0352 1014 7743 
0007 0352 1014 4546 6444 6352 6165 5260 5701 0101 0101 0101 0101 4244 4460 6657 6516 0400 
0001 0232 1056 7755 
0007 0232 1056 6472 6465 4656 6401 5257 6546 6347 4244 4645 3300 
0001 0022 1101 7776 
0001 0122 1103 7766 
0001 0212 1120 7757 
0007 0212 1120 4220 6301 4442 6451 0111 5257 1201 0101 0100 
0001 0212 1141 7757 
0007 0212 1141 4552 6444 6066 5765 6401 4255 5560 7046 4500 
0001 0212 1162 7757 
0007 0212 1162 4220 6301 6061 4657 0101 0101 0101 0101 0100 
0001 0212 1203 7757 
0007 0212 1203 6442 5546 6401 0101 0101 0101 0101 0101 0100 
0001 0212 1224 7757 
0007 0212 1224 4463 4645 5265 0156 4656 6064 0101 0101 0100 
0001 0212 1245 7757 
0007 0212 1245 4546 4352 6501 5646 5660 6401 0101 0101 0100 
0001 0212 1266 7757 
0007 0212 1266 4752 5742 5744 4601 4451 4263 5046 6401 0100 
0001 0212 1307 7757 
0007 0212 1307 6065 5146 6301 4451 4263 5046 6401 0101 0100 
0001 0212 1330 7757 
0007 0212 1330 6442 5546 6401 6542 7101 0101 0101 0101 0100 
0001 0212 1351 7757 
0007 0212 1351 4763 4652 5051 6501 0101 0101 0101 0101 0100 
0001 0212 1372 7757 
0007 0212 1372 4220 6101 4442 6451 0111 6066 6512 0101 0100 
0001 0212 1413 7757 
0007 0212 1413 4552 6444 6066 5765 6401 6542 5446 5701 0100 
0001 0212 1434 7757 
0007 0212 1434 4220 6101 6061 4657 0101 0101 0101 0101 0100 
0001 0212 1455 7757 
0007 0212 1455 6442 5542 6352 4645 0170 4250 4664 0101 0100 
0001 0212 1476 7757 
0007 0212 1476 6442 5542 6352 4645 0170 4250 4664 0101 0100 
0001 0212 1517 7757 
0007 0212 1517 5160 6663 5572 0170 4250 4664 0101 0101 0100 
0001 0212 1540 7757 
0007 0212 1540 4752 4442 0170 5265 5151 4655 4501 0101 0100 
0001 0212 1561 7757 
0007 0212 1561 4770 6501 7052 6551 5146 5545 0101 0101 0100 
0001 0212 1602 7757 
0007 0212 1602 6470 6501 7052 6551 5146 5545 0101 0101 0100 
0001 0212 1623 7757 
0007 0212 1623 6445 5201 7052 6551 5146 5545 0101 0101 0100 
0001 0212 1644 7757 
0007 0212 1644 4470 6501 7052 6551 5146 5545 0101 0101 0100 
0001 0212 1665 7757 
0007 0212 1665 5257 6466 6342 5744 4601 4546 4566 4465 0100 
0001 0212 1706 7757 
0007 0212 1706 6657 5260 5701 4546 4566 4465 5260 5701 0100 
0001 0212 1727 7757 
0007 0212 1727 6442 6752 5750 6401 4360 5745 0145 4645 0100 
0001 0212 1750 7757 
0007 0212 1750 5652 6444 0145 4645 6644 6501 0101 0101 0100 
0001 0212 1771 7757 
0007 0212 1771 5646 4255 6401 0101 0101 0101 0101 0101 0100 
0001 0212 2012 7757 
0007 0212 2012 6552 6164 0101 0101 0101 0101 0101 0101 0100 
0001 0022 2036 7776 
0007 0022 2040 2122 
0001 0102 2042 7770 
0007 0102 2042 7171 7171 1671 7171 
0002 0022 2052 7776 
0002 0012 2054 7777 
0000 0030 1464 4040 
0007 0012 2056 2300 
0000 1041 
0007 0012 2057 2200 
0000 1042 1042 0036 1041 1042 
0007 0112 2060 6163 5257 6516 6066 6500 
0000 1043 0035 
0007 0012 2071 2700 
0000 1044 1037 0001 
0007 0022 2072 2321 
0000 1045 
0007 0422 2074 6163 5257 6552 5750 0160 4444 6663 6352 5750 0117 1717 0161 5546 4264 4601 7042 5265 
0000 1046 0035 
0007 0012 2136 3000 
0000 1047 
0007 0062 2137 5055 5257 6563 
0000 1050 1047 0034 0016 2000 1047 1021 1042 0020 1042 2022 1042 0621 5052 1042 1041 3031 
0007 0022 2145 4263 
0000 1053 0024 1034 
0007 0012 2147 2400 
0000 1054 0027 1041 2022 1042 0621 5055 1034 1042 0601 5056 1034 1034 3031 
0007 0012 2150 1500 
0000 1057 0024 1034 1034 1041 0031 1034 1034 1042 0002 3031 
0007 0022 2151 4261 
0000 1060 0024 1034 1034 1041 0031 1054 2022 1042 0621 5061 1034 1042 0601 5062 1034 1034 3031 1057 0024 1034 1034 1041 0031 1034 1034 1042 0002 3031 
0007 0022 2153 6163 
0000 1063 0024 4064 1042 2022 1042 0621 5065 1034 0012 5066 1041 2022 1042 0621 5067 1044 1042 0023 1034 
0007 0022 2155 2222 
0000 1070 0027 5071 1054 2022 1042 0621 5072 1044 1042 0023 1034 
0007 0022 2157 2225 
0000 1073 0027 5074 1034 0040 1034 1070 0601 5065 1034 1073 0601 5067 1034 
0007 0022 2161 2330 
0000 1075 0661 5072 1042 
0007 0022 2163 2230 
0000 1076 3011 1034 2032 0024 
0007 0022 2165 2322 
0000 1077 
0007 0022 2167 2331 
0000 1100 3011 1034 2023 1035 0003 4101 5066 1044 
0007 0012 2171 2100 
0000 1102 0023 1047 0022 1102 0041 1014 1042 0027 1044 1030 0017 5000 1044 1042 0023 1013 1013 1041 0031 0014 
0007 0022 2172 2226 
0000 1104 0016 1777 1104 
0007 0022 2174 2522 
0000 1105 
0007 0022 2176 3225 
0000 1106 3001 0017 5000 1104 0022 1002 1017 1012 0003 1105 
0007 0022 2200 2525 
0000 1107 3001 0011 1044 1102 0023 1015 
0007 0022 2202 3121 
0000 1110 0027 4111 4112 1044 1042 0023 1011 1025 0024 4101 1013 1047 0027 4113 1003 0011 
0007 0022 2204 2623 
0000 1114 1016 0004 1041 0006 
0007 0022 2206 2621 
0000 1115 3003 1025 0024 
0007 0022 2210 2324 
0000 1116 
0007 0022 2212 3023 
0000 1117 3006 
0007 0022 2214 2526 
0000 1120 1106 3001 0024 
0007 0022 2216 3024 
0000 1121 
0007 0022 2220 3025 
0000 1122 3006 0011 
0007 0022 2222 3026 
0000 1123 
0007 0022 2224 3123 
0000 1124 3006 
0007 0032 2226 2223 3000 
0000 1125 
0007 0032 2231 2224 2500 
0000 1126 3001 0024 0014 0014 1013 
0007 0022 2234 2721 
0000 1127 0561 4130 1016 1015 0027 1016 1042 0004 1016 3011 
0007 0022 2236 0101 
0000 1132 0620 5133 1016 1041 0601 5133 1016 1016 1041 0032 5131 1044 1042 1016 1041 0002 3010 0017 5000 1010 0011 1013 0040 0014 1044 1102 0023 1004 0040 1013 
0007 0012 2240 2600 
0000 1134 0027 4112 1044 1042 0023 1014 1102 0601 4103 1044 1026 0017 5000 1044 1027 0017 5000 1044 1042 0023 0014 1007 1004 0027 1044 1006 0017 5000 0014 1044 1001 0017 5000 0014 1044 1037 0001 1045 
0007 0422 2241 6163 5257 6552 5750 0160 4444 6663 6352 5750 0117 1717 0161 5546 4264 4601 7042 5265 
0000 1136 0035 0014 
0007 0022 2303 2325 
0000 1137 1110 1075 0036 1102 1102 
0007 0012 2305 7300 
0000 1140 0035 1036 1042 1042 3033 0037 1036 1075 0621 5141 1036 1042 1042 3033 0037 1036 1042 1042 3033 0007 0027 1036 
0007 0022 2306 2227 
0000 1143 0621 5142 1036 1042 1042 3033 0037 1137 1110 1041 0036 1036 1042 1042 3033 0007 0027 1033 0011 1037 1042 0027 1036 1107 0541 0014 1037 1041 0027 0014 0015 
0003 0144 0041 
2062 0000 0102 0014 0622 0054 0032 0203 2042 0002 1222 0000 0032 0117 2062 0206 2042 0210 0112 0416 0022 0427 0012 0431 0032 0432 0032 0435 0062 0440 0012 0416 3022 0446 0012 0450 0072 0453 0412 0750 0372 0752 0372 1012 0022 1052 0412 1054 0122 1103 0212 1120 0022 2036 0022 2040 0102 2042 0022 2052 0012 2054 0011 1660 0012 2056 0012 2057 0112 2060 0012 2071 0022 2072 0422 2074 0012 2136 0062 2137 0011 1177 0011 1214 0022 2145 0012 2147 0011 1251 0011 1236 0012 2150 0022 2151 0011 1302 0011 1273 0022 2153 0011 1426 0011 1313 0011 1343 0011 1327 0022 2155 0011 1351 0011 1400 0022 2157 0011 1355 0022 2161 0022 2163 0022 2165 0022 2167 0011 1533 0012 2171 0011 1407 0022 2172 0022 2174 0022 2176 0022 2200 0022 2202 0011 1507 0011 1634 0011 1611 0022 2204 0022 2206 0022 2210 0022 2212 0022 2214 0022 2216 0022 2220 0022 2222 0022 2224 0032 2226 0032 2231 0022 2234 0011 1600 0011 1542 0022 2236 0011 1563 0012 2240 0011 1651 0422 2241 0022 2303 0012 2305 0011 1670 0011 1675 0022 2306 
6560 6155 5257 6366 5745 6546 6560 6157 4256 6142 5046 0101 6560 6155 5723 6560 6131 2101 6142 5046 3121 6143 6647 0101 6155 5257 4601 4565 5642 6454 5552 5744 5765 5550 5745 6470 6142 5064 5273 6163 6544 6555 6560 4542 7201 4444 6131 2101 5055 5257 6563 6472 6465 4656 4244 4465 0101 6552 6555 4601 6361 6557 4256 5145 6322 0101 5145 6323 0101 5546 5057 4501 6472 6455 6465 4244 6551 4563 4255 6151 4201 5201 0101 0101 5642 6454 0101 6544 5142 6301 6701 0101 0101 6546 0000 
