0005 0002 0010 1666 0020 0010 0005 0402 
0001 0162 0002 7762 
0002 0012 0022 7777 
0007 0012 0023 2200 
0002 0022 0024 7776 
0002 0012 0026 7777 
0002 0122 0027 7766 
0002 0242 0041 7754 
0007 0022 0041 2125 
0007 0022 0043 2125 
0007 0022 0045 2126 
0007 0022 0047 2127 
0007 0022 0051 2130 
0007 0022 0053 2132 
0007 0022 0055 2221 
0007 0022 0057 2222 
0007 0022 0061 2224 
0007 0022 0063 2225 
0001 0362 0065 7742 
0007 0362 0065 1717 1717 1717 1717 1717 1717 1717 1717 1717 1717 1717 1717 1717 1717 1717 
0001 0062 0123 7772 
0007 0062 0123 4657 4501 0101 
0001 0372 0131 7741 
0002 0012 0170 7777 
0002 0012 0171 7777 
0007 0012 0172 2300 
0002 0022 0173 7776 
0002 0012 0175 7777 
0002 0022 0176 7776 
0007 0012 0200 2200 
0001 0412 0204 7737 
0001 0122 0250 7766 
0007 0122 0250 6366 5701 4542 6546 3301 
0001 0102 0262 7770 
0001 0302 0272 7750 
0001 0622 0322 7716 
0001 0402 0404 7740 
0001 0052 0444 7773 
0007 0052 0444 6142 5046 0100 
0007 0032 0451 2121 2200 
0001 2042 0456 7574 
0001 0112 0664 7767 
0007 0112 0664 1771 7120 7171 2071 7100 
0002 0022 0675 7776 
0002 0012 0677 7777 
0007 0032 0700 2224 2300 
0002 0032 0703 7775 
0002 0062 0706 7772 
0010 6560 4542 7201 0062 0706 
0002 0072 0716 7771 
0002 0062 0725 7772 
0002 0122 0733 7766 
0001 0032 0745 7775 
0001 0362 0750 7742 
0002 0072 1010 7771 
0001 0362 1017 7742 
0001 0062 1055 7772 
0001 0062 1063 7772 
0001 0012 1071 7777 
0001 3642 1072 7414 
0001 0342 1460 7744 
0007 0342 1460 5046 5746 6342 5501 5546 4550 4663 0165 6352 4255 0143 4255 4257 4446 
0001 0032 1516 7775 
0007 0032 1516 4760 6300 
0001 0012 1521 7777 
0001 0032 1522 7775 
0007 0032 1522 6551 4600 
0001 0012 1525 7777 
0001 0062 1526 7772 
0007 0062 1526 6146 6352 6045 
0001 0022 1534 7776 
0001 0102 1536 7770 
0001 0022 1546 7776 
0001 0022 1550 7776 
0007 0022 1550 6560 
0001 0022 1552 7776 
0001 0102 1554 7770 
0001 0152 1566 7763 
0007 0152 1566 1616 1616 1616 1616 1616 1616 1600 
0001 0072 1603 7771 
0007 0072 1603 4244 4460 6657 6500 
0001 0232 1612 7755 
0007 0232 1612 1616 1616 1616 1616 1616 1616 1616 1616 1616 1600 
0001 0062 1635 7772 
0001 0112 1643 7767 
0007 0112 1643 4346 5052 5757 5257 5000 
0001 0052 1654 7773 
0001 0032 1661 7775 
0007 0032 1661 6563 7100 
0001 0172 1664 7761 
0001 0052 1703 7773 
0007 0052 1703 4546 4352 6500 
0001 0112 1710 7767 
0001 0062 1721 7772 
0007 0062 1721 4463 4645 5265 
0001 0052 1727 7773 
0001 0362 1734 7742 
0007 0362 1734 1616 1616 1616 1616 6563 7101 6346 4746 6346 5744 4616 1616 1616 1616 1616 
0001 0032 1774 7775 
0001 0022 1777 7776 
0007 0022 1777 5760 
0001 0052 2001 7773 
0001 0132 2006 7765 
0007 0132 2006 4546 6444 6352 6165 5260 5700 
0001 0302 2021 7750 
0001 0072 2051 7771 
0007 0072 2051 4342 5542 5744 4600 
0001 0072 2060 7771 
0001 0042 2067 7774 
0007 0042 2067 4542 6546 
0001 0022 2073 7776 
0001 0062 2075 7772 
0007 0062 2075 6460 6663 4446 
0001 0062 2103 7772 
0001 0062 2111 7772 
0007 0062 2111 4256 6066 5765 
0001 0102 2117 7770 
0001 0062 2127 7772 
0007 0062 2127 4256 6066 5765 
0001 0072 2135 7771 
0001 0122 2144 7766 
0007 0122 2144 5746 6516 4451 4257 5046 
0001 0062 2156 7772 
0001 0122 2164 7766 
0007 0122 2164 4657 4552 5750 1643 4255 
0001 0032 2200 7775 
0007 0032 2200 4255 5500 
0002 0122 2203 7766 
0001 0022 2215 7776 
0007 0022 2215 4463 
0002 0122 2217 7766 
0002 0122 2231 7766 
0002 0012 2243 7777 
0002 0062 2244 7772 
0002 0062 2252 7772 
0002 0012 2260 7777 
0002 0062 2261 7772 
0007 0072 2267 2121 2121 2121 6200 
0001 0152 2276 7763 
0007 0152 2276 7171 1571 7171 1571 7171 1771 7100 
0002 0032 2313 7775 
0002 0062 2316 7772 
0002 0062 2324 7772 
0002 0122 2332 7766 
0002 0122 2344 7766 
0002 0122 2356 7766 
0000 0030 2056 4132 
0007 0012 2370 2200 
0000 1133 1133 1133 0036 1133 1133 
0007 0342 2371 5046 5746 6342 5501 5546 4550 4663 0165 6352 4255 0143 4255 4257 4446 
0000 1134 0035 
0007 0012 2425 2600 
0000 1135 1024 0001 
0007 0022 2426 2321 
0000 1136 
0007 0612 2430 6155 4642 6446 0146 5765 4663 0143 4655 6070 0147 6063 0165 5146 0161 4663 5260 4501 6560 0143 4601 6346 6160 6365 4645 3300 
0000 1137 0035 
0007 0012 2511 2700 
0000 1140 1024 0001 
0007 0022 2512 2326 
0000 1141 
0007 0152 2514 6465 4263 6552 5750 0145 4265 4600 
0000 1142 0035 
0007 0012 2531 3000 
0000 1143 1024 0001 1141 
0007 0132 2532 4657 4552 5750 0145 4265 4600 
0000 1144 0035 1143 1024 0001 
0007 0022 2545 2521 
0000 1146 1133 0036 1001 
0007 0162 2547 2127 1525 2115 2127 1521 2615 4501 
0000 1147 0024 4150 1021 0013 0001 5145 1126 1133 1140 3017 0026 1001 
0007 0162 2565 2130 1525 2115 2127 1521 2615 4501 
0000 1152 0024 4150 1021 0013 0001 5145 1116 1133 1140 3017 0026 
0007 0012 2603 3100 
0000 1153 1024 0001 1136 
0007 0542 2604 7051 5244 5101 6163 6047 5265 0144 4657 6546 6311 6412 0140 0111 6057 4601 4460 4546 0160 6301 0342 5555 0312 
0000 1154 0035 1001 
0007 0162 2660 2131 1527 2715 2124 1521 2115 4201 
0000 1156 0024 4150 1021 0013 0001 5145 1017 1027 0600 4157 1017 1110 0600 4157 6160 1124 1133 
0007 0012 2676 2400 
0000 1161 3017 0026 0042 5162 1017 0011 1153 1024 0001 
0007 0022 2677 2727 
0000 1163 1110 0035 0014 4164 5155 
0007 0012 2701 3200 
0000 1165 1024 0001 1136 
0007 0322 2702 6163 5257 6501 6563 4257 6442 4465 5260 5701 4546 6542 5255 0140 
0000 1166 0035 1001 
0007 0162 2734 2132 1525 3115 2122 1521 2215 7257 
0000 1167 0024 4150 1021 0013 0001 5145 1115 1007 0027 1012 
0007 0012 2752 2300 
0000 1170 0027 5171 1170 1133 1133 0036 4173 1115 0013 0001 5174 
0007 0022 2753 2723 
0000 1175 
0007 0022 2755 2725 
0000 1176 3106 0011 
0007 0032 2757 2221 2600 
0000 1177 
0007 0032 2762 2224 2500 
0000 1200 3106 0011 1175 
0007 0022 2765 3024 
0000 1201 3107 0011 1133 1170 3125 1135 1140 3126 0027 1161 1140 3125 1133 
0007 0012 2767 2500 
0000 1202 3126 0027 1133 1170 3117 1135 1140 3116 0027 1161 1140 3117 1133 1202 3116 0027 1104 1126 1056 0003 1105 1116 1056 0003 4203 1133 
0007 0062 2770 5055 4256 4264 
0000 1204 1133 0034 0016 2000 1170 
0007 0062 2776 7265 4550 5565 
0000 1205 1170 0034 0016 2000 1170 1065 0017 5206 1170 1065 0017 5206 1124 
0007 0012 3004 2100 
0000 1210 0601 5211 1135 1143 3066 1124 0621 5207 1133 1170 3121 1135 1140 3067 0027 1161 1140 3121 1133 1202 3067 0027 1121 1117 0661 5207 1066 1122 0621 4212 1135 1135 3076 
0007 0012 3005 6700 
0000 1213 0620 5207 1121 1125 0541 5214 1115 1133 0004 0013 0001 5215 1115 1133 0601 4216 
0007 0022 3006 2631 
0000 1217 
0007 0022 3010 2726 
0000 1220 3055 1067 1056 0003 
0007 0022 3012 2731 
0000 1221 
0007 0022 3014 3021 
0000 1222 3055 1071 0024 
0007 0032 3016 2221 2400 
0000 1223 
0007 0032 3021 2224 2300 
0000 1224 3055 1072 0024 1070 1210 0661 5225 
0007 0022 3024 3127 
0000 1226 
0007 0022 3026 3231 
0000 1227 3055 1070 1123 0003 1113 1113 1070 0031 5230 
0007 0022 3030 3023 
0000 1231 
0007 0022 3032 3125 
0000 1232 3055 1070 1123 0003 1114 1114 1070 0031 1120 1133 0601 4233 4234 5207 1140 1133 0023 1057 0040 1120 0012 0014 1070 1210 0661 5235 1113 1113 1070 0031 5207 1114 1114 1070 0031 5207 1111 1111 1070 0031 5207 
0007 0022 3034 2522 
0000 1236 
0007 0022 3036 2624 
0000 1237 3055 1111 1123 0003 1127 1127 1111 0031 1111 1210 0541 4240 1115 1133 0004 0013 0001 5241 1115 0012 0014 
0007 0022 3040 2625 
0000 1242 
0007 0022 3042 2626 
0000 1243 3055 1112 0024 0014 1060 1133 0027 1140 1103 0017 5000 1140 1133 0023 1057 1057 1170 0031 0014 1122 1133 0005 0601 5245 1135 1135 3076 1213 0620 5245 1231 1232 3055 1114 1123 0003 1226 1227 3055 1113 1123 0003 
0007 0032 3044 2221 2300 
0000 1246 
0007 0032 3047 2222 2500 
0000 1247 3055 1114 1113 0002 1123 0003 1114 1113 0002 1210 0541 4250 
0007 0032 3052 2222 3100 
0000 1251 
0007 0032 3055 2224 2100 
0000 1252 3055 1111 1114 0002 1113 0002 1123 0003 1111 1114 0002 1113 0002 1210 0541 4253 1131 1131 1114 0031 1130 1130 1113 0031 1115 1133 0004 0013 0001 5216 1114 1113 0004 1210 0601 4216 
0007 0022 3060 2632 
0000 1254 1222 3055 
0007 0142 3062 4244 4465 0165 6065 4255 6433 
0000 1255 0024 1114 1210 0621 5256 1113 1210 0621 5256 
0007 0022 3076 2630 
0000 1257 
0007 0022 3100 3030 
0000 1260 3055 
0007 0252 3102 1157 6001 6563 7101 6551 5264 0142 4444 6066 5765 1200 
0000 1261 0024 1115 1133 0027 1140 1133 0023 1057 0040 1057 
0007 0022 3127 2721 
0000 1262 0541 5263 1120 1210 0621 5263 1057 1254 0027 4234 1140 1133 0023 1057 0040 1120 1133 0027 1114 0012 1113 0012 1111 0012 4264 1122 1066 0027 0014 1074 1066 0561 5265 1133 1073 0017 5267 1141 
0007 0022 3131 2421 
0000 1270 3075 
0007 0062 3133 2121 2121 2121 
0000 1271 0600 5266 5264 1133 0022 1133 
0007 0062 3141 5055 4256 4264 
0000 1272 1133 0034 0016 2000 1133 1202 3055 1133 1202 3066 0025 1135 1135 3055 
0007 0012 3147 1600 
0000 1273 0024 1140 1153 3055 1135 1143 3066 
0007 0042 3150 1771 7171 
0000 1274 0003 1074 1066 0661 5275 1135 1135 3076 1213 0620 5276 
0007 0022 3154 2221 
0000 1277 
0007 0022 3156 2432 
0000 1300 3055 1075 0024 0014 
0007 0022 3160 2222 
0000 1301 1300 3055 
0007 0352 3162 1313 0145 4664 4463 5261 6552 6057 0157 6065 0160 5701 4752 5546 0113 1300 
0000 1302 0024 0014 1277 1300 3055 
0007 0412 3217 1313 0157 6065 0142 0167 4255 5245 0161 6064 6552 5750 0142 4444 6066 5765 0113 1300 
0000 1303 0024 0014 
0007 0032 3260 2222 2600 
0000 1304 
0007 0032 3263 2222 2700 
0000 1305 3055 1112 0024 0014 
0007 0032 3266 2224 2200 
0000 1306 1224 3055 1112 0024 0014 4212 1054 0011 
0007 0022 3271 2322 
0000 1307 
0007 0022 3273 2424 
0000 1310 3055 
0007 0152 3275 5063 4257 4501 6560 6542 5564 3300 
0000 1311 0024 1236 1237 3055 1127 1123 0003 1127 1210 0541 4240 1231 1232 3055 1130 1123 0003 1226 1227 3055 1130 1123 0003 1013 1131 1130 0031 1246 1247 3055 1013 1123 0003 1013 1210 0541 4250 1013 1127 1131 0002 1130 0031 1251 1252 3055 1013 1123 0003 1013 1210 0541 4253 1140 1133 0023 4234 1140 1210 0023 1133 1133 1133 0036 1133 0022 1170 0022 0015 1002 1024 0001 1003 1133 1004 3015 0035 1002 1024 0001 1003 1004 0002 
0007 0032 3312 0101 0100 
0000 1313 0035 1002 1024 0001 1003 1210 0036 4314 1017 0011 1021 0012 1011 0012 1011 0040 1023 1011 1011 3017 0037 1023 
0007 0022 3315 2423 
0000 1317 0601 5320 1023 1307 0601 5312 1023 
0007 0022 3317 2324 
0000 1321 0601 5322 1023 
0007 0022 3321 2224 
0000 1323 0601 5324 1023 1153 0601 5325 1023 1210 0621 5316 1011 1004 0661 5326 5315 1011 1133 0601 5316 1011 1011 1133 0032 1011 1011 3017 0011 1002 1024 0001 1003 1011 0002 1133 0004 
0007 0012 3323 1700 
0000 1327 0035 1002 1024 0001 1003 1011 0002 1133 0004 1210 0036 5316 1006 
0007 0012 3324 7200 
0000 1330 0600 5331 1021 1133 0027 1030 
0007 0152 3325 5760 6501 6163 6044 4664 6446 4500 
0000 1332 0024 4333 1012 0012 0014 1170 1170 3006 1016 0620 5334 1002 1024 0001 1003 1016 0035 1021 1170 0027 0014 1030 
0007 0172 3342 4657 4501 5760 6501 4255 5560 7046 4500 
0000 1335 0024 5336 1011 1133 0004 1005 0541 5337 1006 1330 0600 5340 1017 1016 0600 5325 1006 
0007 0012 3361 4500 
0000 1341 0600 5342 0014 1170 1170 3006 1016 0620 5343 1133 1011 3017 1016 0600 5315 1006 1330 0600 5331 4333 1002 1024 0001 1003 1011 0002 1133 0004 
0007 0012 3362 0100 
0000 1346 0035 1002 1024 0001 1003 1011 0002 1133 0004 1210 0036 1011 1011 3017 0011 5316 5336 6347 1133 1140 3013 1133 1140 3017 0026 0042 1133 1140 3013 1210 0601 0014 1133 1170 3013 1133 0541 5347 1133 1170 3013 
0007 0022 3363 2223 
0000 1350 0661 5347 1161 1202 3013 1133 0541 5347 1161 1202 3013 
0007 0022 3365 2422 
0000 1351 0661 5347 1013 1133 1140 3017 0026 1013 1210 0541 5347 1133 1153 3031 1013 
0007 0112 3367 1771 7120 7171 2071 7100 
0000 1353 0003 1002 1024 0001 1003 1133 1153 3031 0035 1031 0011 4314 0014 5336 1007 1133 0027 1017 1330 0600 0014 1007 1170 0027 1017 
0007 0012 3400 5700 
0000 1354 0600 0014 1170 1170 3006 1027 0600 5331 1017 1027 0620 5331 1017 1170 1170 3006 0024 1002 1024 0001 1003 1011 0002 1133 0004 1170 1170 3006 0035 1170 1170 3006 1354 0600 0014 1007 1133 0027 0014 4355 5312 1030 
0007 0152 3401 5257 6742 5552 4501 4657 6563 7200 
0000 1356 0024 1030 1313 0600 5164 4355 1020 1133 0601 0014 
0007 0022 3416 2325 
0000 1357 1133 1030 0035 1030 0011 1357 
0007 0022 3420 2730 
0000 1360 
0007 0152 3422 1165 7261 4601 6346 6566 6357 1200 
0000 1361 0035 1023 1351 1351 3017 0037 1023 1323 0621 5333 1357 1133 1133 0036 4314 0014 1002 1357 0601 5312 1002 1350 0621 4333 5312 1210 1210 1143 0036 0014 4362 1357 1133 
0007 0142 3437 4257 7201 4451 4257 5046 0140 
0000 1363 0035 1001 
0007 0162 3453 2223 1522 2615 2122 1521 2115 7257 
0000 1364 0024 4150 1007 0013 0001 5365 4362 1012 0012 5172 4355 1012 1170 0601 5370 1012 0012 5145 1357 
0007 0022 3471 3121 
0000 1371 
0007 0022 3473 2330 
0000 1372 0036 1210 1210 
0007 0012 3475 7300 
0000 1373 0035 1023 1133 1133 3031 0037 1023 1372 0621 5374 1023 1133 1133 3031 0037 1023 1133 1133 3031 0007 0027 1023 
0007 0022 3476 2227 
0000 1376 0621 5375 1023 1133 1133 3031 0037 1357 1371 1170 0036 1023 1133 1133 3031 0007 0027 1031 0011 1024 1133 0027 1023 
0007 0022 3500 2525 
0000 1377 0541 0014 1024 1170 0027 0014 1027 0011 0014 
0007 0022 3502 2226 
0000 1400 0016 1777 1400 1236 
0007 0022 3504 3225 
0000 1401 3045 0017 5000 1400 0022 1046 1063 1056 0003 1236 1377 3045 0011 1140 1210 0023 4402 1140 1133 0023 1055 1102 0024 4234 1057 1143 0027 4403 1047 0011 
0007 0022 3506 2623 
0000 1404 1062 0004 1170 0006 
0007 0022 3510 2621 
0000 1405 3047 1102 0024 0014 1057 1262 0561 4406 1062 1061 0027 1062 1133 0004 1062 3055 
0007 0022 3512 0101 
0000 1410 0620 5411 1062 1170 0601 5411 1062 1062 1170 0032 5407 1140 1133 1062 1170 0002 3054 0017 5000 1054 0011 1057 0040 0014 1140 1210 0023 1050 0040 1057 1135 0027 4402 1140 1133 0023 1060 1210 0601 4244 1140 1106 0017 5000 1140 1107 0017 5000 1140 1133 0023 0014 1140 1045 0017 5000 0014 1140 1024 0001 1136 
0007 0422 3514 6163 5257 6552 5750 0160 4444 6663 6352 5750 0117 1717 0161 5546 4264 4601 7042 5265 
0000 1412 0035 0014 0015 
0003 0413 0133 
0162 0002 0022 0002 0022 0005 0022 0010 0022 0013 0022 0016 0012 0022 0012 0023 0022 0024 0012 0026 0122 0027 0022 0041 0362 0065 0062 0123 0372 0131 0012 0170 0012 0171 0012 0172 0022 0173 0012 0175 0022 0176 0012 0200 0412 0204 0412 0204 0162 0204 0012 0204 0012 0205 0012 0206 0012 0207 0012 0210 0012 0211 0012 0212 0012 0213 0012 0214 0012 0215 0012 0216 2062 0246 0102 0262 0622 0322 0032 0451 2042 0250 1222 0246 0032 0365 2062 0454 2042 0456 0112 0664 0022 0675 0012 0677 0032 0700 0032 0703 0062 0706 0012 0664 0722 0714 0072 0716 0062 0725 0122 0733 0032 0745 0362 0750 4502 1006 0072 1010 0362 1017 0062 1055 0062 1063 0012 1071 0362 1456 0342 1460 0502 1514 0102 1536 0102 1554 2062 1564 2042 1772 0032 2200 0122 2203 0022 2215 0122 2217 0122 2231 0012 2243 0062 2244 0062 2252 0012 2260 0062 2261 0072 2267 0152 2276 0032 2313 0062 2316 0062 2324 0122 2332 0122 2344 0122 2356 0011 3723 0012 2370 0342 2371 0012 2425 0022 2426 0612 2430 0012 2511 0022 2512 0152 2514 0012 2531 0132 2532 0011 1724 0022 2545 0162 2547 0011 3115 0011 1747 0162 2565 0012 2603 0542 2604 0011 1772 0162 2660 0011 2022 0011 2033 0012 2676 0011 2035 0022 2677 0011 3607 0012 2701 0322 2702 0162 2734 0012 2752 0011 3672 0011 2062 0011 4206 0011 2107 0022 2753 0022 2755 0032 2757 0032 2762 0022 2765 0012 2767 0011 4022 0062 2770 0062 2776 0011 3001 0011 2174 0012 3004 0011 2212 0011 2452 0012 3005 0011 2371 0011 2353 0011 2376 0022 3006 0022 3010 0022 3012 0022 3014 0032 3016 0032 3021 0011 2323 0022 3024 0022 3026 0011 2335 0022 3030 0022 3032 0011 2343 0011 4100 0011 2364 0022 3034 0022 3036 0011 2425 0011 2617 0022 3040 0022 3042 0011 2433 0011 2651 0032 3044 0032 3047 0011 2765 0032 3052 0032 3055 0011 2773 0022 3060 0142 3062 0011 2607 0022 3076 0022 3100 0252 3102 0022 3127 0011 2632 0011 2656 0011 2705 0011 2662 0011 2675 0022 3131 0062 3133 0062 3141 0012 3147 0042 3150 0011 2751 0011 2757 0022 3154 0022 3156 0022 3160 0352 3162 0412 3217 0032 3260 0032 3263 0032 3266 0022 3271 0022 3273 0152 3275 0011 3115 0032 3312 0011 4017 0011 3152 0011 3154 0022 3315 0011 3216 0022 3317 0011 3257 0022 3321 0011 3321 0011 3275 0011 3344 0012 3323 0012 3324 0011 3605 0152 3325 0011 3612 0011 3315 0172 3342 0011 3654 0011 3416 0011 3522 0012 3361 0011 3417 0011 3360 0011 3360 0011 3364 0012 3362 0011 3521 0022 3363 0022 3365 0011 3477 0112 3367 0012 3400 0011 3665 0152 3401 0022 3416 0022 3420 0152 3422 0011 3646 0142 3437 0162 3453 0011 3714 0011 3707 0011 3713 0011 3720 0022 3471 0022 3473 0012 3475 0011 3733 0011 3740 0022 3476 0022 3500 0022 3502 0022 3504 0011 4201 0011 4156 0022 3506 0022 3510 0011 4145 0011 4107 0022 3512 0011 4130 0422 3514 
4465 5501 0101 6360 7001 0101 4460 5501 0101 5642 7101 0101 5652 5701 0101 6572 6146 0101 4257 6444 6555 4257 7244 5750 4451 4263 0101 4457 5044 6555 4546 4456 4255 4552 6456 4271 4560 6564 0101 4657 4501 0101 4657 6563 7201 4663 6344 6555 5257 4465 5501 5760 0101 0101 6544 5142 6301 6701 0101 0101 7051 4265 5760 7246 6401 0101 4355 4257 5464 5664 5001 0101 4255 6151 4201 4444 6122 0101 4444 6123 0101 4444 6124 0101 4444 6125 0101 4444 6126 0101 4444 6127 0101 4444 6130 0101 4444 6131 0101 4444 6132 0101 4444 6122 2101 4444 6122 2201 6560 6155 5257 6366 5745 6546 6560 6157 4256 6142 5046 0101 6560 6155 5723 6560 6131 2101 6142 5046 3121 6143 6647 0101 6155 5257 4601 4565 5642 6454 5552 5744 5765 5550 5745 6470 6142 5064 5273 6163 6544 6555 6560 4542 7201 4444 6131 2101 7265 4550 5565 5055 4244 5760 5055 4542 6546 5055 4256 6501 5055 6463 4446 5055 6346 4701 5055 4256 4264 4244 6557 6001 4546 6444 6301 4764 6544 4546 6444 5144 4546 6142 6346 5701 6552 6555 4601 6361 6557 4256 5550 5745 0101 5550 5745 6522 5550 5745 6523 5145 6322 0101 5145 6323 0101 4255 5501 0101 4346 5043 4255 4463 0101 0101 4463 4256 6501 4563 4256 6501 4565 5544 6555 4657 4565 4601 4657 4565 4623 4760 6356 6470 5055 4565 4623 5564 6542 4457 5642 6454 0101 6147 4401 0101 6465 6345 6523 6465 6365 4565 6560 6543 4301 6560 6544 6301 6560 6545 6301 6546 6352 
