0005 0002 0010 1443 0017 0010 0005 0402 
0001 0162 0002 7762 
0002 0012 0022 7777 
0007 0012 0023 2200 
0002 0022 0024 7776 
0002 0012 0026 7777 
0002 0122 0027 7766 
0002 0242 0041 7754 
0007 0022 0041 2125 
0007 0022 0043 2125 
0007 0022 0045 2126 
0007 0022 0047 2127 
0007 0022 0051 2130 
0007 0022 0053 2132 
0007 0022 0055 2221 
0007 0022 0057 2222 
0007 0022 0061 2224 
0007 0022 0063 2225 
0001 0362 0065 7742 
0007 0362 0065 1717 1717 1717 1717 1717 1717 1717 1717 1717 1717 1717 1717 1717 1717 1717 
0001 0062 0123 7772 
0007 0062 0123 4657 4501 0101 
0001 0372 0131 7741 
0002 0012 0170 7777 
0002 0012 0171 7777 
0007 0012 0172 2300 
0002 0022 0173 7776 
0002 0012 0175 7777 
0002 0022 0176 7776 
0007 0012 0200 2200 
0001 0412 0204 7737 
0002 0012 0250 7777 
0002 0052 0251 7773 
0002 0052 0256 7773 
0002 0052 0263 7773 
0002 0052 0270 7773 
0002 0052 0275 7773 
0002 0012 0302 7777 
0001 0122 0303 7766 
0001 0122 0315 7766 
0002 0072 0332 7771 
0001 0362 0341 7742 
0002 0062 0377 7772 
0002 0122 0405 7766 
0001 0032 0417 7775 
0001 0362 0422 7742 
0001 1162 0462 7662 
0002 0042 0600 7774 
0002 0042 0604 7774 
0002 0072 0612 7771 
0001 0362 0621 7742 
0001 0062 0657 7772 
0001 0062 0665 7772 
0001 0012 0673 7777 
0001 3642 0674 7414 
0002 0012 1264 7777 
0001 0222 1265 7756 
0007 0062 1265 4245 4501 0101 
0007 0062 1273 4451 4257 5046 
0007 0062 1301 4546 5546 6546 
0002 0072 1307 7771 
0001 0032 1316 7775 
0002 0042 1321 7774 
0002 0012 1325 7777 
0000 0030 1142 4111 
0007 0012 1326 2200 
0000 1112 1112 1112 0036 1112 1112 
0007 0542 1327 5046 5746 6342 5501 5546 4550 4663 0165 6342 5764 4244 6552 6057 0146 5765 6372 0142 5745 0146 4552 6552 5750 
0000 1113 0035 
0007 0012 1403 2400 
0000 1114 
0007 0062 1404 5055 7060 6354 
0000 1115 1114 0034 0016 6000 1114 1070 1112 0020 1112 
0007 0062 1412 5055 4256 4264 
0000 1116 1112 0034 0016 6000 1112 1073 1112 0020 1046 1101 0027 1061 0011 
0007 0012 1420 2300 
0000 1120 1112 1112 0036 
0007 0012 1421 2600 
0000 1121 1024 0001 
0007 0022 1422 2321 
0000 1122 
0007 0312 1424 6155 4642 6446 0164 4655 4644 6501 4261 6155 5244 4265 5260 5700 
0000 1123 0035 
0007 0012 1455 2700 
0000 1124 1024 0001 
0007 0022 1456 2326 
0000 1125 
0007 0262 1460 2217 0146 5765 4663 0111 4245 4512 0157 4670 0165 6371 
0000 1126 0035 
0007 0012 1506 3000 
0000 1127 1024 0001 1125 
0007 0262 1507 2317 0144 5142 5750 4601 4671 5264 6552 5750 0165 6371 
0000 1130 0035 
0007 0012 1535 3100 
0000 1131 1024 0001 1125 
0007 0262 1536 2417 0145 4655 4665 4601 4671 5264 6552 5750 0165 6371 
0000 1132 0035 
0007 0012 1564 3200 
0000 1133 1024 0001 1125 
0007 0262 1565 2517 0161 6352 5765 0165 6371 0146 4552 6501 5552 6465 
0000 1134 0035 
0007 0022 1613 2221 
0000 1135 1024 0001 1125 
0007 0332 1615 2617 0161 6064 6501 6563 7101 6560 0150 2055 0165 6371 0147 5255 4600 
0000 1136 0035 1001 
0007 0162 1650 2126 1525 3015 2122 1521 2215 0446 
0000 1140 0024 4141 1021 0013 0002 5117 5142 1110 1112 1112 3017 0026 1110 0013 0005 5143 5143 5143 5144 5145 1021 1114 0027 5137 1124 1024 0001 1122 
0007 0442 1666 6163 6044 4664 6452 5750 0160 4444 6663 6352 5750 0117 1717 0161 5546 4264 4601 7042 5265 
0000 1147 0035 0014 1114 0022 1112 0041 1120 1112 1112 0036 1120 1112 
0007 0112 1732 4645 5265 0155 5264 6500 
0000 1150 0035 4146 1114 0022 1120 0041 1112 1112 1112 0036 1112 1112 
0007 0172 1743 6160 6465 5257 5001 5020 5501 6563 7100 
0000 1151 0035 4146 1114 0022 0015 1012 0012 1065 0012 1120 1112 1110 2104 0035 1120 1127 1112 0036 1114 1024 0001 1122 
0007 0202 1762 2217 0150 2055 0142 4444 6066 5765 0104 
0000 1152 0035 1121 1024 0001 1122 
0007 0232 2002 2317 0165 6342 5764 4244 6552 6057 0145 4265 4600 
0000 1153 0035 1124 1024 0001 1122 
0007 0172 2025 2417 0145 4643 5265 0142 5660 6657 6500 
0000 1154 0035 1127 1024 0001 1122 
0007 0202 2044 2517 0144 6346 4552 6501 4256 6066 5765 
0000 1155 0035 1131 1024 0001 1122 
0007 0222 2064 2617 0164 6066 6344 4601 4560 4466 5646 5765 
0000 1156 0035 1133 1024 0001 1122 
0007 0142 2106 2717 0163 4647 4663 4657 4446 
0000 1157 0035 1110 0013 0001 5160 1114 1024 0001 
0007 0022 2122 2232 
0000 1161 
0007 0012 2124 1300 
0000 1162 0035 1131 1024 0001 1161 1162 0035 1110 1112 0661 5163 1071 1072 1112 0004 0561 5164 1114 1024 0001 
0007 0022 2125 2524 
0000 1165 1120 0036 
0007 0012 2127 2500 
0000 1166 1024 0001 
0007 0022 2130 2323 
0000 1167 1120 0036 1103 0012 1001 
0007 0162 2132 2124 1525 2415 2125 1521 2115 0446 
0000 1170 0024 4141 1021 0013 0002 5143 5117 1110 1112 0621 5171 1017 1027 0600 5172 1112 1166 3105 1112 1166 3017 0026 1114 1024 0001 
0007 0022 2150 2530 
0000 1173 
0007 0012 2152 1600 
0000 1174 0035 1001 
0007 0162 2153 2124 1525 3115 2124 1521 2115 0401 
0000 1175 0024 4141 1021 0013 0001 5143 1121 1127 3105 1112 1114 3017 0026 1017 1027 0600 4176 1110 1112 0601 5177 1012 
0007 0012 2171 2100 
0000 1200 0601 5201 1055 1105 0025 4202 1045 0013 0001 5204 4205 1103 0013 0001 5206 1166 1024 0001 
0007 0022 2172 2324 
0000 1207 1075 0035 1062 1105 0027 1063 1075 0024 1012 0013 0001 5210 5211 6213 1112 1073 1051 0020 0042 1054 1074 0025 1052 1112 0027 1125 
0007 0022 2174 2421 
0000 1214 3075 
0007 0062 2176 2121 2121 2121 
0000 1215 0620 0014 1052 0012 0014 1121 1121 3076 
0007 0012 2204 6700 
0000 1216 0600 0014 1121 1124 3076 
0007 0022 2205 5765 
0000 1217 0600 0014 1103 1112 0027 0014 1030 
0007 0252 2207 4244 4460 6657 6501 0401 5760 6501 6057 0147 5255 4600 
0000 1220 0024 4221 5160 1030 
0007 0402 2234 6160 6465 5257 5001 5760 6501 4255 5560 7046 4501 6560 0165 5152 6401 4244 4465 
0000 1222 0024 4221 5160 1114 1024 0001 1173 1120 0036 0014 1112 1131 3031 1074 
0007 0112 2274 1771 7171 7116 7171 7100 
0000 1223 0003 1114 1024 0001 1165 1112 1131 3031 0035 1121 1127 3074 1200 0601 4176 5203 1001 
0007 0162 2305 2126 1525 2415 2127 1521 2115 4501 
0000 1224 0024 4141 1021 0013 0001 5143 1017 1027 0600 5225 1064 1112 1124 3017 0026 1012 0013 0001 5210 5226 1013 1064 0027 4227 1064 1200 0601 5211 1012 0013 0001 5210 1065 1200 0541 5230 1001 
0007 0162 2323 2127 1525 2415 2221 1521 2115 0501 
0000 1231 0024 4141 1021 0013 0001 5143 1065 1112 1135 3017 0026 1065 1200 0601 5232 1012 0013 0001 5210 5201 1065 1200 0661 5230 1001 
0007 0162 2341 2130 1525 2415 2221 1521 2115 0501 
0000 1233 0024 4141 1021 0013 0001 5143 1065 1112 1135 3017 0026 1065 1200 0601 5226 1065 1065 1112 0005 0001 0027 1012 0013 0001 5210 1001 
0007 0162 2357 2131 1525 2415 2124 1521 2115 4201 
0000 1234 0024 4141 1021 0013 0001 5143 1017 1027 0600 5235 1106 1112 1114 3017 0024 1110 1112 0601 5240 1012 1200 0601 5241 1066 1106 0024 1012 0013 0001 5210 5242 1011 1112 0661 5236 1131 1024 0001 1165 1066 0035 1106 1066 0024 5237 1001 
0007 0162 2375 2132 1525 2415 2421 1521 2115 4201 
0000 1243 0024 4141 1021 0013 0001 5143 1017 1027 0600 5244 1067 1112 1214 3017 0024 5210 1011 1112 0661 5245 1133 1024 0001 1165 1067 0035 5210 1025 0013 0006 5160 5211 5226 5232 5201 5242 5230 4250 1110 0013 0002 5251 5252 4250 1107 1112 0027 1107 1071 0601 5254 1107 0040 6254 1114 1061 1107 0020 0042 1062 1105 0621 5253 1066 1106 0620 5253 1064 1200 0601 5253 1001 
0007 0052 2413 2126 1525 2400 
0000 1256 0024 1013 1064 0027 4227 1124 1024 0001 1165 1120 0036 1127 1024 0001 1165 1120 0036 1065 1200 0661 5257 1002 1127 0027 1013 1065 1112 0005 0001 0027 4260 5261 1002 1124 0027 1013 1065 0027 4260 1131 1024 0001 1165 1066 0035 1133 1024 0001 1165 1067 0035 
0007 0022 2420 2325 
0000 1262 1112 1112 0036 1262 1112 
0007 0132 2422 6352 5051 6501 6563 7101 4000 
0000 1263 0035 1001 
0007 0162 2435 2223 1522 2515 2122 1521 2115 7257 
0000 1264 0024 4141 1007 1112 0004 0013 0001 5253 1110 1120 0601 5210 1064 0012 5252 1030 
0007 0172 2453 6563 7101 5760 6501 6057 0147 5255 4600 
0000 1265 0024 4221 5143 1071 0040 1114 1061 1071 0021 1114 1070 1112 0021 1114 1070 1072 0021 5143 1114 1061 1107 0021 1107 1072 1120 0006 0541 5266 1114 1070 1112 0021 5267 1114 1070 1072 0021 1110 1120 0601 5143 1030 
0007 0132 2472 6563 7101 4546 5546 6546 4500 
0000 1270 0024 4221 5143 1112 1112 1112 0036 1124 1024 0001 1122 
0007 0402 2505 4752 5546 0157 6070 0147 6655 5501 1601 6446 4601 5257 6465 6366 4465 5260 5764 
0000 1271 0035 1124 1024 0001 
0007 0022 2545 3121 
0000 1272 
0007 0012 2547 0100 
0000 1273 0035 1131 0041 1021 1114 0601 4274 1002 1024 0001 1003 1112 1004 3015 0035 1002 1024 0001 1003 1004 0002 
0007 0032 2550 0101 0100 
0000 1276 0035 1002 1024 0001 1003 1200 0036 4277 1017 0011 1021 0012 1011 0012 1011 0040 1023 1011 1011 3017 0037 1023 
0007 0022 2553 2423 
0000 1302 0601 5303 1023 
0007 0022 2555 2322 
0000 1304 0601 5275 1023 1207 0601 5305 1023 
0007 0022 2557 2224 
0000 1306 0601 5307 1023 1131 0601 5310 1023 1200 0621 5301 1011 1004 0661 5311 5300 1011 1112 0601 5301 1011 1011 1112 0032 1011 1011 3017 0011 1002 1024 0001 1003 1011 0002 1112 0004 
0007 0012 2561 1700 
0000 1312 0035 1002 1024 0001 1003 1011 0002 1112 0004 1200 0036 5301 1006 
0007 0012 2562 7200 
0000 1313 0600 5314 1021 1112 0027 1030 
0007 0152 2563 5760 6501 6163 6044 4664 6446 4500 
0000 1315 0024 4221 1012 0012 0014 1120 1120 3006 1016 0620 5316 1002 1024 0001 1003 1016 0035 1021 1120 0027 0014 1030 
0007 0172 2600 4657 4501 5760 6501 4255 5560 7046 4500 
0000 1317 0024 5320 1011 1112 0004 1005 0541 5321 1006 1313 0600 5322 1017 1016 0600 5310 1006 
0007 0012 2617 0400 
0000 1323 0600 5324 1006 
0007 0012 2620 5700 
0000 1325 0600 5324 1006 
0007 0012 2621 4500 
0000 1326 0600 5327 1006 
0007 0012 2622 0500 
0000 1330 0600 5331 1006 
0007 0012 2623 5100 
0000 1332 0600 5331 0014 1120 1120 3006 1016 0620 5333 1112 1011 3017 1016 0600 5300 1006 1313 0600 5314 1030 
0007 0102 2624 6560 6001 5560 5750 
0000 1335 0024 4221 1002 1024 0001 1003 1011 0002 1112 0004 1273 0035 1002 1024 0001 1003 1011 0002 1112 0004 1200 0036 1011 1011 3017 0011 5301 1030 
0007 0112 2634 6560 6001 6451 6063 6500 
0000 1337 0024 5320 6340 1013 1112 1004 1112 0002 3017 0026 0042 1013 1200 0601 4341 1120 1120 3006 1174 0600 0014 1013 1200 0541 5320 0014 1006 1325 0600 0014 1011 1112 0661 0014 1002 1024 0001 1003 
0007 0012 2645 2100 
0000 1342 0035 0014 1030 
0007 0172 2646 5666 6465 0143 4601 5766 5646 6352 4400 
0000 1343 0024 5320 1031 1013 0025 1011 0012 5345 6346 1112 1124 3013 1112 1124 3017 0026 0042 1112 1124 3013 1200 0601 0014 1112 1120 3013 1112 0541 5346 1112 1120 3013 
0007 0022 2665 2223 
0000 1347 0661 5346 1114 1166 3013 1112 0541 5346 1114 1166 3013 
0007 0022 2667 2422 
0000 1350 0661 5346 1013 1112 1124 3017 0026 1013 1200 0541 5346 1112 1131 3031 1013 
0007 0112 2671 1771 7120 7171 2071 7100 
0000 1351 0003 1002 1024 0001 1003 1112 1131 3031 0035 1031 0011 4277 0014 1030 
0007 0212 2702 6664 4601 4760 6356 4265 0156 5645 4572 7200 
0000 1352 0024 5320 6340 1013 1112 1004 1112 0002 3017 0026 0042 1120 1120 3006 1174 0600 5260 1013 1200 0541 5320 1031 1013 
0007 0162 2723 7171 1571 7171 1571 7171 1771 7116 
0000 1353 0003 1011 0012 1011 0040 1011 1011 3031 1273 0600 5345 1002 1024 0001 1003 1011 
0007 0022 2741 2225 
0000 1354 3031 0035 4277 1004 2014 
0007 0022 2743 2226 
0000 1355 1011 0004 0004 1200 0641 0014 1002 1024 0001 1003 1355 0002 1011 0004 1112 1004 2014 1355 1011 0004 0004 3027 0035 0014 1007 1112 0027 1017 1313 0600 0014 1007 1120 0027 1017 1325 0600 0014 1120 1120 3006 1027 0600 5314 1017 1027 0620 5314 1017 1120 1120 3006 0024 1002 1024 0001 1003 1011 0002 1112 0004 1120 1120 3006 0035 1120 1120 3006 1325 0600 0014 1007 1112 0027 0014 4356 5275 1030 
0007 0152 2745 5257 6742 5552 4501 4657 6563 7200 
0000 1357 0024 1030 1276 0600 5274 4356 1020 1112 0601 0014 1262 1112 1030 0035 1030 0011 1262 
0007 0022 2762 2730 
0000 1360 
0007 0152 2764 1165 7261 4601 6346 6566 6357 1200 
0000 1361 0035 1023 1350 1350 3017 0037 1023 1306 0621 5221 1262 1112 1112 0036 4277 0014 1002 1262 0601 5275 1002 1347 0621 4221 5275 1200 1200 1127 0036 0014 4362 1262 1112 
0007 0142 3001 4257 7201 4451 4257 5046 0140 
0000 1363 0035 1001 
0007 0162 3015 2223 1522 2615 2122 1521 2115 7257 
0000 1364 0024 4141 1007 0013 0001 5365 4362 1012 0012 5247 4356 1012 1120 0601 5367 1012 1112 0027 1262 1304 
0007 0102 3033 7051 4265 0104 0140 
0000 1370 0035 1001 
0007 0162 3043 2223 1524 2215 2123 1521 2215 0401 
0000 1371 0024 1020 1112 0027 4141 1020 0012 1021 0013 0001 5210 1025 1112 1120 3017 0026 5246 1012 0012 5143 1262 1272 
0007 0022 3061 2330 
0000 1372 0036 1200 1200 
0007 0012 3063 7300 
0000 1373 0035 1023 1112 1112 3031 0037 1023 1372 0621 5374 1023 1112 1112 3031 0037 1023 1112 1112 3031 0007 0027 1023 
0007 0022 3064 2227 
0000 1376 0621 5375 1023 1112 1112 3031 0037 1262 1272 1120 0036 1023 1112 1112 3031 0007 0027 1031 0011 1024 1112 0027 1023 
0007 0022 3066 2525 
0000 1377 0541 0014 1024 1120 0027 0014 1027 0011 0014 4250 4400 4401 0014 1262 1112 1112 0036 1262 1112 
0007 0172 3070 6155 4642 6446 0170 4252 6501 1717 1700 
0000 1402 0035 0014 1045 0012 1047 1046 0027 1050 0012 1051 1047 1050 0002 1112 0002 1120 0006 0027 4212 1054 1055 0600 5404 1051 1047 0601 5405 1054 1055 0660 5406 1050 1051 0027 5403 1047 1051 0027 5403 1053 0012 1051 1046 0027 1051 0040 4212 1045 1112 0601 0014 1052 1200 0601 5412 1054 1055 0600 0014 1053 1112 0621 5410 1054 1055 0660 5405 5410 1045 1112 0027 0014 1262 1112 1112 0036 0014 1053 1112 0027 5411 0015 
0003 0413 0112 
0162 0002 0022 0002 0022 0005 0022 0010 0022 0013 0022 0016 0012 0022 0012 0023 0022 0024 0012 0026 0122 0027 0022 0041 0362 0065 0062 0123 0372 0131 0012 0170 0012 0171 0012 0172 0022 0173 0012 0175 0022 0176 0012 0200 0412 0204 0412 0204 0162 0204 0012 0204 0012 0205 0012 0206 0012 0207 0012 0210 0012 0211 0012 0212 0012 0213 0012 0214 0012 0215 0012 0216 0012 0250 0052 0251 0052 0256 0052 0263 0052 0270 0052 0275 0012 0302 0122 0303 0122 0315 0012 0250 0012 0251 0012 0252 1302 0330 0072 0332 0362 0341 0062 0377 0122 0405 0032 0417 0362 0422 1302 0460 0042 0600 0042 0604 4502 0610 0072 0612 0362 0621 0062 0657 0062 0665 0012 0673 0042 0653 0022 1260 0012 1264 0062 1265 0072 1307 0032 1316 0042 1321 0012 1325 0011 4077 0012 1326 0542 1327 0012 1403 0062 1404 0062 1412 0011 1506 0012 1420 0012 1421 0022 1422 0312 1424 0012 1455 0022 1456 0262 1460 0012 1506 0262 1507 0012 1535 0262 1536 0012 1564 0262 1565 0022 1613 0332 1615 0011 1560 0162 1650 0011 3014 0011 1621 0011 1656 0011 1625 0011 1642 0011 1612 0442 1666 0112 1732 0172 1743 0202 1762 0232 2002 0172 2025 0202 2044 0222 2064 0142 2106 0011 1757 0022 2122 0012 2124 0011 1771 0011 2772 0022 2125 0012 2127 0022 2130 0162 2132 0011 2030 0011 2224 0022 2150 0012 2152 0162 2153 0011 2215 0011 2100 0012 2171 0011 2404 0011 4176 0011 2104 0011 2203 0011 2163 0011 2210 0022 2172 0011 4014 0011 2251 0011 2136 0011 4315 0022 2174 0062 2176 0012 2204 0022 2205 0252 2207 0011 3734 0402 2234 0112 2274 0162 2305 0011 2277 0011 2313 0011 3511 0011 4035 0162 2323 0011 2345 0162 2341 0162 2357 0011 2445 0011 2420 0011 2425 0011 2435 0011 2540 0011 2463 0162 2375 0011 2505 0011 2477 0011 2520 0011 2532 0011 4202 0011 2717 0011 2736 0011 2544 0011 2712 0011 2574 0052 2413 0011 2636 0011 3562 0011 2645 0022 2420 0132 2422 0162 2435 0172 2453 0011 2755 0011 2761 0132 2472 0402 2505 0022 2545 0012 2547 0011 3731 0011 3020 0032 2550 0011 4173 0011 3055 0011 3057 0022 2553 0011 3121 0022 2555 0011 3162 0022 2557 0011 3224 0011 3200 0011 3267 0012 2561 0012 2562 0011 3727 0152 2563 0011 3220 0172 2600 0011 3776 0011 3344 0011 3644 0012 2617 0011 3350 0012 2620 0012 2621 0011 3431 0012 2622 0011 3537 0012 2623 0011 3303 0011 3303 0102 2624 0011 3312 0112 2634 0011 3417 0011 3400 0012 2645 0172 2646 0011 3423 0011 3570 0011 3533 0022 2665 0022 2667 0112 2671 0212 2702 0162 2723 0022 2741 0022 2743 0011 4007 0152 2745 0022 2762 0152 2764 0011 3770 0142 3001 0162 3015 0011 4036 0011 4031 0011 4074 0102 3033 0162 3043 0022 3061 0012 3063 0011 4107 0011 4114 0022 3064 0022 3066 0011 4213 0011 4321 0172 3070 0011 4222 0011 4326 0011 4260 0011 4254 0011 4250 0011 4265 0011 4274 0011 4304 
4465 5501 0101 6360 7001 0101 4460 5501 0101 5642 7101 0101 5652 5701 0101 6572 6146 0101 4257 6444 6555 4257 7244 5750 4451 4263 0101 4457 5044 6555 4546 4456 4255 4552 6456 4271 4560 6564 0101 4657 4501 0101 4657 6563 7201 4663 6344 6555 5257 4465 5501 5760 0101 0101 6544 5142 6301 6701 0101 0101 7051 4265 5760 7246 6401 0101 4355 4257 5464 5664 5001 0101 4255 6151 4201 4444 6122 0101 4444 6123 0101 4444 6124 0101 4444 6125 0101 4444 6126 0101 4444 6127 0101 4444 6130 0101 4444 6131 0101 4444 6132 0101 4444 6122 2101 4444 6122 2201 4364 4465 5501 4364 4657 4501 4364 5152 0101 4364 5560 0101 4364 5652 4501 4364 6344 5760 4546 4755 4250 5642 6454 4672 6563 7154 4672 4444 6143 6423 4444 6143 6424 4444 6143 6425 5055 7060 6354 7054 4244 5760 7054 4546 6444 7054 4542 6546 7054 4256 6501 7054 6463 4446 7054 6346 4701 4566 5650 5570 6346 4444 5765 5642 7144 5765 5055 4256 4264 4244 6557 6001 4546 6444 6301 4764 6544 4546 6444 5144 4546 6142 6346 5701 5055 4244 5765 5766 5555 0101 4445 4644 6555 4564 6156 6045 5442 4465 5760 5464 6344 4601 6346 4457 6001 6446 5546 4465 6546 6352 
