0005 0002 0010 0756 0007 0010 0005 0402 
0001 0122 0002 7766 
0007 0122 0002 6366 5701 4542 6546 3301 
0001 0102 0014 7770 
0001 0302 0024 7750 
0001 0622 0054 7716 
0001 0402 0136 7740 
0001 0052 0176 7773 
0007 0052 0176 6142 5046 0100 
0007 0032 0203 2121 2200 
0001 2042 0210 7574 
0001 0112 0416 7767 
0007 0112 0416 1771 7120 7171 2071 7100 
0002 0022 0427 7776 
0002 0012 0431 7777 
0007 0032 0432 2224 2300 
0002 0032 0435 7775 
0002 0062 0440 7772 
0010 6560 4542 7201 0062 0440 
0002 0072 0450 7771 
0001 0362 0457 7742 
0002 0062 0515 7772 
0002 0122 0523 7766 
0001 0032 0535 7775 
0001 0362 0540 7742 
0001 0442 0600 7734 
0007 0442 0600 5046 5746 6342 5501 5546 4550 4663 0165 6342 5764 4244 6552 6057 0163 4650 5264 6546 6301 
0001 0212 0646 7757 
0007 0212 0646 1616 1616 1616 1616 1616 1616 1616 1616 1600 
0001 0072 0667 7771 
0007 0072 0667 4244 4460 6657 6500 
0001 0212 0676 7757 
0007 0212 0676 1616 1616 1616 1616 1616 1616 1616 1616 1600 
0001 0052 0717 7773 
0001 0032 0724 7775 
0007 0032 0724 6563 7100 
0001 0132 0727 7765 
0001 0052 0742 7773 
0007 0052 0742 4546 4352 6500 
0001 0132 0747 7765 
0001 0062 0762 7772 
0007 0062 0762 4463 4645 5265 
0001 0052 0770 7773 
0001 0062 0775 7772 
0007 0062 0775 6460 6663 4446 
0001 0042 1003 7774 
0001 0032 1007 7775 
0007 0032 1007 6563 7100 
0001 0032 1014 7775 
0001 0022 1017 7776 
0007 0022 1017 5760 
0001 0062 1021 7772 
0001 0132 1027 7765 
0007 0132 1027 4546 6444 6352 6165 5260 5700 
0001 0302 1042 7750 
0001 0042 1072 7774 
0007 0042 1072 4542 6546 
0001 0122 1076 7766 
0001 0062 1110 7772 
0007 0062 1110 4256 6066 5765 
0001 0122 1116 7766 
0001 0062 1130 7772 
0007 0062 1130 4256 6066 5765 
0001 0042 1136 7774 
0001 0102 1142 7770 
0007 0102 1142 4560 4466 5646 5765 
0001 0032 1152 7775 
0001 0112 1155 7767 
0007 0112 1155 6346 4746 6346 5744 4600 
0001 0022 1170 7776 
0002 0042 1172 7774 
0001 0122 1176 7766 
0002 0122 1210 7766 
0001 0152 1222 7763 
0007 0152 1222 7171 1571 7171 1571 7171 1771 7100 
0001 0022 1237 7776 
0012 6061 6552 6057 0022 1237 
0002 0022 1241 7776 
0002 0122 1243 7766 
0002 0122 1255 7766 
0002 0012 1267 7777 
0000 0030 1476 4046 
0007 0012 1270 2200 
0000 1047 1047 3041 
0007 0012 1271 4600 
0000 1050 0600 5051 1047 1047 3041 
0007 0012 1272 5200 
0000 1052 0600 5051 1047 1047 1047 0036 1047 1047 
0007 0432 1273 5046 5746 6342 5501 5546 4550 4663 0165 6342 5764 4244 6552 6057 0163 4650 5264 6546 6300 
0000 1053 0035 5054 1031 
0007 0442 1336 5046 5746 6342 5501 5546 4550 4663 0165 6342 5764 4244 6552 6057 0146 4552 6501 5552 6465 
0000 1055 0024 
0007 0012 1402 2700 
0000 1056 1045 0001 
0007 0022 1403 2321 
0000 1057 1047 0036 4060 
0007 0012 1405 2400 
0000 1061 
0007 0062 1406 5055 7060 6354 
0000 1062 1061 0034 0016 2000 1061 1021 0017 5063 4064 1061 1021 0017 5063 1027 
0007 0032 1414 7676 7600 
0000 1066 0600 5063 1024 
0007 0012 1417 2100 
0000 1067 0601 5065 1047 
0007 0012 1420 2500 
0000 1071 3011 1047 1071 3022 0025 
0007 0012 1421 2600 
0000 1072 1072 3011 
0007 0012 1422 1600 
0000 1073 0024 1056 
0007 0012 1423 3100 
0000 1074 3011 1072 
0007 0012 1424 3000 
0000 1075 3022 
0007 0042 1425 1771 7171 
0000 1076 0003 
0007 0022 1431 2223 
0000 1077 
0007 0022 1433 2522 
0000 1100 3011 1023 0024 
0007 0022 1435 2526 
0000 1101 
0007 0022 1437 2623 
0000 1102 3011 1024 1012 0003 1025 1067 0561 4103 1025 1067 0541 4104 
0007 0022 1441 3221 
0000 1105 
0007 0022 1443 3223 
0000 1106 3011 1026 0024 
0007 0022 1445 3231 
0000 1107 
0007 0032 1447 2223 3000 
0000 1110 3011 1027 0024 1037 1037 1022 0031 1035 0040 4111 5065 1044 1044 1025 0031 
0007 0022 1452 2627 
0000 1112 
0007 0022 1454 2731 
0000 1113 3011 1025 1040 0003 0014 1043 1043 1025 0031 
0007 0022 1456 3023 
0000 1114 
0007 0022 1460 3125 
0000 1115 3011 1025 1040 0003 0014 1014 1047 0027 0014 1047 
0007 0022 1462 2221 
0000 1117 3011 1037 0025 1077 
0007 0022 1464 2332 
0000 1120 3011 
0007 0222 1466 5142 6451 0160 4701 4244 4460 6657 6501 0464 
0000 1121 0024 1101 
0007 0022 1510 2622 
0000 1122 3011 
0007 0072 1512 6560 6542 5564 3300 
0000 1123 0024 1112 1113 3011 1044 1040 0003 1114 1115 3011 1043 1040 0003 1056 
0007 0012 1521 2300 
0000 1124 0023 4111 1061 1074 3011 1035 0025 1117 
0007 0022 1522 2227 
0000 1125 3011 
0007 0072 1524 4657 6563 5246 6400 
0000 1126 0024 1056 1124 0023 1043 1044 0002 1067 0621 4127 4111 1056 1067 0023 1041 1050 0600 5130 1124 1047 1047 0036 1056 1045 0001 1057 
0007 0442 1533 6163 6044 4664 6452 5750 0160 4444 6663 6352 5750 0117 1717 0161 5546 4264 4601 7042 5265 
0000 1131 0035 1047 0022 1061 0022 0015 1067 0041 
0007 0022 1577 2424 
0000 1132 1113 3011 
0007 0442 1601 1313 1301 4463 4645 5265 6420 4546 4352 6564 0160 6665 0160 4701 4342 5542 5744 4601 4372 
0000 1133 0024 
0007 0022 1645 2732 
0000 1134 1134 3011 
0007 0012 1647 3300 
0000 1135 0024 1114 1115 3011 1043 1044 0002 1040 0003 0014 
0007 0022 1650 2226 
0000 1136 0016 1777 1136 1100 
0007 0022 1652 3225 
0000 1137 3001 0017 5000 1136 0022 1002 1017 1012 0003 1100 
0007 0022 1654 2525 
0000 1140 3001 0011 1056 1067 0023 4141 1056 1047 0023 1011 1031 0024 4111 1013 1075 0027 4142 1003 0011 1102 1016 0004 1124 0006 
0007 0022 1656 2621 
0000 1143 3003 1031 0024 0014 1013 
0007 0022 1660 2721 
0000 1144 0561 4145 1016 1015 0027 1016 1047 0004 1016 3011 
0007 0022 1662 0101 
0000 1147 0620 5150 1016 1124 0601 5150 1016 1016 1124 0032 5146 1056 1047 1016 1124 0002 3010 0017 5000 1010 0011 1013 0040 0014 1056 1067 0023 1004 0040 1013 1072 0027 4141 1056 1047 0023 1014 1067 0601 4116 1056 1032 0017 5000 1056 1033 0017 5000 1056 1047 0023 0014 1056 1001 0017 5000 0014 1056 1045 0001 1057 
0007 0422 1664 6163 5257 6552 5750 0160 4444 6663 6352 5750 0117 1717 0161 5546 4264 4601 7042 5265 
0000 1151 0035 0014 
0007 0022 1726 2325 
0000 1152 
0007 0022 1730 3121 
0000 1153 
0007 0022 1732 2330 
0000 1154 0036 1067 1067 
0007 0012 1734 7300 
0000 1155 0035 1042 1047 1047 3034 0037 1042 1154 0621 5156 1042 1047 1047 3034 0037 1042 1047 1047 3034 0007 0027 1042 1125 0621 5157 1042 1047 1047 3034 0037 1152 1153 1124 0036 1042 1047 1047 3034 0007 0027 1034 0011 1045 1047 0027 1042 1140 0541 0014 1045 1124 0027 0014 0015 
0003 0160 0047 
2062 0000 0102 0014 0622 0054 0032 0203 2042 0002 1222 0000 0032 0117 2062 0206 2042 0210 0112 0416 0022 0427 0012 0431 0032 0432 0032 0435 0062 0440 0012 0416 1302 0446 0072 0450 0362 0457 0062 0515 0122 0523 0032 0535 0362 0540 0462 0576 0442 0600 1462 0644 1542 1012 0022 1170 0042 1172 0122 1176 0122 1210 0152 1222 0022 1237 0022 1241 0122 1243 0122 1255 0012 1267 0011 1524 0012 1270 0012 1271 0011 1007 0012 1272 0432 1273 0011 1012 0442 1336 0012 1402 0022 1403 0011 1515 0012 1405 0062 1406 0011 1173 0011 1331 0011 1034 0032 1414 0012 1417 0011 1050 0012 1420 0012 1421 0012 1422 0012 1423 0012 1424 0042 1425 0022 1431 0022 1433 0022 1435 0022 1437 0011 1141 0011 1154 0022 1441 0022 1443 0022 1445 0032 1447 0011 1407 0022 1452 0022 1454 0022 1456 0022 1460 0011 1167 0022 1462 0022 1464 0222 1466 0022 1510 0072 1512 0012 1521 0022 1522 0072 1524 0011 1306 0011 1304 0442 1533 0022 1577 0442 1601 0022 1645 0012 1647 0022 1650 0022 1652 0022 1654 0011 1510 0011 1465 0022 1656 0022 1660 0011 1454 0011 1416 0022 1662 0011 1437 0422 1664 0022 1726 0022 1730 0022 1732 0012 1734 0011 1534 0011 1541 
6560 6155 5257 6366 5745 6546 6560 6157 4256 6142 5046 0101 6560 6155 5723 6560 6131 2101 6142 5046 3121 6143 6647 0101 6155 5257 4601 4565 5642 6454 5552 5744 5765 5550 5745 6470 6142 5064 5273 6163 6544 6555 6560 4542 7201 4444 6131 2101 5055 7060 6354 7054 4244 5760 7054 4546 6444 7054 4542 6546 7054 4256 6501 7054 6463 4446 7054 6346 4701 6552 6555 4601 6361 6557 4256 5145 6322 0101 5145 6323 0101 4255 6151 4201 4657 6544 5765 4657 6563 7201 5164 5144 5765 5642 6454 0101 6061 6552 6057 6544 5142 6301 6560 6544 6301 6560 6545 6301 6701 0101 0101 6546 0000 
