0005 0002 0010 1517 0011 0010 0005 0402 
0001 0162 0002 7762 
0002 0012 0022 7777 
0007 0012 0023 2200 
0002 0022 0024 7776 
0002 0012 0026 7777 
0002 0122 0027 7766 
0002 0242 0041 7754 
0007 0022 0041 2125 
0007 0022 0043 2125 
0007 0022 0045 2126 
0007 0022 0047 2127 
0007 0022 0051 2130 
0007 0022 0053 2132 
0007 0022 0055 2221 
0007 0022 0057 2222 
0007 0022 0061 2224 
0007 0022 0063 2225 
0001 0362 0065 7742 
0007 0362 0065 1717 1717 1717 1717 1717 1717 1717 1717 1717 1717 1717 1717 1717 1717 1717 
0001 0062 0123 7772 
0007 0062 0123 4657 4501 0101 
0001 0372 0131 7741 
0002 0012 0170 7777 
0002 0012 0171 7777 
0007 0012 0172 2300 
0002 0022 0173 7776 
0002 0012 0175 7777 
0002 0022 0176 7776 
0007 0012 0200 2200 
0001 0412 0204 7737 
0002 0072 0250 7771 
0001 0362 0257 7742 
0001 0062 0315 7772 
0001 0062 0323 7772 
0001 0012 0331 7777 
0002 1502 0332 7630 
0002 2142 0502 7564 
0002 0072 0720 7771 
0002 0062 0727 7772 
0002 0122 0735 7766 
0001 0412 0747 7737 
0002 0072 1012 7771 
0002 0062 1021 7772 
0002 0122 1027 7766 
0001 0032 1041 7775 
0001 0362 1044 7742 
0002 0122 1106 7766 
0001 0362 1120 7742 
0007 0362 1120 4342 5542 5744 4601 4363 6066 5051 6501 4760 6370 4263 4501 0101 0101 0101 
0002 0022 1156 7776 
0002 0022 1160 7776 
0002 0062 1162 7772 
0002 1162 1170 7662 
0002 0042 1306 7774 
0002 0012 1312 7777 
0002 0042 1313 7774 
0007 0072 1317 2121 2121 2121 6200 
0007 0022 1326 2221 
0002 0022 1330 7776 
0002 0022 1332 7776 
0002 0042 1334 7774 
0001 0602 1340 6720 
0002 0012 2420 7777 
0002 1162 2421 7662 
0002 0062 2537 7772 
0002 0042 2545 7774 
0002 0042 2551 7774 
0000 0030 1510 4121 
0007 0012 2556 2200 
0000 1122 1122 1122 0036 1122 1122 
0007 0502 2557 4460 5661 6346 6464 0150 5501 6563 4257 6442 4465 5260 5701 4752 5546 0142 6501 7246 4263 0146 5745 
0000 1123 0035 
0007 0012 2627 2700 
0000 1124 1024 0001 
0007 0022 2630 2321 
0000 1125 
0007 0532 2632 4263 4601 7260 6601 6466 6346 0172 6066 0170 4257 6501 6560 0163 6657 0165 5152 6401 6163 6050 6342 5601 4000 
0000 1126 0035 1001 
0007 0162 2705 2127 1527 2615 2122 1521 2215 7257 
0000 1127 0024 4130 1007 1122 0004 0013 0001 5131 
0007 0012 2723 2300 
0000 1132 1122 1122 0036 1124 1024 0001 1125 
0007 0442 2724 6163 6044 4664 6452 5750 0160 4444 6663 6352 5750 0117 1717 0161 5546 4264 4601 7042 5265 
0000 1133 0035 1122 
0007 0062 2770 5055 4256 4264 
0000 1134 1122 0034 0016 6000 1132 
0007 0062 2776 7265 4550 5565 
0000 1135 1132 0034 0016 6000 1122 1045 1122 0020 1132 1057 1122 0020 1116 1063 0027 1104 1054 0026 1111 1122 0027 1117 1122 0027 1110 0040 1110 
0007 0022 3004 2224 
0000 1137 0661 5140 1100 1110 2055 0027 4141 1110 2114 1100 0027 1100 1110 2056 0027 4141 1110 2101 1100 0027 1110 2114 
0007 0012 3006 2100 
0000 1142 0621 5136 1107 1110 1122 0032 1107 1142 0621 5143 1030 
0007 0362 3007 4244 4460 6657 6552 5750 0161 4663 5260 4564 0157 6065 0145 4647 5257 4645 
0000 1144 0024 4145 0015 1111 0040 1111 1116 0661 5146 1132 1057 1111 0020 1060 1105 0621 4147 1113 1122 0601 5143 1100 1061 0027 4141 1100 1110 2101 0661 4150 1074 1074 1062 0031 5143 
0007 0012 3045 2400 
0000 1151 1124 3115 1122 
0007 0012 3046 2500 
0000 1152 3100 0027 1122 1132 3115 
0007 0012 3047 2600 
0000 1153 1124 3100 0027 1100 1115 0027 0014 1110 1122 0002 2053 1074 0027 1110 1107 0561 0014 1110 0040 1100 1110 2101 0661 5150 0014 1105 1122 0005 0601 5154 1113 1122 0601 5155 4156 1100 
0007 0062 3050 3232 3232 3232 
0000 1157 0027 4150 1100 1115 0027 1103 1122 0601 5160 1122 1045 1102 0021 1103 1122 0601 5160 1102 0040 1102 1104 0661 5161 1122 1045 1102 0020 
0007 0022 3056 2326 
0000 1162 
0007 0022 3060 2421 
0000 1163 3047 
0007 0062 3062 2121 2121 2121 
0000 1164 0600 5154 1153 1153 3050 
0007 0012 3070 6700 
0000 1165 0620 5154 1122 2053 0012 1122 1122 3050 
0007 0012 3071 6100 
0000 1166 0600 5155 1122 2053 1107 1122 0002 2053 0027 1113 0012 
0007 0022 3072 2222 
0000 1167 
0007 0032 3074 2225 2100 
0000 1170 3053 0012 1046 1060 0601 5171 1046 1060 0661 5160 1103 1122 0601 5160 1122 1045 1102 0021 5154 1122 0022 1103 1122 0027 1113 1122 0027 1105 1060 0027 1074 0012 1110 1122 0027 0014 1065 1105 0027 1115 1107 2101 0027 1153 1124 3066 1122 1132 3115 0027 1122 1152 3066 1151 1124 3115 0027 1070 
0007 0032 3077 4343 4700 
0000 1172 0024 1071 1075 0024 1067 1074 0027 1122 1122 3050 1166 0620 5173 1067 0012 1076 0040 1076 2112 1072 0024 1076 1106 0561 4174 1072 0011 0014 1077 0040 1117 0040 1072 1077 2112 0024 1132 1064 1117 0021 1077 1106 0541 5174 1076 0012 1077 0012 0014 1060 
0007 0072 3102 3232 3232 3232 3200 
0000 1175 0027 4147 1076 1142 0601 5176 1106 1076 0027 4174 1132 1057 1122 0020 1063 1117 0027 1132 1057 1122 0021 1132 1057 1117 0020 1132 1057 1117 0021 1132 1073 0017 5177 1132 0022 0015 1002 1024 0001 1003 1122 1004 3015 0035 1002 1024 0001 1003 1004 0002 
0007 0032 3111 0101 0100 
0000 1201 0035 1002 1024 0001 1003 1142 0036 4202 1017 0011 1021 0012 1011 0012 1011 0040 1023 1011 1011 3017 0037 1023 
0007 0022 3114 2423 
0000 1205 0601 5206 1023 
0007 0022 3116 2322 
0000 1207 0601 5200 1023 
0007 0022 3120 2324 
0000 1210 0601 5211 1023 1137 0601 5212 1023 
0007 0012 3122 3100 
0000 1213 0601 5214 1023 1142 0621 5204 1011 1004 0661 5215 5203 1011 1122 0601 5204 1011 1011 1122 0032 1011 1011 3017 0011 1002 1024 0001 1003 1011 0002 1122 0004 
0007 0012 3123 1700 
0000 1216 0035 1002 1024 0001 1003 1011 0002 1122 0004 1142 0036 5204 1006 
0007 0012 3124 7200 
0000 1217 0600 5220 1021 1122 0027 1030 
0007 0152 3125 5760 6501 6163 6044 4664 6446 4500 
0000 1221 0024 4145 1012 0012 0014 1132 1132 3006 1016 0620 5222 1002 1024 0001 1003 1016 0035 1021 1132 0027 0014 1030 
0007 0172 3142 4657 4501 5760 6501 4255 5560 7046 4500 
0000 1223 0024 5224 1011 1122 0004 1005 0541 5225 1006 1217 0600 5226 1017 1016 0600 5214 0014 1132 1132 3006 1016 0620 5227 1122 1011 3017 1016 0600 5203 1006 1217 0600 5220 4145 1002 1024 0001 1003 1011 0002 1122 0004 
0007 0012 3161 0100 
0000 1232 0035 1002 1024 0001 1003 1011 0002 1122 0004 1142 0036 1011 1011 3017 0011 5204 5224 1007 1122 0027 1017 1217 0600 0014 1007 1132 0027 1017 
0007 0012 3162 5700 
0000 1233 0600 0014 1132 1132 3006 1027 0600 5220 1017 1027 0620 5220 1017 1132 1132 3006 0024 1002 1024 0001 1003 1011 0002 1122 0004 1132 1132 3006 0035 1132 1132 3006 1233 0600 0014 1007 1122 0027 0014 4234 5200 1030 
0007 0152 3163 5257 6742 5552 4501 4657 6563 7200 
0000 1236 0024 1030 1201 0600 5235 4234 1020 1122 0601 0014 
0007 0022 3200 2325 
0000 1237 1122 1030 0035 1030 0011 1237 
0007 0022 3202 2730 
0000 1240 
0007 0152 3204 1165 7261 4601 6346 6566 6357 1200 
0000 1241 0035 1023 
0007 0022 3221 2422 
0000 1242 1242 3017 0037 1023 1137 0621 5145 1237 1122 1122 0036 4202 0014 1002 1237 0601 5200 1002 
0007 0022 3223 2223 
0000 1244 0621 4145 5200 1142 1142 
0007 0012 3225 3000 
0000 1245 0036 0014 1012 1132 0601 5247 1012 0012 5120 1237 
0007 0022 3226 3121 
0000 1250 
0007 0022 3230 2330 
0000 1251 0036 1142 1142 
0007 0012 3232 7300 
0000 1252 0035 1023 1122 1122 3031 0037 1023 1251 0621 5253 1023 1122 1122 3031 0037 1023 1122 1122 3031 0007 0027 1023 
0007 0022 3233 2227 
0000 1255 0621 5254 1023 1122 1122 3031 0037 1237 1250 1132 0036 1023 1122 1122 3031 0007 0027 1031 0011 1024 1122 0027 1023 
0007 0022 3235 2525 
0000 1256 0541 0014 1024 1132 0027 0014 1027 0011 0014 0015 
0003 0257 0121 
0162 0002 0022 0002 0022 0005 0022 0010 0022 0013 0022 0016 0012 0022 0012 0023 0022 0024 0012 0026 0122 0027 0022 0041 0362 0065 0062 0123 0372 0131 0012 0170 0012 0171 0012 0172 0022 0173 0012 0175 0022 0176 0012 0200 0412 0204 0412 0204 0162 0204 0012 0204 0012 0205 0012 0206 0012 0207 0012 0210 0012 0211 0012 0212 0012 0213 0012 0214 0012 0215 0012 0216 4502 0246 0072 0250 0362 0257 0062 0315 0012 0331 0102 0332 0122 0502 0042 0311 0062 0324 0062 0442 0722 0716 0072 0720 0062 0727 0122 0735 0042 1000 0722 1010 0072 1012 0062 1021 0122 1027 0032 1041 0362 1044 0702 1012 0022 1102 0122 1106 0362 1120 0022 1156 0022 1160 0062 1162 0062 1170 0042 1306 0012 1312 0042 1313 0072 1317 0022 1326 0022 1330 0022 1332 0042 1334 0702 1340 0012 2420 0062 2421 0062 2537 0042 2545 0042 2551 0011 1522 0011 3011 0012 2556 0502 2557 0012 2627 0022 2630 0532 2632 0162 2705 0011 2334 0011 2333 0012 2723 0442 2724 0062 2770 0062 2776 0011 1625 0022 3004 0011 1662 0011 1737 0012 3006 0011 1677 0362 3007 0011 2722 0011 2266 0011 2003 0011 1761 0012 3045 0012 3046 0012 3047 0011 2034 0011 2106 0011 2156 0062 3050 0011 2142 0011 2135 0022 3056 0022 3060 0062 3062 0012 3070 0012 3071 0022 3072 0032 3074 0011 2145 0032 3077 0011 2224 0011 2241 0072 3102 0011 2302 0011 2331 0011 2334 0032 3111 0011 3105 0011 2371 0011 2373 0022 3114 0011 2435 0022 3116 0022 3120 0011 2476 0011 2540 0012 3122 0011 2514 0011 2557 0012 3123 0012 3124 0011 2715 0152 3125 0011 2534 0172 3142 0011 2764 0011 2631 0011 2632 0011 2573 0011 2573 0011 2577 0012 3161 0012 3162 0011 2775 0011 2717 0152 3163 0022 3200 0022 3202 0152 3204 0022 3221 0011 2756 0022 3223 0012 3225 0011 3002 0011 3006 0022 3226 0022 3230 0012 3232 0011 3021 0011 3026 0022 3233 0022 3235 
4465 5501 0101 6360 7001 0101 4460 5501 0101 5642 7101 0101 5652 5701 0101 6572 6146 0101 4257 6444 6555 4257 7244 5750 4451 4263 0101 4457 5044 6555 4546 4456 4255 4552 6456 4271 4560 6564 0101 4657 4501 0101 4657 6563 7201 4663 6344 6555 5257 4465 5501 5760 0101 0101 6544 5142 6301 6701 0101 0101 7051 4265 5760 7246 6401 0101 4355 4257 5464 5664 5001 0101 4255 6151 4201 4444 6122 0101 4444 6123 0101 4444 6124 0101 4444 6125 0101 4444 6126 0101 4444 6127 0101 4444 6130 0101 4444 6131 0101 4444 6132 0101 4444 6122 2101 4444 6122 2201 5055 4256 4264 4244 6557 6001 4546 6444 6301 4764 6544 4546 6142 6346 5701 4366 4550 4665 6172 6344 6056 5055 6344 5765 5055 6465 4565 5055 4657 4565 7265 4550 5565 5055 4244 5760 5055 4565 4601 5055 4256 6501 6346 4444 5765 4566 5665 6371 7054 4244 5760 7054 4565 4601 7054 4256 6501 7054 6463 4446 7054 6346 4701 7265 4565 6371 5766 5555 0101 4244 6542 5665 4342 5543 4701 4366 4757 6001 4366 4757 6656 4542 6546 0101 4657 4545 0101 5055 4244 5765 5055 4246 6047 5055 4263 4644 5564 6542 4465 5642 7143 4701 5642 7161 4501 6146 6352 6045 6345 4457 6501 6346 4442 6363 6454 5261 6470 6465 4263 6501 6546 5661 4565 6563 7144 5765 7063 4457 6501 4552 0000 
