0005 0007 0010 0115 0002 0010 0005 0402 
0007 0042 0004 1717 1717 
0011 0022 0022 7776 
0011 0012 0024 7777 
0000 0030 0524 4006 
0007 0012 0026 2200 
0000 1007 1007 1007 0036 
0007 0012 0027 2700 
0000 1010 1005 0001 
0007 0022 0030 2321 
0000 1011 
0007 0522 0032 6155 4642 6446 0156 6066 5765 0142 0164 4463 4265 4451 0145 5264 5446 6565 4601 6057 0145 6352 6746 0122 
0000 1012 0035 
0007 0012 0104 2100 
0000 1014 1014 
0007 0012 0105 3000 
0000 1015 0036 1015 1005 0001 1011 
0007 0012 0106 2300 
0000 1016 0036 1015 1005 0001 1011 1002 0035 1015 1005 0001 1011 1014 0036 1003 0011 1004 1003 0037 1004 
0007 0022 0107 2224 
0000 1017 0621 5013 1007 
0007 0012 0111 2500 
0000 1020 3003 
0007 0042 0112 4560 5746 
0000 1021 0600 5022 
0007 0012 0116 3100 
0000 1023 1005 0001 1011 
0007 0362 0117 6155 4642 6446 0146 5765 4663 0103 4560 5746 0301 7051 4657 0163 4642 4572 
0000 1024 0035 5013 1007 1007 1007 0036 1010 1005 0001 1011 
0007 0442 0155 6163 6044 4664 6452 5750 0160 4444 6663 6352 5750 0117 1717 0161 5546 4264 4601 7042 5265 
0000 1025 0035 1007 1007 1014 0036 0015 
0007 0022 0221 2325 
0000 1026 
0007 0022 0223 3121 
0000 1027 
0007 0022 0225 2330 
0000 1030 0036 1014 1014 
0007 0012 0227 7300 
0000 1031 0035 1004 1007 1007 3001 0037 1004 1030 0621 5032 1004 1007 1007 3001 0037 1004 1007 1007 3001 0007 0027 1004 
0007 0022 0230 2227 
0000 1034 0621 5033 1004 1007 1007 3001 0037 1026 1027 1016 0036 1004 1007 1007 3001 0007 0027 1001 0011 1005 1007 0027 1004 
0007 0022 0232 2525 
0000 1035 0541 0014 1005 1016 0027 0014 0015 
0003 0036 0007 
0022 0002 0042 0004 0122 0010 0022 0022 0012 0024 0011 0226 0012 0026 0012 0027 0022 0030 0522 0032 0011 0133 0012 0104 0012 0105 0012 0106 0022 0107 0012 0111 0042 0112 0011 0207 0012 0116 0362 0117 0442 0155 0022 0221 0022 0223 0022 0225 0012 0227 0011 0236 0011 0243 0022 0230 0022 0232 
4255 6151 4201 4560 6564 0101 4657 6563 7201 6544 5142 6301 6701 0101 0101 6546 0000 
