0005 0007 0010 0116 0002 0010 0005 0402 
0001 0022 0002 7776 
0001 0042 0004 7774 
0007 0042 0004 1717 1717 
0001 0122 0010 7766 
0002 0022 0022 7776 
0002 0012 0024 7777 
0000 0030 0524 4007 
0007 0012 0026 2200 
0000 1010 1010 1010 0036 
0007 0012 0027 2700 
0000 1011 1005 0001 
0007 0022 0030 2321 
0000 1012 
0007 0622 0032 6155 4642 6446 0156 6066 5765 0165 5146 0150 2055 0165 6371 0147 5255 4601 4552 6454 4665 6546 0160 5701 4563 5267 4601 0422 
0000 1013 0035 
0007 0012 0114 2100 
0000 1015 1015 
0007 0012 0115 3000 
0000 1016 0036 1016 1005 0001 1012 
0007 0012 0116 2300 
0000 1017 0036 1016 1005 0001 1012 1002 0035 1016 1005 0001 1012 1015 0036 1003 0011 1004 1003 0037 1004 
0007 0022 0117 2224 
0000 1020 0621 5014 1010 
0007 0012 0121 2500 
0000 1021 3003 
0007 0042 0122 4560 5746 
0000 1022 0600 5023 
0007 0012 0126 3100 
0000 1024 1005 0001 1012 
0007 0272 0127 4657 6546 6301 0345 6057 4603 0170 5146 5701 6346 4245 7200 
0000 1025 0035 5014 1010 1010 1010 0036 1011 1005 0001 1012 
0007 0442 0156 6163 6044 4664 6452 5750 0160 4444 6663 6352 5750 0117 1717 0161 5546 4264 4601 7042 5265 
0000 1026 0035 1010 1010 1015 0036 0015 
0007 0022 0222 2325 
0000 1027 
0007 0022 0224 3121 
0000 1030 
0007 0022 0226 2330 
0000 1031 0036 1015 1015 
0007 0012 0230 7300 
0000 1032 0035 1004 1010 1010 3001 0037 1004 1031 0621 5033 1004 1010 1010 3001 0037 1004 1010 1010 3001 0007 0027 1004 
0007 0022 0231 2227 
0000 1035 0621 5034 1004 1010 1010 3001 0037 1027 1030 1017 0036 1004 1010 1010 3001 0007 0027 1001 0011 1005 1010 0027 1004 
0007 0022 0233 2525 
0000 1036 0541 0014 1005 1017 0027 0014 0015 
0003 0037 0007 
0022 0002 0042 0004 0122 0010 0022 0022 0012 0024 0011 0121 0011 0227 0012 0026 0012 0027 0022 0030 0622 0032 0011 0134 0012 0114 0012 0115 0012 0116 0022 0117 0012 0121 0042 0122 0011 0210 0012 0126 0272 0127 0442 0156 0022 0222 0022 0224 0022 0226 0012 0230 0011 0237 0011 0244 0022 0231 0022 0233 
4255 6151 4201 4560 6564 0101 4657 6563 7201 6544 5142 6301 6701 0101 0101 4346 0000 
