0005 0002 0010 0467 0001 0010 0005 0402 
0001 4462 0002 7332 
0001 4462 0452 7332 
0001 0022 1122 7776 
0012 6061 6552 6057 0022 1122 
0000 0030 0524 1003 
0007 0012 1124 6300 
0000 1004 0600 5005 
0007 0012 1125 2200 
0000 1006 
0007 0062 1126 5055 4256 4264 
0000 1007 1006 0034 0016 2000 
0007 0012 1134 2400 
0000 1010 
0007 0062 1135 0550 5542 5664 
0000 1011 1010 0034 0016 4000 1006 1001 0017 5013 1002 1001 0024 1010 1002 0017 5000 5012 1006 0022 1010 0022 0015 1010 
0007 0062 1143 0550 5542 5664 
0000 1014 1010 0034 0016 2000 1006 
0007 0062 1151 5055 4256 4264 
0000 1015 1006 0034 0016 4000 1010 1002 0017 5017 1001 1002 0024 1006 1001 0017 5000 5016 1006 0022 1010 0022 0015 0015 
0003 0020 0005 
4502 0000 4502 0450 0022 1122 0012 1124 0011 0533 0012 1125 0062 1126 0012 1134 0062 1135 0011 0512 0011 0526 0062 1143 0062 1151 0011 0547 0011 0563 
5055 4256 4264 5055 4256 6401 6061 6552 6057 1717 0000 
