0005 0001 0010 0314 0002 0010 0005 0402 
0001 0412 0002 7737 
0002 0042 0043 7774 
0001 0042 0047 7774 
0002 0032 0053 7775 
0001 3722 0056 7406 
0001 0022 0454 7776 
0002 0042 0456 7774 
0002 0042 0462 7774 
0002 0022 0466 7776 
0002 0042 0470 7774 
0002 0012 0474 7777 
0000 0030 0764 4014 
0007 0012 0476 2300 
0000 1015 
0007 0012 0477 2200 
0000 1016 1016 0036 1015 1016 
0007 0332 0500 6346 6063 5042 5752 7346 0150 2055 0142 4444 6066 5765 0147 5255 4600 
0000 1017 0035 
0007 0012 0533 2700 
0000 1020 1013 0001 
0007 0022 0534 2321 
0000 1021 
0007 0442 0536 6163 6044 4664 6452 5750 0160 4444 6663 6352 5750 0117 1717 0161 5546 4264 4601 7042 5265 
0000 1022 0035 1016 
0007 0062 0602 5055 4256 4264 
0000 1023 1016 0034 0016 6000 1016 1001 1016 0020 1010 1002 0027 1007 0040 1007 1010 0661 5025 1016 1001 1007 0020 1004 
0007 0062 0610 2121 2121 2121 
0000 1026 0600 5024 1012 0040 1016 1001 1012 0021 5024 1016 1001 1016 0020 1002 1012 0027 1003 0012 1016 1001 1016 0021 1016 1001 1012 0020 1016 1001 1012 0021 1016 1005 0017 5027 1016 0022 1015 0041 
0007 0022 0616 2325 
0000 1030 
0007 0022 0620 3121 
0000 1031 
0007 0022 0622 2330 
0000 1032 0036 
0007 0012 0624 2100 
0000 1033 1033 
0007 0012 0625 7300 
0000 1034 0035 1011 1016 1016 3006 0037 1011 1032 0621 5035 1011 1016 1016 3006 0037 1011 1016 1016 3006 0007 0027 1011 
0007 0022 0626 2227 
0000 1037 0621 5036 1011 1016 1016 3006 0037 1030 1031 1015 0036 1011 1016 1016 3006 0007 0027 1006 0011 1013 1016 0027 1011 
0007 0022 0630 2525 
0000 1040 0541 0014 1013 1015 0027 0014 0015 
0003 0041 0015 
4502 0000 0042 0043 0032 0053 0062 0041 0022 0450 0022 0454 0042 0456 0042 0462 0022 0466 0042 0470 0012 0474 0011 0435 0012 0476 0012 0477 0332 0500 0012 0533 0022 0534 0442 0536 0062 0602 0011 0353 0011 0400 0062 0610 0011 0431 0022 0616 0022 0620 0022 0622 0012 0624 0012 0625 0011 0445 0011 0452 0022 0626 0022 0630 
5055 4256 4264 6346 4457 6501 4546 5544 5765 4546 5547 5545 5766 5555 0101 4255 6151 4201 6345 4457 6501 6346 4444 5765 6544 5142 6301 7063 4457 6501 6701 0101 0101 6546 0000 
