0005 0007 0010 0064 0002 0010 0005 0402 
0001 0022 0002 7776 
0002 0022 0004 7776 
0002 0012 0006 7777 
0000 0030 0512 4004 
0007 0012 0010 2200 
0000 1005 1005 1005 0036 
0007 0012 0011 2700 
0000 1006 1003 0001 1005 
0007 1212 0012 1313 1313 1313 1313 1313 1313 1313 1313 1313 1313 1313 1313 1313 1313 1313 1313 0146 5745 0160 4701 6163 6050 6342 5601 1313 1313 1313 1313 1313 1313 1313 1313 1313 1313 1313 1313 1313 1313 1313 1313 1300 
0000 1007 0035 
0007 0012 0133 3100 
0000 1010 0041 0015 
0007 0022 0134 2325 
0000 1011 
0007 0022 0136 3121 
0000 1012 
0007 0022 0140 2330 
0000 1013 0036 
0007 0012 0142 2100 
0000 1014 1014 
0007 0012 0143 7300 
0000 1015 0035 1002 1005 1005 3001 0037 1002 1013 0621 5016 1002 1005 1005 3001 0037 1002 1005 1005 3001 0007 0027 1002 
0007 0022 0144 2227 
0000 1020 0621 5017 1002 1005 1005 3001 0037 1011 1012 
0007 0012 0146 2300 
0000 1021 0036 1002 1005 1005 3001 0007 0027 1001 0011 1003 1005 0027 1002 
0007 0022 0147 2525 
0000 1022 0541 0014 1003 1021 0027 0014 0015 
0003 0023 0005 
0022 0002 0022 0004 0012 0006 0011 0105 0012 0010 0012 0011 1212 0012 0012 0133 0022 0134 0022 0136 0022 0140 0012 0142 0012 0143 0011 0115 0011 0122 0022 0144 0012 0146 0022 0147 
4255 6151 4201 6544 5142 6301 6701 0101 0101 6546 0000 
