0005 0004 0010 2324 0017 0010 0005 0402 
0002 0072 0002 7771 
0001 0362 0011 7742 
0001 0062 0047 7772 
0001 0062 0055 7772 
0001 0012 0063 7777 
0002 1502 0064 7630 
0002 2142 0234 7564 
0002 0072 0452 7771 
0002 0062 0461 7772 
0002 0122 0467 7766 
0001 0412 0501 7737 
0001 0032 0544 7775 
0002 0022 0547 7776 
0002 0022 0551 7776 
0002 0062 0553 7772 
0002 0062 0561 7772 
0002 0032 0567 7775 
0002 0012 0572 7777 
0002 0012 0573 7777 
0002 0012 0574 7777 
0001 0372 0575 7741 
0001 0542 0636 7724 
0002 1162 0712 7662 
0002 1162 1030 7662 
0001 1362 1146 7642 
0002 0072 1306 7771 
0001 0062 1315 7772 
0002 0042 1323 7774 
0002 0052 1327 7773 
0001 3242 1336 7454 
0002 0122 1662 7766 
0002 0122 1674 7766 
0002 0122 1706 7766 
0002 0122 1720 7766 
0002 0122 1732 7766 
0002 0122 1744 7766 
0001 0262 1756 7752 
0001 0162 2006 7762 
0001 0622 2024 7716 
0001 0102 2106 7770 
0001 0052 2116 7773 
0007 0052 2116 6142 5046 0100 
0002 0012 2123 7777 
0001 0302 2126 7750 
0001 0032 2156 7775 
0007 0032 2156 4760 6300 
0001 0012 2161 7777 
0001 0032 2162 7775 
0007 0032 2162 6551 4600 
0001 0012 2165 7777 
0001 0062 2166 7772 
0007 0062 2166 6146 6352 6045 
0001 0022 2174 7776 
0001 0102 2176 7770 
0001 0022 2206 7776 
0001 0022 2210 7776 
0007 0022 2210 6560 
0001 0022 2212 7776 
0001 0102 2214 7770 
0001 0522 2224 7726 
0001 0102 2276 7770 
0007 0102 2276 4366 4550 4665 4645 
0001 0452 2310 7733 
0001 0072 2355 7771 
0007 0072 2355 4466 6363 4657 6500 
0001 0012 2364 7777 
0001 0062 2365 7772 
0007 0062 2365 6146 6352 6045 
0001 0132 2373 7765 
0001 0042 2406 7774 
0007 0042 2406 7246 4263 
0001 0012 2412 7777 
0001 0022 2413 7776 
0007 0022 2413 6560 
0001 0012 2415 7777 
0001 0042 2416 7774 
0007 0042 2416 4542 6546 
0001 0152 2422 7763 
0001 0162 2437 7762 
0007 0162 2437 4466 6363 4657 6501 6146 6352 6045 
0001 0132 2455 7765 
0001 0142 2470 7764 
0007 0142 2470 7246 4263 0165 6001 4542 6546 
0001 0412 2506 7737 
0001 0052 2547 7773 
0007 0052 2547 6342 6552 6000 
0001 0112 2554 7767 
0001 0062 2565 7772 
0007 0062 2565 4256 6066 5765 
0001 0052 2573 7773 
0001 0052 2600 7773 
0007 0052 2600 6342 6552 6000 
0001 0112 2605 7767 
0001 0062 2616 7772 
0007 0062 2616 4256 6066 5765 
0001 0052 2624 7773 
0001 0052 2631 7773 
0007 0052 2631 6342 6552 6000 
0001 0112 2636 7767 
0001 0062 2647 7772 
0007 0062 2647 4256 6066 5765 
0001 0052 2655 7773 
0001 0052 2662 7773 
0007 0052 2662 6342 6552 6000 
0001 0112 2667 7767 
0001 0062 2700 7772 
0007 0062 2700 4256 6066 5765 
0001 2042 2710 7574 
0002 0072 3116 7771 
0001 0172 3125 7761 
0002 0022 3144 7776 
0002 0122 3146 7766 
0002 0122 3160 7766 
0001 0362 3172 7742 
0001 0362 3230 7742 
0002 0012 3266 7777 
0001 0172 3267 7761 
0007 0172 3267 3636 3636 3636 3636 3636 3636 3636 3600 
0002 0062 3306 7772 
0002 0062 3314 7772 
0002 0032 3322 7775 
0002 0012 3325 7777 
0007 0022 3326 2721 
0001 0102 3330 7770 
0007 0102 3330 7171 2071 7120 7171 
0001 0062 3340 7772 
0007 0062 3340 7171 7117 7171 
0001 0152 3346 7763 
0007 0152 3346 7171 1571 7171 1571 7171 1771 7100 
0001 0152 3363 7763 
0007 0152 3363 7171 1571 7171 1571 7171 1721 2100 
0002 0022 3400 7776 
0002 0012 3402 7777 
0002 0012 3403 7777 
0001 1322 3404 7646 
0001 0362 3536 7742 
0007 0362 3536 0101 6163 6047 5265 0142 5745 0155 6064 6401 6465 4265 4656 4657 6501 0101 
0002 0122 3574 7766 
0002 0062 3606 7772 
0002 0062 3614 7772 
0002 0062 3622 7772 
0001 0012 3630 7777 
0002 0062 3631 7772 
0002 0122 3637 7766 
0002 0122 3651 7766 
0002 0122 3663 7766 
0002 0122 3675 7766 
0002 0122 3707 7766 
0002 0122 3721 7766 
0002 0062 3733 7772 
0002 0122 3741 7766 
0002 0122 3753 7766 
0002 0122 3765 7766 
0002 0122 3777 7766 
0002 0022 4011 7776 
0002 0122 4013 7766 
0002 0122 4025 7766 
0002 0122 4037 7766 
0002 0122 4051 7766 
0002 0122 4063 7766 
0002 0122 4075 7766 
0002 0122 4107 7766 
0002 0122 4121 7766 
0002 0122 4133 7766 
0001 0172 4145 7761 
0007 0172 4145 1616 1616 1616 1616 1616 1616 1616 1600 
0002 0012 4164 7777 
0000 0030 0442 4144 
0007 0012 4166 2300 
0000 1145 
0007 0012 4167 2200 
0000 1146 1146 0036 1145 1146 
0007 0152 4170 6163 6047 5265 0107 0155 6064 6400 
0000 1147 0035 
0007 0012 4205 2700 
0000 1150 1143 0001 
0007 0022 4206 2321 
0000 1151 
0007 0422 4210 6163 5257 6552 5750 0160 4444 6663 6352 5750 0117 1717 0161 5546 4264 4601 7042 5265 
0000 1152 0035 
0007 0022 4252 2226 
0000 1153 0016 1777 1153 
0007 0022 4254 2230 
0000 1154 
0007 0022 4256 2727 
0000 1155 3045 0017 5000 1153 0022 1154 1151 3045 0011 1146 
0007 0062 4260 5055 4256 4264 
0000 1156 1146 0034 0016 6000 1145 
0007 0062 4266 7265 4550 5565 
0000 1157 1145 0034 0016 2000 
0007 0012 4274 2400 
0000 1160 
0007 0062 4275 0547 6452 4571 
0000 1161 1160 0034 0016 2000 1146 1036 1146 0020 1145 1015 1146 0020 1024 1146 0601 5162 
0007 0032 4303 2221 2400 
0000 1163 
0007 0032 4306 2222 2500 
0000 1164 3047 0011 
0007 0022 4311 3131 
0000 1165 
0007 0032 4313 2224 2300 
0000 1166 3052 0011 
0007 0022 4316 3125 
0000 1167 1166 3053 0011 1121 1037 0027 1122 1040 0027 1146 1145 3123 
0007 0012 4320 2600 
0000 1170 1150 3020 0027 1160 1150 3123 1146 
0007 0012 4321 2500 
0000 1171 3020 0027 1050 1020 1076 0003 1072 1021 0027 1146 1145 3071 1170 1150 3072 0027 1160 1150 3071 1146 1171 3072 0027 1051 1072 1076 0003 1160 1031 1146 0020 1160 1031 0017 5173 1146 1146 3033 
0007 0012 4322 6100 
0000 1174 0620 5172 1146 1001 1034 0020 1146 1171 3002 
0007 0042 4323 3232 3226 
0000 1175 0621 5176 1170 
0007 0012 4327 3000 
0000 1177 3002 1022 0621 5172 1066 1003 0024 5200 1022 
0007 0012 4330 2100 
0000 1201 0601 5202 1066 
0007 0242 4331 0101 0101 0161 6360 4752 6501 4446 5765 4663 0116 
0000 1203 0024 
0007 0022 4355 2323 
0000 1204 
0007 0022 4357 2325 
0000 1205 3066 1022 0025 5206 1066 
0007 0252 4361 0101 0101 0101 0101 4255 5501 4552 6752 6452 6057 6400 
0000 1207 0024 5206 1160 1031 0017 5173 1146 1001 1034 0020 1146 1171 3002 1175 0601 5200 1146 1171 3002 
0007 0042 4406 3232 3231 
0000 1210 0661 5211 1146 1171 3002 
0007 0042 4412 3232 3227 
0000 1212 0541 5213 1074 1146 1171 3002 1170 0032 1074 2105 1003 0024 1074 2073 1146 0027 5200 1146 1171 3002 
0007 0042 4416 3232 3232 
0000 1214 0621 5213 1106 1003 0024 5215 1103 1146 0027 5216 1160 1031 0017 5173 1146 1146 3033 1174 0620 5215 1146 1001 1034 0020 1170 1150 3004 
0007 0022 4422 5547 
0000 1217 0620 5220 1150 1146 0023 1075 0040 1170 1150 3004 
0007 0022 4424 5147 
0000 1221 0620 5222 1075 
0007 0022 4426 2721 
0000 1223 0027 1075 1223 0561 4224 1170 1150 3004 
0007 0022 4430 5155 
0000 1225 0600 5226 1113 1006 0024 1150 1150 3004 1174 0600 5227 1075 
0007 0022 4432 2631 
0000 1230 0561 4224 1171 
0007 0022 4434 2424 
0000 1231 3055 1003 0024 1170 1150 3004 
0007 0022 4436 6571 
0000 1232 0600 4233 1170 1150 3004 
0007 0022 4440 5051 
0000 1234 0600 4235 1170 1150 3004 
0007 0022 4442 6463 
0000 1236 0600 4235 1067 0012 1170 1150 3004 
0007 0022 4444 6464 
0000 1237 0600 4240 1170 1150 3004 
0007 0022 4446 4663 
0000 1241 0600 4240 1170 1150 3004 
0007 0022 4450 6465 
0000 1242 0600 4240 1170 1150 3004 
0007 0022 4452 6565 
0000 1243 0600 4244 1170 1150 3004 
0007 0022 4454 5765 
0000 1245 0600 5246 5215 
0007 0022 4456 2427 
0000 1247 
0007 0022 4460 2726 
0000 1250 3055 1003 0024 4235 5215 4251 1060 1002 0027 1065 1003 0024 1170 1170 3004 
0007 0012 4462 5200 
0000 1252 0600 5253 4254 1035 1201 0601 5253 1022 1201 0601 5256 1170 1177 3002 1022 0621 5253 6253 1145 1011 1035 0020 0042 1035 0040 1012 1002 0621 5253 1146 1145 3072 1170 1150 3013 0027 1160 1150 3072 1146 1171 3013 0027 1072 1071 0661 5253 1072 1123 0541 5257 1136 1136 1014 0031 5256 1137 1137 1014 0031 5256 1113 1006 0024 1160 1031 0017 5173 1146 1001 1034 0020 1170 1150 3004 
0007 0022 4463 6764 
0000 1260 0620 5261 4251 4254 5255 1107 1107 1017 1146 0002 2010 0031 1102 0012 1022 1201 0601 5262 1170 1177 3002 1022 0621 0014 1102 0040 1146 2007 1146 0005 0601 5263 1102 1016 0541 5264 1102 1017 0661 5264 1064 1064 1102 2007 0031 1102 1017 0661 5263 1141 1141 1102 2007 0031 1102 1017 0661 0014 5262 1104 1201 0601 5216 1063 1136 0027 1140 1136 1137 0031 1063 1201 0621 5265 1140 1201 0621 5265 1024 1146 0621 5266 1064 1201 0621 5265 1141 1201 0621 5265 5266 1145 
0007 0022 4465 2422 
0000 1267 3055 1065 0024 4270 1124 1124 1136 0031 1126 1126 1136 0002 1137 0031 1115 1115 1064 0031 1117 1117 1141 0031 1125 1125 1136 0031 1127 1127 1136 0002 1137 0031 1116 1116 1064 0031 1120 1120 1141 0031 1136 0012 1137 0012 1064 0012 1141 0012 1067 1146 0027 1104 0012 5216 1022 1201 0601 5271 1170 1177 3002 1022 0621 0014 1104 1146 0027 0014 6272 1110 1063 
0007 0062 4467 2221 2121 2121 
0000 1273 0001 1121 0006 1146 0010 0027 0042 6274 1111 1140 
0007 0062 4475 2221 2121 2121 
0000 1275 0001 1122 0006 1146 0010 0027 0042 1024 1146 0621 5276 6277 1112 1064 
0007 0062 4503 2221 2121 2121 
0000 1300 0001 1041 0006 1146 0010 0027 0042 6276 1114 1141 
0007 0062 4511 2221 2121 2121 
0000 1301 0001 1042 0006 1146 0010 0027 0042 1231 
0007 0022 4517 2431 
0000 1302 3055 1110 1077 0003 
0007 0022 4521 2522 
0000 1303 
0007 0022 4523 2624 
0000 1304 3055 1063 1100 0003 1145 
0007 0022 4525 2225 
0000 1305 3061 1303 1304 3055 0024 1135 1063 0027 4306 
0007 0022 4527 2521 
0000 1307 
0007 0022 4531 2625 
0000 1310 3055 1061 0024 1310 1310 3055 
0007 0012 4533 1200 
0000 1311 0620 5312 
0007 0022 4534 2432 
0000 1313 1313 3055 
0007 0012 4536 1600 
0000 1314 0024 1230 
0007 0022 4537 2724 
0000 1315 3055 1111 1077 0003 1155 
0007 0022 4541 3031 
0000 1316 3055 1140 1100 0003 1145 1305 3061 1155 1316 3055 0024 1135 1140 0027 4306 1250 
0007 0022 4543 3032 
0000 1317 3055 1061 0024 1317 1317 3055 1311 0620 5320 
0007 0022 4545 2725 
0000 1321 1321 3055 1314 0024 1024 1146 0621 5322 
0007 0022 4547 3124 
0000 1323 1165 3055 1112 1077 0003 
0007 0022 4551 3222 
0000 1324 1163 3055 1064 1101 0003 1145 1305 3061 1324 1163 3055 0024 1135 1064 0027 4306 
0007 0022 4553 3221 
0000 1325 
0007 0032 4555 2221 2500 
0000 1326 3055 1061 0024 1326 1326 3055 1311 0620 5327 
0007 0022 4560 3132 
0000 1330 1330 3055 1314 0024 
0007 0032 4562 2221 3100 
0000 1331 
0007 0032 4565 2222 2400 
0000 1332 3055 1114 1077 0003 
0007 0032 4570 2222 2700 
0000 1333 
0007 0032 4573 2223 3100 
0000 1334 3055 1141 1101 0003 1145 1305 3061 1333 1334 3055 0024 1135 1141 0027 4306 
0007 0032 4576 2222 2600 
0000 1335 
0007 0032 4601 2223 3200 
0000 1336 3055 1061 0024 1336 1336 3055 1311 0620 5322 1164 1164 3055 1314 0024 4233 0014 1146 1146 3061 0011 1153 1153 3061 0011 1113 
0007 0012 4604 4500 
0000 1337 0620 5340 1135 1201 0561 5340 4341 5342 1113 
0007 0012 4605 4400 
0000 1343 0620 5342 1135 1201 0641 5342 4341 1067 1146 0601 0014 1062 1145 0027 1062 0040 1062 1062 3061 
0007 0012 4606 0100 
0000 1345 0600 5344 1062 1145 0004 1062 1145 0004 3061 
0007 0012 4607 0500 
0000 1346 0024 0014 1170 1150 3004 1237 0600 5347 1063 1124 0027 1140 1126 0027 1064 1115 0027 1141 1117 0027 5350 1063 1125 0027 1140 1127 0027 1064 1116 0027 1141 1120 0027 4351 4270 1150 1146 0023 1075 0040 1170 1150 3004 1237 0600 5352 1132 1132 1124 0031 1133 1133 1126 0031 1131 1131 1115 0031 1134 1134 1117 0031 1124 0012 1126 0012 1115 0012 1117 0012 1125 0012 1127 0012 1116 0012 1120 0012 1064 0012 1141 0012 0014 1063 1132 0027 1140 1133 0027 1064 1131 0027 1141 1134 0027 4351 4270 1150 1146 0023 1064 0012 1141 0012 0014 1075 1223 0561 4224 4351 1145 1267 3055 0011 1063 1132 0027 1140 1133 0027 1064 1131 0027 1141 1134 
0000 0027 
0007 0022 4610 2223 
0000 1353 
0007 0022 4612 2421 
0000 1354 3055 
0007 0232 4614 0101 5746 6501 5257 4460 5646 0111 5560 6464 1200 
0000 1355 0024 4270 5173 1075 0012 1150 1201 0023 1046 0040 1150 1045 0017 5000 1057 1066 0024 4233 1150 1146 0023 1074 1146 0027 1074 2073 1146 0621 5357 1057 1074 2105 0024 4233 1074 0040 1074 1171 0541 5356 1150 1146 0023 1057 1106 0024 4233 1150 1146 0023 1150 1047 0017 5000 1150 1146 0023 1150 1052 0017 5000 1150 1053 0017 5000 1150 1146 0023 1075 1075 
0007 0012 4637 3200 
0000 1360 0031 0014 1150 1146 0023 1075 0040 1150 1054 0017 5000 1075 0040 1054 0011 0014 1153 1153 3061 1311 0024 1062 1146 0027 1062 0040 1062 1062 3061 1345 0600 5361 1062 1146 0004 1062 1146 0004 3061 
0007 0012 4640 1100 
0000 1362 0024 0014 1055 0011 1307 1310 3055 1142 0024 1250 1317 3055 1142 0024 1024 1146 0621 5363 1325 1326 3055 1142 0024 1335 1336 3055 1142 0024 4233 1171 1231 3055 1003 0024 0014 1055 0011 1307 1310 3055 1070 0024 1250 1317 3055 1070 0024 1024 1146 0621 5364 1325 1326 3055 1070 0024 1335 1336 3055 1070 0024 4233 1150 1146 0023 1146 1036 1146 0020 1043 1133 0027 1044 1107 0027 1146 1036 1146 0021 1146 0022 1145 0022 1160 0022 1171 0022 0015 1205 
0007 0022 4641 3121 
0000 1365 
0007 0022 4643 2330 
0000 1366 0036 1201 1201 
0007 0012 4645 7300 
0000 1367 0035 1130 1146 1146 3061 0037 1130 1366 0621 5370 1130 1146 1146 3061 0037 1130 1146 1146 3061 0007 0027 1130 
0007 0022 4646 2227 
0000 1372 0621 5371 1130 1146 1146 3061 0037 1205 1365 1145 0036 1130 1146 1146 3061 0007 0027 1061 0011 1143 1146 0027 1130 
0007 0022 4650 2525 
0000 1373 0541 0014 1143 1145 0027 0014 0015 
0003 0374 0145 
4502 0000 0072 0002 0362 0011 0062 0047 0062 0055 0012 0063 0102 0064 0122 0234 0722 0450 0072 0452 0062 0461 0122 0467 0722 0542 0022 0547 0022 0551 0062 0553 0062 0561 0032 0567 0012 0572 0012 0573 0012 0574 4502 0634 0062 0712 0062 1030 0302 1304 0072 1306 0062 1315 0042 1323 0052 1327 4502 1334 0122 1662 0122 1674 0122 1706 0122 1720 0122 1732 0122 1744 1202 2004 0012 2123 1622 2124 0102 2176 0102 2214 1762 2306 2022 2504 2062 2706 2042 2710 0752 2706 0362 2745 0072 3116 0172 3125 0022 3144 0122 3146 0122 3160 0362 3172 0362 3230 0012 3266 0172 3267 0062 3306 0062 3314 0012 3322 0012 3325 0022 3326 0102 3330 0062 3340 0152 3346 0152 3363 0022 3400 0012 3402 0012 3403 0362 3404 0362 3536 0122 3574 0062 3606 0062 3614 0062 3622 0012 3630 0062 3631 0122 3637 0122 3651 0122 3663 0122 3675 0122 3707 0122 3721 0062 3733 0122 3741 0122 3753 0122 3765 0122 3777 0022 4011 0122 4013 0122 4025 0122 4037 0122 4051 0122 4063 0122 4075 0122 4107 0122 4121 0122 4133 0172 4145 0012 4164 0011 4563 0012 4166 0012 4167 0152 4170 0012 4205 0022 4206 0422 4210 0022 4252 0022 4254 0022 4256 0062 4260 0062 4266 0012 4274 0062 4275 0011 2437 0032 4303 0032 4306 0022 4311 0032 4313 0022 4316 0012 4320 0012 4321 0011 2520 0011 4476 0012 4322 0042 4323 0011 2556 0012 4327 0011 2577 0012 4330 0011 2573 0242 4331 0022 4355 0022 4357 0011 2607 0252 4361 0042 4406 0011 2650 0042 4412 0011 2662 0042 4416 0011 2666 0011 2672 0022 4422 0011 2717 0022 4424 0011 2730 0022 4426 0011 4257 0022 4430 0011 3047 0011 3056 0022 4432 0022 4434 0022 4436 0011 4372 0022 4440 0011 4365 0022 4442 0022 4444 0011 4054 0022 4446 0022 4450 0022 4452 0011 4175 0022 4454 0011 4223 0022 4456 0022 4460 0011 3430 0012 4462 0011 3166 0011 3212 0011 3074 0011 3112 0011 3161 0022 4463 0011 3300 0011 3235 0011 3273 0011 3262 0011 3340 0011 3422 0022 4465 0011 3446 0011 3442 0011 3460 0062 4467 0011 3473 0062 4475 0011 3525 0011 3512 0062 4503 0062 4511 0022 4517 0022 4521 0022 4523 0022 4525 0011 3770 0022 4527 0022 4531 0012 4533 0011 3575 0022 4534 0012 4536 0022 4537 0022 4541 0022 4543 0011 3644 0022 4545 0011 3766 0022 4547 0022 4551 0022 4553 0032 4555 0011 3717 0022 4560 0032 4562 0032 4565 0032 4570 0032 4573 0032 4576 0032 4601 0012 4604 0011 4012 0011 4403 0011 4023 0012 4605 0011 4032 0012 4606 0012 4607 0011 4077 0011 4113 0011 4435 0011 4160 0022 4610 0022 4612 0232 4614 0011 4304 0011 4316 0012 4637 0011 4413 0012 4640 0011 4467 0011 4530 0022 4641 0022 4643 0012 4645 0011 4573 0011 4600 0022 4646 0022 4650 
5055 4256 4264 4244 6557 6001 4546 6444 6301 4764 6544 4546 6444 5144 4546 6142 6346 5701 4366 4550 4665 6172 6344 6056 7265 4550 5565 5055 4244 5760 5055 4542 6546 5055 4256 6501 4566 5672 6545 6465 6361 6345 4657 4561 6345 6465 6345 4265 4657 4542 6501 6147 4401 0101 4355 6447 5550 4456 6147 5550 6444 5147 5550 4566 5650 5542 5055 6465 4565 5055 4657 4565 4764 5245 7101 7242 4465 5760 7247 6444 4546 7242 4463 4644 7265 7163 4644 6556 6147 5255 6463 6444 6663 6463 6163 4463 4366 4544 6663 4366 4572 6301 5746 6561 5755 5572 6361 5755 5146 4245 2201 6142 5046 5760 5546 5046 5745 5550 5745 6522 5550 5745 6523 5146 4245 2601 5146 4245 2701 6143 6647 0101 6155 5257 4601 6552 6563 4644 6552 6555 5257 4244 6557 6023 4255 6151 4201 4460 5501 0101 4466 6342 5665 4466 6343 6645 4546 6444 6323 4552 6764 5701 4555 6364 7001 4560 6643 5546 4657 4565 4623 5055 4565 4623 5145 5201 0101 5201 0101 0101 5552 5744 5765 5642 6454 2201 5642 6454 2301 5642 6454 2401 5642 6454 2501 5660 5744 5765 5760 6552 6555 6147 4464 7001 6155 4460 5601 6155 6552 6501 6172 6365 6065 6342 6552 6022 6342 6552 6023 6342 6552 6024 6442 6765 4355 6342 6552 6025 6443 4463 4322 6443 4463 4323 6443 7263 4322 6443 7263 4323 6455 6444 6663 6455 6472 6545 6465 6345 6523 6466 4344 6322 6466 4344 6323 6466 4372 6322 6466 4372 6323 6544 5142 6301 6560 4463 4345 6560 6544 6663 6560 6572 6545 6560 7263 4345 6564 6542 5665 6761 4466 6301 6761 6163 4601 7265 4542 5665 7265 4543 6645 6657 4546 6301 6701 0101 0101 6546 0000 
