0005 0002 0010 3113 0004 0010 0005 0402 
0002 0072 0002 7771 
0002 0062 0011 7772 
0002 0122 0017 7766 
0001 0032 0031 7775 
0001 0362 0034 7742 
0002 0072 0074 7771 
0002 0062 0103 7772 
0001 0432 0111 7735 
0002 0042 0154 7774 
0002 0042 0160 7774 
0002 0072 0166 7771 
0001 0362 0175 7742 
0002 0062 0233 7772 
0002 0122 0241 7766 
0001 0032 0253 7775 
0001 0362 0256 7742 
0001 0702 0316 7710 
0001 0022 0412 7776 
0002 0022 0414 7776 
0002 0052 0416 7773 
0001 0152 0423 7763 
0002 0042 0440 7774 
0001 0152 0444 7763 
0002 0042 0461 7774 
0002 0062 0465 7772 
0001 0102 0473 7770 
0007 0102 0473 1771 7171 7171 7171 
0007 0022 0503 2122 
0002 0052 0505 7773 
0001 3602 0512 2420 
0002 0022 6072 7776 
0002 0012 6074 7777 
0002 0062 6075 7772 
0000 0030 1274 4046 
0007 0012 6104 2400 
0000 1047 
0007 0062 6105 5055 7060 6354 
0000 1050 1047 0034 0016 2000 1047 1016 0017 5051 1033 
0007 0012 6113 2200 
0000 1052 0027 1047 1016 0017 5051 1033 0040 1020 
0007 0012 6114 2100 
0000 1054 0601 5053 1035 0040 5053 1047 0022 1035 1054 0601 0015 1047 
0007 0062 6115 5055 7060 6354 
0000 1055 1047 0034 0016 6000 
0007 0012 6123 2300 
0000 1056 
0007 0062 6124 7265 4550 5565 
0000 1057 1056 0034 0016 6000 1056 1011 1052 0020 1031 1014 0027 1031 1035 0002 1015 0661 5060 1041 1031 0027 1056 1011 1031 0020 1056 1011 1031 0021 1056 1001 0017 5000 1041 0040 1041 1031 1035 0002 0541 5061 1056 1026 0017 5062 1056 0022 1056 
0007 0062 6132 7265 4550 5565 
0000 1063 1056 0034 0016 6000 1056 1011 1052 0020 1014 1041 0027 1056 1011 1052 0021 4064 4065 1032 1034 0660 5067 4071 4065 5066 1001 1011 0024 4072 4064 5066 1031 1054 0601 0014 1056 1011 1031 0020 1031 1031 1052 0032 1052 
0007 0012 6140 3000 
0000 1073 3032 1012 1037 0003 1052 1056 3036 
0007 0012 6141 2600 
0000 1074 
0007 0012 6142 2700 
0000 1075 3013 0027 1047 1075 3036 1052 
0007 0012 6143 2500 
0000 1076 3013 0027 
0007 0012 6144 3100 
0000 1077 
0007 0022 6145 2224 
0000 1100 3032 1036 1037 0003 0014 1033 1054 0601 5101 1047 1016 1033 0020 1033 1033 1052 0032 1020 1054 0601 5065 1052 1073 3034 1017 1037 0003 1052 1056 3045 1074 1075 3020 0027 1047 1075 3045 1052 1076 3020 0027 1077 1100 3034 1045 1037 0003 0014 1002 1017 0027 1003 1020 0027 1004 1021 0027 1005 1022 0024 1006 1023 0024 1030 0040 1030 2042 1010 0024 1030 
0007 0022 6147 2621 
0000 1102 0601 4103 0014 1025 1040 2042 0024 1056 1024 1041 0021 1041 1041 1052 0032 1041 1052 0601 5104 1040 1030 0601 5105 1040 0040 5103 1030 1054 0027 1040 1052 0027 0014 1030 1054 0621 4103 1056 0022 1047 0022 0015 1052 1052 1052 0036 1075 1044 0001 
0007 0022 6151 2321 
0000 1106 
0007 0402 6153 4752 5546 0157 6070 0147 6655 5501 1601 6446 4601 5257 6465 6366 4465 5260 5764 
0000 1107 0035 1075 1044 0001 
0007 0022 6213 3122 
0000 1110 1054 0036 1077 0041 
0007 0022 6215 2325 
0000 1111 
0007 0022 6217 3121 
0000 1112 
0007 0022 6221 2330 
0000 1113 0036 1054 1054 
0007 0012 6223 7300 
0000 1114 0035 1043 1052 1052 3027 0037 1043 1113 0621 5115 1043 1052 1052 3027 0037 1043 1052 1052 3027 0007 0027 1043 
0007 0022 6224 2227 
0000 1117 0621 5116 1043 1052 1052 3027 0037 1111 1112 1056 0036 1043 1052 1052 3027 0007 0027 1027 0011 1044 1052 0027 1043 
0007 0022 6226 2525 
0000 1120 0541 0014 1044 1056 0027 0014 0015 
0003 0121 0047 
0722 0000 0072 0002 0062 0011 0122 0017 0032 0031 0362 0034 0722 0000 0702 0002 0722 0072 0072 0074 0062 0103 0042 0154 0042 0160 1302 0164 0072 0166 0062 0233 0122 0241 0032 0253 0362 0256 0722 0314 0702 0316 0022 0406 0022 0412 0022 0414 0052 0416 0152 0423 0042 0440 0152 0444 0042 0461 0062 0465 0102 0473 0022 0503 0052 0505 0702 0512 0022 6072 0012 6074 0062 6075 0011 3552 0012 6104 0062 6105 0011 3151 0012 6113 0011 3134 0012 6114 0062 6115 0012 6123 0062 6124 0011 3530 0011 3223 0011 3243 0062 6132 0011 3305 0011 3354 0011 3270 0011 3277 0011 3274 0011 3427 0011 3446 0012 6140 0012 6141 0012 6142 0012 6143 0012 6144 0022 6145 0011 3517 0022 6147 0011 3461 0011 3523 0011 3510 0022 6151 0402 6153 0022 6213 0022 6215 0022 6217 0022 6221 0012 6223 0011 3562 0011 3567 0022 6224 0022 6226 
7265 4550 5565 5055 4244 5760 5055 4542 6546 5055 4256 6501 5055 6463 4446 5055 6346 4701 4566 5663 4644 4566 5665 6371 5055 6546 6465 5065 4244 5760 5065 4542 6546 6346 4444 5765 5642 7144 5765 5055 7060 6354 7054 4244 5760 7054 4542 6546 7054 4256 6501 7054 6463 4446 7054 6346 4701 7063 5463 4644 7063 5447 5545 5766 5555 0101 4255 6151 4201 4263 4457 6501 5055 6544 5765 5055 6554 4672 5055 7044 5765 5055 7054 4672 5055 7057 4670 5065 4542 6523 5446 7256 6454 5701 0101 0101 5746 7044 5765 6346 4442 6363 6544 5142 6301 6701 0101 0101 7054 4542 6523 6546 0000 
