0005 0003 0010 1613 0014 0010 0005 0402 
0002 0072 0002 7771 
0001 0362 0011 7742 
0001 0062 0047 7772 
0001 0062 0055 7772 
0001 0012 0063 7777 
0002 1502 0064 7630 
0002 2142 0234 7564 
0001 0062 0452 7772 
0002 0042 0460 7774 
0002 0052 0464 7773 
0002 0072 0474 7771 
0002 0062 0503 7772 
0002 0122 0511 7766 
0001 0412 0523 7737 
0001 0032 0566 7775 
0002 0022 0571 7776 
0002 0022 0573 7776 
0002 0062 0575 7772 
0002 0062 0603 7772 
0002 0032 0611 7775 
0002 0012 0614 7777 
0002 0012 0615 7777 
0002 0012 0616 7777 
0001 0372 0617 7741 
0001 0162 0660 7762 
0001 0622 0676 7716 
0001 0102 0760 7770 
0001 0052 0770 7773 
0007 0052 0770 6142 5046 0100 
0007 0012 0775 2100 
0001 0422 1000 7736 
0001 0022 1042 7776 
0007 0022 1042 4264 
0001 0012 1044 7777 
0001 0022 1045 7776 
0007 0022 1045 6047 
0001 0022 1047 7776 
0001 0102 1051 7770 
0001 0632 1061 7715 
0001 0052 1144 7773 
0007 0052 1144 4264 0160 4700 
0001 0022 1151 7776 
0001 0102 1153 7770 
0001 3742 1166 7404 
0002 0122 1562 7766 
0002 0122 1574 7766 
0001 0262 1606 7752 
0002 0122 1636 7766 
0002 0122 1650 7766 
0002 0122 1662 7766 
0002 0122 1674 7766 
0002 0122 1706 7766 
0002 0122 1720 7766 
0002 0122 1732 7766 
0002 0122 1744 7766 
0002 0122 1756 7766 
0002 0122 1770 7766 
0002 0122 2002 7766 
0001 2042 2016 7574 
0002 0072 2224 7771 
0001 0172 2233 7761 
0002 0042 2252 7774 
0001 1322 2256 7646 
0001 0362 2410 7742 
0002 0022 2446 7776 
0002 0022 2450 7776 
0001 0362 2452 7742 
0001 0362 2510 7742 
0001 0362 2546 7742 
0002 0012 2604 7777 
0001 0172 2605 7761 
0007 0172 2605 3636 3636 3636 3636 3636 3636 3636 3600 
0001 0102 2624 7770 
0007 0102 2624 7171 2071 7120 7171 
0002 0062 2634 7772 
0002 0012 2642 7777 
0002 0062 2643 7772 
0002 0122 2651 7766 
0002 0032 2663 7775 
0002 0012 2666 7777 
0007 0022 2667 2721 
0001 0152 2671 7763 
0007 0152 2671 7171 1571 7171 1571 7171 1771 7100 
0002 0022 2706 7776 
0002 0012 2710 7777 
0002 0012 2711 7777 
0002 0042 2712 7774 
0001 0012 2716 7777 
0007 0012 2717 2600 
0002 0022 2720 7776 
0002 0122 2722 7766 
0001 0172 2734 7761 
0007 0172 2734 1616 1616 1616 1616 1616 1616 1616 1600 
0002 0012 2753 7777 
0000 0030 2424 4122 
0007 0012 2754 2700 
0000 1123 1121 0001 
0007 0022 2755 2321 
0000 1124 
0007 0442 2757 6163 6044 4664 6452 5750 0160 4444 6663 6352 5750 0117 1717 0161 5546 4264 4601 7042 5265 
0000 1125 0035 
0007 0022 3023 2226 
0000 1126 0016 1777 1126 
0007 0022 3025 2230 
0000 1127 
0007 0022 3027 2727 
0000 1130 3033 0017 5000 1126 0022 1127 1124 3033 0011 
0007 0012 3031 2200 
0000 1131 
0007 0062 3032 5055 4256 4264 
0000 1132 1131 0034 0016 2000 
0007 0012 3040 2300 
0000 1133 
0007 0062 3041 7265 4550 5565 
0000 1134 1133 0034 0016 2000 
0007 0012 3047 2500 
0000 1135 
0007 0062 3050 6550 5552 4571 
0000 1136 1135 0034 0016 2000 1131 1042 1131 0020 1133 1022 1131 0020 1135 1011 1131 0020 1131 1133 3100 
0007 0012 3056 2600 
0000 1137 1123 3026 0027 
0007 0012 3057 2400 
0000 1140 1123 3100 1131 1135 3026 0027 1036 1026 1077 0003 1032 1133 0601 5141 1123 1121 0001 1124 1131 0036 1123 1121 0001 1124 
0007 0422 3060 6163 5257 6552 5750 0160 4444 6663 6352 5750 0117 1717 0161 5546 4264 4601 7042 5265 
0000 1142 0035 1031 
0007 0012 3122 2100 
0000 1143 0601 5144 1037 1026 1131 0004 1077 0003 1031 1131 0601 5145 
0007 0022 3123 2721 
0000 1146 
0007 0032 3125 2224 2300 
0000 1147 3035 0011 1110 1135 0027 1110 0040 1045 0011 1034 0012 1106 1146 0027 1045 0011 1131 1140 3104 0012 1111 0012 1065 
0007 0042 3130 3232 2121 
0000 1151 
0007 0022 3134 2221 
0000 1152 1110 0001 0031 1101 1143 0621 5153 1101 1131 0027 1135 1011 0017 5155 1015 1110 0661 5150 1015 1110 0541 5154 1131 1001 1013 0020 
0007 0022 3136 2326 
0000 1156 
0007 0022 3140 2421 
0000 1157 3003 
0007 0062 3142 2121 2121 2121 
0000 1160 0600 5154 1131 1135 3002 1065 0621 5161 1137 
0007 0012 3150 3000 
0000 1162 3002 1027 0621 5154 1074 1003 0024 5163 1027 1143 0601 5164 1074 
0007 0242 3151 0101 0101 0161 6360 4752 6501 4446 5765 4663 0116 
0000 1165 0024 
0007 0022 3175 2323 
0000 1166 
0007 0022 3177 2325 
0000 1167 3074 1027 0025 5170 1074 
0007 0252 3201 0101 0101 0101 0101 4255 5501 4552 6752 6452 6057 6400 
0000 1171 0024 5170 1135 1011 0017 5155 1131 1001 1013 0020 1156 1157 3003 
0007 0062 3226 2121 2121 2121 
0000 1172 0600 5163 1131 1135 3002 1065 0601 5163 1131 1135 3002 1065 1140 0002 0661 5173 1131 1135 3002 1065 1131 0002 0541 5174 1105 1135 1135 3002 0027 1105 2066 1003 0024 1105 2104 1131 0027 5163 1131 1135 3002 1065 1135 0002 0621 5174 1067 1003 0024 5175 1111 1131 0027 5176 1135 1011 0017 5155 1015 1110 0661 5150 1015 1110 0621 5175 1131 1001 1013 0020 1156 1157 3003 
0007 0062 3234 2121 2121 2121 
0000 1177 0600 5175 1137 1123 3005 
0007 0022 3242 5547 
0000 1200 0620 5201 1123 1131 0023 1106 0040 1137 1123 3005 
0007 0022 3244 5147 
0000 1202 0620 5203 1106 1146 0027 1106 1146 0561 4204 1137 1123 3005 
0007 0022 3246 5155 
0000 1205 0600 5206 1123 1123 3005 
0007 0012 3250 6100 
0000 1207 0600 5210 1137 
0007 0022 3251 2425 
0000 1211 3062 1003 0024 1137 1123 3005 
0007 0022 3253 5051 
0000 1212 0600 4213 1137 1123 3005 
0007 0022 3255 6571 
0000 1214 0600 4215 1075 0012 1106 
0007 0022 3257 2632 
0000 1216 0561 4204 1137 1123 3005 
0007 0022 3261 6464 
0000 1217 0600 4220 1137 1123 3005 
0007 0022 3263 6465 
0000 1221 0600 4222 1137 1123 3005 
0007 0022 3265 6565 
0000 1223 0600 4224 5175 1062 0011 
0007 0022 3267 2426 
0000 1225 
0007 0022 3271 2725 
0000 1226 3062 1003 0024 4227 5175 4230 1063 1002 0027 1137 1137 3005 
0007 0012 3273 5700 
0000 1231 0600 5232 1072 1003 0024 1137 1137 3005 
0007 0012 3274 5200 
0000 1233 0600 5234 4235 1014 1143 0601 5234 1027 1143 0601 5237 1137 1162 3002 1027 0621 5234 6234 1133 1016 1014 0020 0042 1014 0040 1017 1002 0621 5234 1131 1133 3102 1137 1123 3020 0027 1140 1123 3102 1131 1135 3020 0027 1102 1100 0661 5234 1050 1050 1021 0031 5237 1114 1006 0024 1135 1011 0017 5155 1131 1001 1013 0020 1137 1123 3005 
0007 0022 3275 5764 
0000 1240 0600 5241 1137 1123 3005 
0007 0022 3277 6764 
0000 1242 0620 5243 4230 4235 5236 1027 1143 0601 5244 1137 1162 3002 1027 0621 0014 1052 1052 1024 1131 0002 2010 0031 0014 1112 1143 0601 5176 1031 1131 0601 5245 1050 1143 0601 5246 5247 1050 1143 0621 5247 1052 1143 0601 5246 1133 
0007 0022 3301 2422 
0000 1250 3062 1072 0024 1225 
0007 0022 3303 2530 
0000 1251 3062 1050 1107 0003 1133 
0007 0022 3305 2225 
0000 1252 3064 1225 1251 3062 0024 1117 1050 0027 4253 1211 
0007 0022 3307 2531 
0000 1254 3062 1064 0024 1031 1131 0621 5255 
0007 0022 3311 3130 
0000 1256 
0007 0022 3313 3232 
0000 1257 3062 1052 1107 0003 1133 1252 3064 1256 1257 3062 0024 1117 1052 0027 4253 
0007 0022 3315 3127 
0000 1260 
0007 0032 3317 2221 2100 
0000 1261 3062 1064 0024 4262 1057 1057 1050 0031 1060 1060 1052 0031 1046 1046 1050 0031 1053 1053 1052 0031 1050 0012 1052 0012 1112 0012 1075 1131 0027 5176 1112 1131 0027 1050 1050 1043 0031 1052 1052 1044 0031 5263 1050 1043 0027 1052 1044 0027 1072 0011 1072 
0007 0102 3322 5746 6501 5560 6464 
0000 1264 0024 1073 0011 1073 
0007 0102 3332 5746 6501 5560 6464 
0000 1265 0024 1050 1143 0541 4266 1052 1143 0541 4267 1112 1131 0027 1114 1006 0024 1135 1011 0017 5155 5243 1072 
0007 0122 3342 5746 6501 5257 4460 5646 
0000 1270 0024 0014 1073 
0007 0122 3354 5746 6501 5257 4460 5646 
0000 1271 0024 0014 1131 1131 3064 0011 1126 1126 3064 0011 1114 
0007 0012 3366 4500 
0000 1272 0620 5273 1117 1143 0541 4274 5275 1114 
0007 0012 3367 4400 
0000 1276 0620 5275 1117 1143 0661 4274 1075 1131 0601 0014 1071 1133 0027 1071 0040 1071 1071 3064 
0007 0012 3370 0100 
0000 1300 0600 5277 1071 1133 0004 1071 1133 0004 3064 
0007 0012 3371 0500 
0000 1301 0024 0014 1027 1143 0601 5302 1137 1162 3002 1027 0621 0014 1112 1131 0027 0014 1123 1131 0023 4262 1106 1106 1133 0031 0014 4262 1106 0040 0014 1051 1057 0027 1056 1060 0027 4303 1070 1225 0027 4304 1057 0012 1060 0012 1052 0012 0014 1051 1046 0027 1056 1053 0027 4303 1070 
0007 0022 3372 2622 
0000 1305 0027 4304 1047 1047 1046 0031 1054 1054 1053 0031 1046 0012 1053 0012 0014 1062 0011 
0007 0022 3374 2621 
0000 1306 1226 3062 1120 0024 1031 1131 0621 5307 
0007 0032 3376 2221 2200 
0000 1310 
0007 0032 3401 2222 2600 
0000 1311 3062 1120 0024 4262 1135 1250 3062 1003 0024 1051 1047 0027 1056 1054 0027 1070 1305 0027 4304 4303 1103 1103 1047 0031 1055 1055 1054 0031 1047 0012 1054 0012 0014 1070 1070 
0007 0022 3404 2223 
0000 1312 0002 3062 1051 1107 0003 1133 1252 3064 1070 1070 1312 0002 3062 0024 1117 1051 0027 4253 1070 1070 1131 0032 1070 1070 1252 0002 3062 1064 0024 1031 1131 0621 5313 1070 
0007 0022 3406 2623 
0000 1314 0002 1070 1226 0002 3062 1056 1107 0003 1133 1252 3064 1070 1314 0002 1070 1226 0002 3062 0024 1117 1056 0027 4253 1070 1305 0002 1070 
0007 0022 3410 2726 
0000 1315 0002 3062 1064 0024 4262 0014 1106 0012 1123 1143 0023 1034 0040 1123 1033 0017 5000 1041 1074 0024 4262 1123 1131 0023 1105 1131 0027 1105 2104 1131 0621 5317 1041 1105 2066 0024 4262 1105 0040 1105 1135 0541 5316 1123 1131 0023 1041 1067 0024 4262 1123 1131 0023 1123 1035 0017 5000 1123 1131 0023 1106 1106 1162 0031 0014 1123 1131 0023 1106 0040 1123 1061 0017 5000 1106 0040 1061 0011 0014 1126 1126 3064 
0007 0012 3412 1200 
0000 1320 0024 1071 1131 0027 1071 0040 1071 1071 3064 1300 0600 5321 1071 1131 0004 1071 1131 0004 3064 
0007 0012 3413 1100 
0000 1322 0024 0014 1062 0011 1306 1226 3062 1076 0024 1031 1131 0621 5324 1310 1311 3062 1076 0024 4262 0014 1062 0011 1211 1254 3062 1120 0024 1031 1131 0621 5325 1260 1310 3062 1120 0024 4262 1135 
0007 0022 3414 2424 
0000 1326 3062 1003 0024 0014 1123 1143 0023 1162 1121 0001 1131 1131 0036 1131 0022 1133 0022 1135 0022 0015 1167 
0007 0022 3416 3121 
0000 1327 
0007 0022 3420 2330 
0000 1330 0036 1143 1143 
0007 0012 3422 7300 
0000 1331 0035 1116 1131 1131 3064 0037 1116 1330 0621 5332 1116 1131 1131 3064 0037 1116 1131 1131 3064 0007 0027 1116 
0007 0022 3423 2227 
0000 1334 0621 5333 1116 1131 1131 3064 0037 1167 1327 1133 0036 1116 1131 1131 3064 0007 0027 1064 0011 1121 1131 0027 1116 
0007 0022 3425 2525 
0000 1335 0541 0014 1121 1133 0027 0014 0015 
0003 0336 0123 
4502 0000 0072 0002 0362 0011 0062 0047 0062 0055 0012 0063 0102 0064 0122 0234 0212 0450 0062 0452 0042 0460 0052 0464 0012 0452 0722 0472 0072 0474 0062 0503 0122 0511 0722 0564 0022 0571 0022 0573 0062 0575 0062 0603 0032 0611 0012 0614 0012 0615 0012 0616 1202 0656 0012 0775 1652 0776 0102 1051 0102 1153 0752 0776 0362 1035 4502 1164 0122 1562 0122 1574 1602 1634 0122 1636 0122 1650 0122 1662 0122 1674 0122 1706 0122 1720 0122 1732 0122 1744 0122 1756 0122 1770 0122 2002 2062 2014 2042 2016 0072 2224 0172 2233 0042 2252 0362 2256 0362 2410 0022 2446 0022 2450 0362 2452 0362 2510 0362 2546 0012 2604 0172 2605 0102 2624 0062 2634 0012 2642 0062 2643 0122 2651 0012 2663 0012 2666 0022 2667 0152 2671 0022 2706 0012 2710 0012 2711 0042 2712 0012 2716 0012 2717 0022 2720 0122 2722 0172 2734 0012 2753 0011 3623 0012 2754 0022 2755 0442 2757 0022 3023 0022 3025 0022 3027 0012 3031 0062 3032 0012 3040 0062 3041 0012 3047 0062 3050 0012 3056 0012 3057 0011 3606 0422 3060 0012 3122 0011 1756 0011 1766 0022 3123 0032 3125 0011 1771 0042 3130 0022 3134 0011 2033 0011 2027 0011 3603 0022 3136 0022 3140 0062 3142 0011 2075 0012 3150 0011 2116 0011 2112 0242 3151 0022 3175 0022 3177 0011 2134 0252 3201 0062 3226 0011 2200 0011 2214 0011 2220 0011 2224 0062 3234 0022 3242 0011 2261 0022 3244 0011 2272 0011 3367 0022 3246 0011 2364 0012 3250 0011 2375 0022 3251 0022 3253 0011 3112 0022 3255 0011 3123 0022 3257 0022 3261 0011 3127 0022 3263 0011 3151 0022 3265 0011 3201 0022 3267 0022 3271 0011 3462 0011 3074 0012 3273 0011 2737 0012 3274 0011 2502 0011 2534 0011 2421 0011 2437 0022 3275 0011 2723 0022 3277 0011 2556 0011 2546 0011 2573 0011 2715 0011 2603 0022 3301 0022 3303 0022 3305 0011 3012 0022 3307 0011 2670 0022 3311 0022 3313 0022 3315 0032 3317 0011 3467 0011 2775 0102 3322 0102 3332 0011 3002 0011 3006 0122 3342 0122 3354 0012 3366 0011 3033 0011 3500 0011 3043 0012 3367 0011 3052 0012 3370 0012 3371 0011 3106 0011 3554 0011 3257 0022 3372 0022 3374 0011 3221 0032 3376 0032 3401 0022 3404 0011 3365 0022 3406 0022 3410 0011 3414 0011 3426 0012 3412 0011 3510 0012 3413 0011 3532 0011 3552 0011 3574 0022 3414 0022 3416 0022 3420 0012 3422 0011 3633 0011 3640 0022 3423 0022 3425 
5055 4256 4264 4244 6557 6001 4546 6444 6301 4764 6544 4546 6444 5144 4546 6142 6346 5701 4366 4550 4665 6172 6344 6056 6550 5552 4571 6550 6444 4546 6550 6344 5760 6565 7163 4644 6444 5145 5760 7265 4550 5565 5055 4244 5760 5055 4542 6546 5055 4256 6501 4566 5672 6545 6465 6361 6345 4657 4561 6345 6465 6345 4265 4657 4542 6501 6147 4401 0101 4355 6447 5550 4456 6147 5550 6444 5147 5550 5146 4245 2201 6142 5046 5760 5546 5046 5745 5550 5745 6546 5550 5745 6523 6552 6563 4644 6552 6555 5257 6556 6147 5255 5746 6561 5755 6163 5761 5755 6444 4567 4263 6466 4342 5665 6560 6542 5665 6752 6142 5665 7265 4542 5665 6163 6742 5665 6163 6764 6643 6163 6765 6065 6163 6750 6345 6163 6772 6545 6446 4442 5665 6446 4461 6367 6143 6647 0101 6155 5257 4601 4244 6557 6023 4255 6151 4201 4342 6446 0101 4364 4460 5601 4364 6552 6501 4455 6101 0101 4460 5501 0101 4546 6444 6323 4546 6444 6324 4552 6764 5701 4555 6364 7001 4560 6643 5546 4565 5642 6454 4657 4565 4623 4764 6547 5550 5055 4565 4623 5063 4542 5665 5145 5201 0101 5201 0101 0101 5552 5744 5765 5642 6454 2201 5701 0101 0101 5760 6552 6555 6147 4464 7001 6346 4457 6001 6442 6765 4355 6444 5143 6354 6544 5142 6301 6564 6542 5665 6657 4546 6301 6701 0101 0101 6546 0000 
