0005 0004 0010 2232 0017 0010 0005 0402 
0002 0072 0002 7771 
0001 0362 0011 7742 
0001 0062 0047 7772 
0001 0062 0055 7772 
0001 0012 0063 7777 
0002 1502 0064 7630 
0001 2142 0234 7564 
0001 0062 0452 7772 
0002 0042 0460 7774 
0002 0052 0464 7773 
0002 0072 0474 7771 
0002 0062 0503 7772 
0002 0122 0511 7766 
0001 0412 0523 7737 
0001 0032 0566 7775 
0002 0022 0571 7776 
0002 0022 0573 7776 
0002 0062 0575 7772 
0002 0062 0603 7772 
0002 0032 0611 7775 
0002 0012 0614 7777 
0002 0012 0615 7777 
0002 0012 0616 7777 
0001 0372 0617 7741 
0001 3242 0660 7454 
0002 0122 1204 7766 
0002 0122 1216 7766 
0002 0122 1230 7766 
0002 0122 1242 7766 
0001 0522 1254 7726 
0001 0162 1330 7762 
0001 0622 1346 7716 
0001 0102 1430 7770 
0001 0052 1440 7773 
0007 0052 1440 6142 5046 0100 
0007 0012 1445 2100 
0001 0302 1450 7750 
0001 0032 1500 7775 
0007 0032 1500 4760 6300 
0001 0012 1503 7777 
0001 0032 1504 7775 
0007 0032 1504 6551 4600 
0001 0012 1507 7777 
0001 0062 1510 7772 
0007 0062 1510 6146 6352 6045 
0001 0022 1516 7776 
0001 0102 1520 7770 
0001 0022 1530 7776 
0001 0022 1532 7776 
0007 0022 1532 6560 
0001 0022 1534 7776 
0001 0102 1536 7770 
0001 0522 1546 7726 
0001 0102 1620 7770 
0007 0102 1620 4366 4550 4665 4645 
0001 0452 1632 7733 
0001 0072 1677 7771 
0007 0072 1677 4466 6363 4657 6500 
0001 0012 1706 7777 
0001 0062 1707 7772 
0007 0062 1707 6146 6352 6045 
0001 0132 1715 7765 
0001 0042 1730 7774 
0007 0042 1730 7246 4263 
0001 0012 1734 7777 
0001 0022 1735 7776 
0007 0022 1735 6560 
0001 0012 1737 7777 
0001 0042 1740 7774 
0007 0042 1740 4542 6546 
0001 0152 1744 7763 
0001 0162 1761 7762 
0007 0162 1761 4466 6363 4657 6501 6146 6352 6045 
0001 0132 1777 7765 
0001 0142 2012 7764 
0007 0142 2012 7246 4263 0165 6001 4542 6546 
0001 0412 2030 7737 
0001 0052 2071 7773 
0007 0052 2071 6342 6552 6000 
0001 0112 2076 7767 
0001 0062 2107 7772 
0007 0062 2107 4256 6066 5765 
0001 0052 2115 7773 
0001 0052 2122 7773 
0007 0052 2122 6342 6552 6000 
0001 0112 2127 7767 
0001 0062 2140 7772 
0007 0062 2140 4256 6066 5765 
0001 0052 2146 7773 
0001 0052 2153 7773 
0007 0052 2153 6342 6552 6000 
0001 0112 2160 7767 
0001 0062 2171 7772 
0007 0062 2171 4256 6066 5765 
0001 0052 2177 7773 
0001 0052 2204 7773 
0007 0052 2204 6342 6552 6000 
0001 0112 2211 7767 
0001 0062 2222 7772 
0007 0062 2222 4256 6066 5765 
0001 2042 2232 7574 
0002 0062 2440 7772 
0002 0062 2446 7772 
0002 0062 2454 7772 
0002 0062 2462 7772 
0002 0122 2470 7766 
0002 0122 2502 7766 
0002 0122 2514 7766 
0002 0122 2526 7766 
0002 0122 2540 7766 
0002 0122 2552 7766 
0002 0122 2564 7766 
0002 0122 2576 7766 
0002 0122 2610 7766 
0002 0122 2622 7766 
0002 0122 2634 7766 
0002 0122 2646 7766 
0002 0122 2660 7766 
0002 0122 2672 7766 
0001 0172 2706 7761 
0002 0072 2725 7771 
0002 0042 2734 7774 
0002 0022 2740 7776 
0002 0122 2742 7766 
0001 0362 2754 7742 
0001 0362 3012 7742 
0002 0012 3050 7777 
0001 0172 3051 7761 
0007 0172 3051 3636 3636 3636 3636 3636 3636 3636 3600 
0002 0062 3070 7772 
0002 0012 3076 7777 
0002 0062 3077 7772 
0002 0062 3105 7772 
0002 0032 3113 7775 
0002 0012 3116 7777 
0007 0022 3117 2721 
0001 0102 3121 7770 
0007 0102 3121 7171 2071 7120 7171 
0001 0062 3131 7772 
0007 0062 3131 7171 7117 7171 
0001 0152 3137 7763 
0007 0152 3137 7171 1571 7171 1571 7171 1771 7100 
0001 0152 3154 7763 
0007 0152 3154 7171 1571 7171 1571 7171 1721 2100 
0002 0022 3171 7776 
0002 0022 3173 7776 
0002 0012 3175 7777 
0002 0012 3176 7777 
0001 1322 3177 7646 
0001 0362 3331 7742 
0007 0362 3331 0101 0101 0101 6466 6161 6063 6552 5750 0164 4451 4645 6655 4601 0101 0101 
0001 0012 3367 7777 
0007 0012 3370 2600 
0002 0122 3371 7766 
0002 0122 3403 7766 
0002 0062 3415 7772 
0002 0022 3423 7776 
0001 2262 3425 7552 
0002 0122 3653 7766 
0001 0172 3665 7761 
0007 0172 3665 1616 1616 1616 1616 1616 1616 1616 1600 
0002 0012 3704 7777 
0002 0122 3705 7766 
0002 0122 3717 7766 
0002 0122 3731 7766 
0000 0030 3446 4144 
0007 0012 3744 2300 
0000 1145 
0007 0012 3745 2200 
0000 1146 
0007 0242 3746 6466 6161 6063 6552 5750 0164 4451 4645 6655 4664 
0000 1147 0035 
0007 0012 3772 2700 
0000 1150 1140 0001 
0007 0022 3773 2321 
0000 1151 
0007 0442 3775 6163 6044 4664 6452 5750 0160 4444 6663 6352 5750 0117 1717 0161 5546 4264 4601 7042 5265 
0000 1152 0035 
0007 0022 4041 2226 
0000 1153 0016 1777 1153 
0007 0022 4043 2230 
0000 1154 
0007 0022 4045 2727 
0000 1155 3037 0017 5000 1153 0022 1154 1151 3037 0011 1146 
0007 0062 4047 5055 4256 4264 
0000 1156 1146 0034 0016 2000 1145 
0007 0062 4055 7265 4550 5565 
0000 1157 1145 0034 0016 2000 
0007 0012 4063 2500 
0000 1160 
0007 0062 4064 6550 5552 4571 
0000 1161 1160 0034 0016 2000 1146 1032 1146 0020 1145 1021 1146 0020 1031 1145 0601 5162 1150 1140 0001 1151 1146 0036 1150 1140 0001 1151 
0007 0422 4072 6163 5257 6552 5750 0160 4444 6663 6352 5750 0117 1717 0161 5546 4264 4601 7042 5265 
0000 1163 0035 1030 1146 0601 5164 
0007 0032 4134 2221 2400 
0000 1165 
0007 0032 4137 2222 2500 
0000 1166 3041 0011 
0007 0022 4142 3131 
0000 1167 
0007 0032 4144 2224 2300 
0000 1170 3044 0011 
0007 0022 4147 3125 
0000 1171 1170 3045 0011 1131 1033 0027 1132 1034 0027 1146 1145 3133 
0007 0012 4151 2600 
0000 1172 1150 3024 0027 
0007 0012 4152 2400 
0000 1173 1150 3133 1146 1160 3024 0027 1042 1024 1115 0003 1146 1145 3106 1172 1150 3025 0027 1173 1150 3106 1146 1160 3025 0027 1043 1025 1115 0003 1122 0012 1122 0040 1122 1130 0561 5162 1114 
0007 0022 4153 2721 
0000 1175 0027 1052 0011 1146 1173 3112 0012 1123 0012 1077 
0007 0042 4155 3232 2121 
0000 1176 
0007 0022 4161 2221 
0000 1177 1122 0001 0031 1107 
0007 0012 4163 2100 
0000 1200 0621 5201 1107 1146 0027 1160 1010 0017 5162 1014 1122 0661 5174 1146 1146 3011 
0007 0012 4164 0100 
0000 1203 0600 5202 1146 1001 1012 0020 
0007 0022 4165 2326 
0000 1204 
0007 0022 4167 2421 
0000 1205 3003 
0007 0062 4171 2121 2121 2121 
0000 1206 0600 5202 1146 1160 3002 1077 0621 5207 1172 
0007 0012 4177 3000 
0000 1210 3002 1026 0621 5202 1103 1003 0024 5211 1026 1200 0601 5212 1103 
0007 0242 4200 0101 0101 0161 6360 4752 6501 4446 5765 4663 0116 
0000 1213 0024 
0007 0022 4224 2323 
0000 1214 
0007 0022 4226 2325 
0000 1215 3103 1026 0025 5216 1103 
0007 0252 4230 0101 0101 0101 0101 4255 5501 4552 6752 6452 6057 6400 
0000 1217 0024 5216 1160 1010 0017 5162 1146 1001 1012 0020 1204 1205 3003 
0007 0062 4255 2121 2121 2121 
0000 1220 0600 5211 1146 1160 3002 1077 0601 5211 1146 1160 3002 1077 1173 0002 0661 5221 1146 1160 3002 1077 1146 0002 0541 5222 1113 1160 1160 3002 0027 1113 2125 1003 0024 1113 2112 1146 0027 5211 1146 1160 3002 1077 1160 0002 0621 5222 1126 1003 0024 5223 1123 1146 0027 5224 1160 1010 0017 5162 1014 1122 0661 5174 1014 1122 0621 5223 1146 1001 1012 0020 1204 1205 3003 
0007 0062 4263 2121 2121 2121 
0000 1225 0600 5223 1172 1150 3005 
0007 0022 4271 5547 
0000 1226 0620 5227 1150 1146 0023 1114 0040 1172 1150 3005 
0007 0022 4273 5147 
0000 1230 0620 5231 1114 1175 0027 1114 1175 0561 4232 1172 1150 3005 
0007 0022 4275 5155 
0000 1233 0600 5234 1127 1006 0024 1150 1150 3005 
0007 0012 4277 6100 
0000 1235 0600 5236 1114 
0007 0022 4300 2631 
0000 1237 0561 4232 1160 
0007 0022 4302 2424 
0000 1240 3047 1003 0024 1172 1150 3005 
0007 0022 4304 5051 
0000 1241 0600 4242 1172 1150 3005 
0007 0022 4306 6463 
0000 1243 0600 4242 1172 1150 3005 
0007 0022 4310 6571 
0000 1244 0600 4245 1104 0012 1172 1150 3005 
0007 0022 4312 6464 
0000 1246 0600 4247 1172 1150 3005 
0007 0022 4314 4663 
0000 1250 0600 4247 1172 1150 3005 
0007 0022 4316 6465 
0000 1251 0600 4247 1172 1150 3005 
0007 0022 4320 6565 
0000 1252 0600 4253 5223 
0007 0022 4322 2427 
0000 1254 1155 3047 1003 0024 4242 5223 4255 1076 1002 0027 1102 1003 0024 1172 1172 3005 
0007 0012 4324 5200 
0000 1256 0600 5257 4260 1013 1200 0601 5257 1026 1200 0601 5262 1172 1210 3002 1026 0621 5257 6257 1145 1015 1013 0020 0042 1013 0040 1016 1002 0621 5257 1146 1145 3111 1172 1150 3017 0027 1173 1150 3111 1146 1160 3017 0027 1111 1106 0661 5257 1111 1133 0541 5263 1141 1141 1020 0031 5262 1142 1142 1020 0031 5262 1127 1006 0024 1160 1010 0017 5162 1146 1001 1012 0020 1172 1150 3005 
0007 0022 4325 6764 
0000 1264 0620 5265 4255 4260 5261 1146 2007 1146 0005 0601 0014 1121 0012 1026 1200 0601 5266 1172 1210 3002 1026 0621 0014 1121 0040 1121 1022 0541 5267 1121 1023 0661 5267 1057 1057 1121 2007 0031 1121 1023 0661 5270 1060 1060 1121 2007 0031 1121 1023 0661 0014 5266 1124 1200 0601 5224 1101 1141 0027 1143 1141 1142 0031 1101 1200 0621 5271 1143 1200 0621 5271 1030 1146 0621 5272 1057 1200 0621 5271 1060 1200 0621 5271 5272 1145 
0007 0022 4327 2422 
0000 1273 3047 1102 0024 4274 1061 1061 1141 0031 1063 1063 1141 0002 1142 0031 1065 1065 1057 0031 1067 1067 1060 0031 1062 1062 1141 0031 1064 1064 1141 0002 1142 0031 1066 1066 1057 0031 1070 1070 1060 0031 1141 0012 1142 0012 1057 0012 1060 0012 1104 1146 0027 1124 0012 5224 1026 1200 0601 5275 1172 1210 3002 1026 0621 0014 1124 1146 0027 0014 6276 1053 1101 
0007 0062 4331 2221 2121 2121 
0000 1277 0001 1131 0006 1146 0010 0027 0042 6300 1054 1143 
0007 0062 4337 2221 2121 2121 
0000 1301 0001 1132 0006 1146 0010 0027 0042 1030 1146 0621 5302 6303 1055 1057 
0007 0062 4345 2221 2121 2121 
0000 1304 0001 1035 0006 1146 0010 0027 0042 6302 1056 1060 
0007 0062 4353 2221 2121 2121 
0000 1305 0001 1036 0006 1146 0010 0027 0042 1240 
0007 0022 4361 2431 
0000 1306 3047 1053 1116 0003 
0007 0022 4363 2522 
0000 1307 
0007 0022 4365 2624 
0000 1310 3047 1101 1117 0003 1145 
0007 0022 4367 2225 
0000 1311 3075 1307 1310 3047 0024 1136 1101 0027 4312 
0007 0022 4371 2521 
0000 1313 
0007 0022 4373 2625 
0000 1314 3047 1075 0024 1314 1314 3047 
0007 0012 4375 1200 
0000 1315 0620 5316 
0007 0022 4376 2432 
0000 1317 1317 3047 
0007 0012 4400 1600 
0000 1320 0024 1237 
0007 0022 4401 2724 
0000 1321 3047 1054 1116 0003 1155 
0007 0022 4403 3031 
0000 1322 3047 1143 1117 0003 1145 1311 3075 1155 1322 3047 0024 1136 1143 0027 4312 
0007 0022 4405 2726 
0000 1323 
0007 0022 4407 3032 
0000 1324 3047 1075 0024 1324 1324 3047 1315 0620 5325 
0007 0022 4411 2725 
0000 1326 1326 3047 1320 0024 1030 1146 0621 5327 
0007 0022 4413 3124 
0000 1330 1167 3047 1055 1116 0003 
0007 0022 4415 3222 
0000 1331 1165 3047 1057 1120 0003 1145 1311 3075 1331 1165 3047 0024 1136 1057 0027 4312 
0007 0022 4417 3221 
0000 1332 
0007 0032 4421 2221 2500 
0000 1333 3047 1075 0024 1333 1333 3047 1315 0620 5334 
0007 0022 4424 3132 
0000 1335 1335 3047 1320 0024 
0007 0032 4426 2221 3100 
0000 1336 
0007 0032 4431 2222 2400 
0000 1337 3047 1056 1116 0003 
0007 0032 4434 2222 2700 
0000 1340 
0007 0032 4437 2223 3100 
0000 1341 3047 1060 1120 0003 1145 1311 3075 1340 1341 3047 0024 1136 1060 0027 4312 
0007 0032 4442 2222 2600 
0000 1342 
0007 0032 4445 2223 3200 
0000 1343 3047 1075 0024 1343 1343 3047 1315 0620 5327 1166 1166 3047 1320 0024 4245 0014 1146 1146 3075 0011 1153 1153 3075 0011 1127 
0007 0012 4450 4500 
0000 1344 0620 5345 1136 1200 0561 5345 4346 5347 1127 
0007 0012 4451 4400 
0000 1350 0620 5347 1136 1200 0641 5347 4346 1104 1146 0601 0014 1100 1145 0027 1100 0040 1100 1100 3075 1203 0600 5351 1100 1145 0004 1100 1145 0004 3075 
0007 0012 4452 0500 
0000 1352 0024 0014 1172 1150 3005 1246 0600 5353 1101 1061 0027 1143 1063 0027 1057 1065 0027 1060 1067 0027 5354 1101 1062 0027 1143 1064 0027 1057 1066 0027 1060 1070 0027 4355 4274 1150 1146 0023 1114 0040 1172 1150 3005 1246 0600 5356 1071 1071 1061 0031 1072 1072 1063 0031 1073 1073 1065 0031 1074 1074 1067 0031 1061 0012 1063 0012 1065 0012 1067 0012 1062 0012 1064 0012 1066 0012 1070 0012 1057 0012 1060 0012 0014 1101 1071 0027 1143 1072 0027 1057 1073 0027 1060 1074 0027 4355 4274 1057 0012 1060 0012 1150 1146 0023 0014 1114 0012 1150 1200 0023 1040 0040 1150 1037 0017 5000 1051 1103 0024 4245 1150 1146 0023 1113 1146 
0000 0027 1113 2112 1146 0621 5360 1051 1113 2125 0024 4245 1113 0040 1113 1160 0541 5357 1150 1146 0023 1051 1126 0024 4245 1150 1146 0023 1150 1041 0017 5000 1150 1146 0023 1150 1044 0017 5000 1150 1045 0017 5000 1150 1146 0023 1114 1114 
0007 0012 4453 3200 
0000 1361 0031 0014 1150 1146 0023 1114 0040 1150 1046 0017 5000 1114 0040 1046 0011 0014 1153 1153 3075 1315 0024 1100 1146 0027 1100 0040 1100 1100 3075 1203 0600 5362 1100 1146 0004 1100 1146 0004 3075 
0007 0012 4454 1100 
0000 1363 0024 0014 1047 0011 1313 1314 3047 1137 0024 1323 1324 3047 1137 0024 1030 1146 0621 5364 1332 1333 3047 1137 0024 1342 1343 3047 1137 0024 4245 1160 1240 3047 1003 0024 0014 1210 1140 0001 1146 1146 0036 1146 0022 1145 0022 1160 0022 0015 1215 
0007 0022 4455 3121 
0000 1365 
0007 0022 4457 2330 
0000 1366 0036 1200 1200 
0007 0012 4461 7300 
0000 1367 0035 1134 1146 1146 3075 0037 1134 1366 0621 5370 1134 1146 1146 3075 0037 1134 1146 1146 3075 0007 0027 1134 
0007 0022 4462 2227 
0000 1372 0621 5371 1134 1146 1146 3075 0037 1215 1365 1145 0036 1134 1146 1146 3075 0007 0027 1075 0011 1140 1146 0027 1134 
0007 0022 4464 2525 
0000 1373 0541 0014 1140 1145 0027 0014 0015 
0003 0374 0145 
4502 0000 0072 0002 0362 0011 0062 0047 0062 0055 0012 0063 0102 0064 0212 0450 0062 0452 0042 0460 0052 0464 0012 0452 0722 0472 0072 0474 0062 0503 0122 0511 0722 0564 0022 0571 0022 0573 0062 0575 0062 0603 0032 0611 0012 0614 0012 0615 0012 0616 4502 0656 0122 1204 0122 1216 0122 1230 0122 1242 1202 1326 0012 1445 1622 1446 0102 1520 0102 1536 1762 1630 2022 2026 2062 2230 2042 2232 0752 2230 0362 2267 2462 2436 0062 2440 0062 2446 0062 2454 0062 2462 0122 2470 0122 2502 0122 2514 0122 2526 0122 2540 0122 2552 0122 2564 0122 2576 0122 2610 0122 2622 0122 2634 0122 2646 0122 2660 0122 2672 0172 2706 0072 2725 0042 2734 0022 2740 0122 2742 0362 2754 0362 3012 0012 3050 0172 3051 0062 3070 0012 3076 0062 3077 0062 3105 0012 3113 0012 3116 0022 3117 0102 3121 0062 3131 0152 3137 0152 3154 0022 3171 0022 3173 0012 3175 0012 3176 0362 3177 0362 3331 0012 3367 0012 3370 0122 3371 0122 3403 0062 3415 0022 3423 0362 3425 0122 3653 0172 3665 0012 3704 0122 3705 0122 3717 0122 3731 0011 4452 0012 3744 0012 3745 0242 3746 0012 3772 0022 3773 0442 3775 0022 4041 0022 4043 0022 4045 0062 4047 0062 4055 0012 4063 0062 4064 0011 4435 0422 4072 0011 2361 0032 4134 0032 4137 0022 4142 0032 4144 0022 4147 0012 4151 0012 4152 0011 2435 0022 4153 0042 4155 0022 4161 0012 4163 0011 2477 0011 2473 0012 4164 0022 4165 0022 4167 0062 4171 0011 2543 0012 4177 0011 2564 0011 2560 0242 4200 0022 4224 0022 4226 0011 2602 0252 4230 0062 4255 0011 2646 0011 2662 0011 2666 0011 2672 0062 4263 0022 4271 0011 2727 0022 4273 0011 2740 0011 4216 0022 4275 0011 3051 0012 4277 0011 3060 0022 4300 0022 4302 0022 4304 0011 4324 0022 4306 0022 4310 0011 4331 0022 4312 0011 4047 0022 4314 0022 4316 0022 4320 0011 4170 0022 4322 0011 3423 0012 4324 0011 3170 0011 3214 0011 3076 0011 3114 0011 3163 0022 4325 0011 3273 0011 3236 0011 3255 0011 3266 0011 3333 0011 3415 0022 4327 0011 3441 0011 3435 0011 3453 0062 4331 0011 3466 0062 4337 0011 3520 0011 3505 0062 4345 0062 4353 0022 4361 0022 4363 0022 4365 0022 4367 0011 3763 0022 4371 0022 4373 0012 4375 0011 3570 0022 4376 0012 4400 0022 4401 0022 4403 0022 4405 0022 4407 0011 3637 0022 4411 0011 3761 0022 4413 0022 4415 0022 4417 0032 4421 0011 3712 0022 4424 0032 4426 0032 4431 0032 4434 0032 4437 0032 4442 0032 4445 0012 4450 0011 4005 0011 4342 0011 4016 0012 4451 0011 4025 0012 4452 0011 4072 0011 4106 0011 4374 0011 4153 0011 4243 0011 4255 0012 4453 0011 4352 0012 4454 0011 4426 0022 4455 0022 4457 0012 4461 0011 4462 0011 4467 0022 4462 0022 4464 
5055 4256 4264 4244 6557 6001 4546 6444 6301 4764 6544 4546 6444 5144 4546 6142 6346 5701 4366 4550 4665 6550 5552 4571 6550 6444 4546 6550 6344 5760 6565 7163 4644 6444 5145 5760 7265 4550 5565 5055 4244 5760 5055 4542 6546 5055 4256 6501 4566 5672 6545 6465 6361 6345 4657 4561 6345 6465 6345 4265 4657 4542 6501 6147 4401 0101 4355 6447 5550 4456 6147 5550 6444 5147 5550 6556 6147 5255 6463 6444 6663 6463 6163 4463 4366 4544 6663 4366 4572 6301 5146 4245 2201 6142 5046 5760 5546 5046 5745 5550 5745 6522 5550 5745 6523 5146 4245 2601 5146 4245 2701 6143 6647 0101 6155 5257 4601 6552 6563 4644 6552 6555 5257 6444 4567 4263 6342 6552 6022 6342 6552 6023 6342 6552 6024 6342 6552 6025 4466 6343 6645 7265 4543 6645 6466 4344 6322 6466 4344 6323 6466 4372 6322 6466 4372 6323 6443 4463 4322 6443 4463 4323 6443 7263 4322 6443 7263 4323 6560 6544 6663 6560 6572 6545 6560 4463 4345 6560 7263 4345 4255 6151 4201 4244 6557 6023 4342 6446 0101 4460 5501 0101 4466 6342 5665 4546 6444 6323 4552 6764 5701 4555 6364 7001 4560 6643 5546 4657 4565 4623 4764 6547 5550 5055 4565 4601 5055 4565 4623 5145 5201 0101 5201 0101 0101 5552 5744 5765 5642 6454 2201 5642 6454 2301 5642 6454 2401 5642 6454 2501 5660 5744 5765 5701 0101 0101 5760 6552 6555 6147 4464 7001 6155 4460 5601 6155 6552 6501 6442 6765 4355 6444 5143 6354 6455 6444 6663 6455 6472 6545 6465 6345 6523 6544 5142 6301 6552 6555 4601 6564 6542 5665 6657 4546 6301 6701 0101 0101 6761 4466 6301 6761 6163 4601 7265 4542 5665 6546 0000 
