0005 0003 0010 0453 0004 0010 0005 0402 
0002 0072 0002 7771 
0001 0362 0011 7742 
0001 0062 0047 7772 
0001 0062 0055 7772 
0001 0012 0063 7777 
0002 1502 0064 7630 
0002 2142 0234 7564 
0002 0072 0452 7771 
0002 0062 0461 7772 
0002 0122 0467 7766 
0001 0032 0501 7775 
0001 0362 0504 7742 
0001 0032 0544 7775 
0002 0022 0547 7776 
0002 0022 0551 7776 
0002 0062 0553 7772 
0002 0062 0561 7772 
0002 0032 0567 7775 
0001 0422 0572 7736 
0002 0072 0636 7771 
0001 0062 0645 7772 
0002 0042 0653 7774 
0002 0052 0657 7773 
0001 0022 0666 7776 
0002 0122 0670 7766 
0002 0122 0702 7766 
0002 0062 0714 7772 
0002 0062 0722 7772 
0002 0022 0730 7776 
0002 0032 0732 7775 
0002 0122 0735 7766 
0002 0122 0747 7766 
0002 0062 0761 7772 
0002 0022 0767 7776 
0002 0012 0771 7777 
0000 0030 1344 4051 
0007 0012 0772 2200 
0000 1052 
0007 0062 0773 5055 4256 4264 
0000 1053 1052 0034 0016 6000 
0007 0012 1001 2300 
0000 1054 
0007 0062 1002 7265 4550 5565 
0000 1055 1054 0034 0016 2000 
0007 0012 1010 2400 
0000 1056 
0007 0062 1011 0547 6452 4571 
0000 1057 1056 0034 0016 2000 1054 1022 1052 0020 1054 1052 1052 0036 1054 1052 
0007 0172 1017 4442 5544 6655 4265 4601 6342 6552 6000 
0000 1060 0035 
0007 0012 1036 2700 
0000 1061 1050 0001 
0007 0022 1037 2321 
0000 1062 
0007 0442 1041 6163 6044 4664 6452 5750 0160 4444 6663 6352 5750 0117 1717 0161 5546 4264 4601 7042 5265 
0000 1063 0035 1052 1054 3046 
0007 0012 1105 2600 
0000 1064 1061 3025 0027 1056 1061 3046 1052 
0007 0012 1106 2500 
0000 1065 3025 0027 1052 1054 3040 1064 1061 3026 0027 1056 1061 3040 1052 1065 3026 0027 1056 1030 1052 0020 1043 1027 0027 1056 1030 0017 5067 1064 1061 3032 
0007 0022 1107 6463 
0000 1070 0620 5066 1056 1030 0017 5067 1064 1061 3032 
0007 0022 1111 4663 
0000 1072 0600 5067 1043 
0007 0012 1113 2100 
0000 1073 0601 5074 1064 
0007 0012 1114 3000 
0000 1075 3031 1043 0621 5071 1052 1001 1033 0020 4076 1034 1073 0601 5071 1054 1015 1034 0020 1034 0040 1016 1002 0621 5071 1052 1054 3041 1064 1061 3017 0027 1056 1061 3041 1052 1065 3017 0027 1041 1040 0661 5071 1041 1046 0541 5100 1044 1044 1020 0031 5077 1045 1045 1020 0031 5077 1052 1001 1052 0020 1011 1044 0027 1012 1045 1044 0031 1013 1036 0027 1014 1037 0027 1052 1001 1052 0021 1052 0022 1054 0022 1056 0022 0015 1052 2007 1052 0005 0601 0014 1042 0012 1042 0040 1042 1023 0541 5102 1042 1024 0661 5102 1036 1036 1042 2007 0031 1042 1024 0661 5103 1037 1037 1042 2007 0031 1042 1024 0541 5101 0014 
0007 0022 1115 2325 
0000 1104 
0007 0022 1117 3121 
0000 1105 
0007 0022 1121 2330 
0000 1106 0036 1073 1073 
0007 0012 1123 7300 
0000 1107 0035 1047 1052 1052 3035 0037 1047 1106 0621 5110 1047 1052 1052 3035 0037 1047 1052 1052 3035 0007 0027 1047 
0007 0022 1124 2227 
0000 1112 0621 5111 1047 1052 1052 3035 0037 1104 1105 1054 0036 1047 1052 1052 3035 0007 0027 1035 0011 1050 1052 0027 1047 
0007 0022 1126 2525 
0000 1113 0541 0014 1050 1054 0027 0014 0015 
0003 0114 0052 
4502 0000 0072 0002 0362 0011 0062 0047 0062 0055 0012 0063 0102 0064 0122 0234 0122 0326 0122 0340 0122 0352 0122 0364 0722 0450 0072 0452 0062 0461 0122 0467 0362 0504 0722 0542 0022 0547 0022 0551 0062 0553 0062 0561 0032 0567 0302 0634 0072 0636 0062 0645 0042 0653 0052 0657 0022 0666 0122 0670 0122 0702 0062 0714 0062 0722 0022 0730 0032 0732 0122 0735 0122 0747 0062 0761 0022 0767 0012 0771 0011 1010 0012 0772 0062 0773 0012 1001 0062 1002 0012 1010 0062 1011 0172 1017 0012 1036 0022 1037 0442 1041 0012 1105 0012 1106 0011 0566 0011 0707 0022 1107 0011 0600 0022 1111 0012 1113 0011 0624 0012 1114 0011 0743 0011 0635 0011 0702 0011 0753 0011 0772 0011 1003 0022 1115 0022 1117 0022 1121 0012 1123 0011 1020 0011 1025 0022 1124 0022 1126 
5055 4256 4264 4244 6557 6001 4546 6444 6301 4764 6544 4546 6444 5144 4546 6142 6346 5701 4366 4550 4665 6172 6344 6056 6463 6444 6663 6463 6163 4463 4466 6343 6645 7263 4366 4501 7265 4550 5565 5055 4244 5760 5055 4542 6546 5055 4256 6501 5055 6346 4701 4566 5672 6545 6465 6361 6345 4657 4561 6345 6465 6345 4265 4657 4542 6501 6163 6047 4457 4764 5245 7101 7242 4465 5760 7247 6444 4546 7242 4463 4644 7265 7163 4644 4255 6151 4201 4366 4544 6663 4366 4572 6301 4657 4565 4623 5055 4565 4623 5660 5744 5765 6147 4401 0101 6455 6444 6663 6455 6461 6346 6465 6345 6523 6544 5142 6301 6701 0101 0101 6546 0000 
