0005 0004 0010 1254 0011 0010 0005 0402 
0001 0122 0002 7766 
0007 0122 0002 6366 5701 4542 6546 3301 
0001 0102 0014 7770 
0001 0302 0024 7750 
0001 0622 0054 7716 
0001 0402 0136 7740 
0001 0052 0176 7773 
0007 0052 0176 6142 5046 0100 
0007 0032 0203 2121 2200 
0001 2042 0210 7574 
0001 0112 0416 7767 
0007 0112 0416 1771 7120 7171 2071 7100 
0002 0022 0427 7776 
0002 0012 0431 7777 
0007 0032 0432 2224 2300 
0002 0032 0435 7775 
0002 0062 0440 7772 
0010 6560 4542 7201 0062 0440 
0002 0012 0450 7777 
0002 0052 0451 7773 
0002 0052 0456 7773 
0002 0052 0463 7773 
0002 0052 0470 7773 
0002 0052 0475 7773 
0002 0012 0502 7777 
0001 0122 0503 7766 
0001 0122 0515 7766 
0001 0032 0532 7775 
0002 0062 0535 7772 
0002 0052 0543 7773 
0002 0072 0552 7771 
0002 0062 0561 7772 
0002 0122 0567 7766 
0001 0032 0601 7775 
0001 0362 0604 7742 
0002 0072 0644 7771 
0001 0362 0653 7742 
0001 0062 0711 7772 
0001 3732 0717 7405 
0001 0452 1314 7733 
0007 0452 1314 5046 5746 6342 5501 5546 4550 4663 0164 6066 6344 4601 4463 6064 6401 6346 4746 6346 5744 4600 
0001 0032 1364 7775 
0007 0032 1364 4760 6300 
0001 0012 1367 7777 
0001 0032 1370 7775 
0007 0032 1370 6551 4600 
0001 0012 1373 7777 
0001 0062 1374 7772 
0007 0062 1374 6146 6352 6045 
0001 0022 1402 7776 
0001 0102 1404 7770 
0001 0022 1414 7776 
0001 0022 1416 7776 
0007 0022 1416 6560 
0001 0022 1420 7776 
0001 0102 1422 7770 
0001 0062 1434 7772 
0007 0062 1434 6460 6663 4446 
0001 0042 1442 7774 
0001 0032 1446 7775 
0007 0032 1446 6563 7100 
0001 0062 1451 7772 
0001 0212 1457 7757 
0007 0212 1457 1616 1616 1616 1616 1616 1616 1616 1616 1600 
0001 0072 1500 7771 
0007 0072 1500 4244 4460 6657 6500 
0001 0212 1507 7757 
0007 0212 1507 1616 1616 1616 1616 1616 1616 1616 1616 1600 
0001 0102 1530 7770 
0001 0052 1540 7773 
0007 0052 1540 4546 4352 6500 
0001 0132 1545 7765 
0001 0062 1560 7772 
0007 0062 1560 4463 4645 5265 
0001 0052 1566 7773 
0001 0032 1573 7775 
0007 0032 1573 6563 7100 
0001 0122 1600 7766 
0001 0042 1612 7774 
0007 0042 1612 4542 6546 
0001 0102 1616 7770 
0001 0022 1626 7776 
0007 0022 1626 5760 
0001 0062 1630 7772 
0001 0132 1636 7765 
0007 0132 1636 4546 6444 6352 6165 5260 5700 
0001 0332 1651 7745 
0001 0062 1704 7772 
0007 0062 1704 4256 6066 5765 
0001 0122 1712 7766 
0001 0062 1724 7772 
0007 0062 1724 4256 6066 5765 
0001 0052 1732 7773 
0001 0112 1737 7767 
0007 0112 1737 6346 4746 6346 5744 4600 
0001 0022 1752 7776 
0002 0122 1754 7766 
0002 0122 1766 7766 
0002 0052 2000 7773 
0001 0122 2005 7766 
0001 0032 2017 7775 
0007 0032 2017 1621 2200 
0001 0152 2022 7763 
0007 0152 2022 7171 1571 7171 1571 7171 1771 7100 
0001 0052 2037 7773 
0007 0052 2037 7115 7171 7100 
0002 0022 2044 7776 
0002 0122 2046 7766 
0002 0122 2060 7766 
0002 0052 2072 7773 
0002 0012 2077 7777 
0000 0030 2020 4100 
0007 0012 2100 2200 
0000 1101 1101 1101 0036 1101 1101 
0007 0542 2101 5046 5746 6342 5501 5546 4550 4663 0164 6066 6344 4601 4463 6064 6401 6346 4746 6346 5744 4601 6346 6160 6365 
0000 1102 0035 4103 
0007 0012 2155 2400 
0000 1104 
0007 0062 2156 0564 6344 5271 
0000 1105 1104 0034 0016 2000 1101 
0007 0062 2164 5055 4256 4264 
0000 1106 1101 0034 0016 2000 1101 1047 1101 0020 1022 1053 0027 
0007 0012 2172 2300 
0000 1110 
0007 0062 2173 7265 4550 5565 
0000 1111 1110 0034 0016 2000 1110 1041 1101 0020 1057 1045 1012 0003 1060 1046 1012 0003 4112 1104 1035 0017 5114 1036 1070 0620 4115 1110 1041 1040 0020 1042 1050 0621 4116 
0007 0012 2201 2600 
0000 1117 1117 3052 
0007 0012 2202 6700 
0000 1120 0620 5113 
0007 0012 2203 3200 
0000 1122 
0007 0022 2204 2227 
0000 1123 3011 1037 1012 0003 
0007 0022 2206 2321 
0000 1124 
0007 0022 2210 2324 
0000 1125 3011 1101 
0007 0012 2212 2500 
0000 1126 3042 0025 
0007 0022 2213 2325 
0000 1127 1127 3011 
0007 0012 2215 1600 
0000 1130 0024 
0007 0022 2216 2326 
0000 1131 
0007 0022 2220 2330 
0000 1132 3011 1117 
0007 0012 2222 3000 
0000 1133 3042 
0007 0042 2223 1771 7171 
0000 1134 0003 
0007 0022 2227 2422 
0000 1135 
0007 0022 2231 2721 
0000 1136 3011 1051 0024 
0007 0022 2233 3227 
0000 1137 
0007 0032 2235 2223 2600 
0000 1140 3011 1044 0024 1043 
0007 0012 2240 2100 
0000 1141 0541 5142 
0007 0022 2241 2725 
0000 1143 
0007 0022 2243 3027 
0000 1144 3011 1043 1071 0003 1065 1065 1043 0031 5145 
0007 0022 2245 3121 
0000 1146 
0007 0022 2247 3223 
0000 1147 3011 1043 1071 0003 1064 1064 1043 0031 4150 1066 0040 5113 1070 
0007 0032 2251 1621 2200 
0000 1151 0600 5152 1117 1117 3052 1120 0620 5152 
0007 0022 2254 2223 
0000 1153 1123 3011 1066 1072 0003 
0007 0022 2256 2231 
0000 1154 
0007 0022 2260 2427 
0000 1155 3011 
0007 0232 2262 4657 6563 5246 6401 6551 5264 0164 6066 6344 4600 
0000 1156 0024 
0007 0022 2305 2526 
0000 1157 
0007 0022 2307 2631 
0000 1160 3011 
0007 0162 2311 6460 6663 4446 0165 6065 4255 6433 
0000 1161 0024 1143 1144 3011 1065 1071 0003 1146 1147 3011 1064 1071 0003 1076 1076 1066 0031 1075 1075 1065 0031 1074 1074 1064 0031 1066 0012 1065 0012 1064 0012 
0007 0012 2327 2700 
0000 1162 1101 0023 4150 1162 1110 0023 1013 1013 1104 0031 1070 1036 0024 1104 1117 3011 1036 0024 0014 1031 1042 0025 4163 1021 0013 0001 5164 0014 1050 1042 0027 1051 
0007 0352 2330 1313 0145 4664 4463 5261 6552 6057 0157 6065 0160 5701 4752 5546 0113 1300 
0000 1165 0024 0014 6167 1101 1047 1025 0020 0042 1030 1050 0025 1026 1101 0027 1131 
0007 0022 2365 2421 
0000 1170 3051 
0007 0062 2367 2121 2121 2121 
0000 1171 0620 0014 1026 0012 0014 1162 1056 0017 5000 1162 1101 0023 1013 0040 0014 4115 1010 0011 1153 1123 3011 1076 1072 0003 1154 1170 3011 
0007 0152 2375 6560 6542 5501 4657 6563 5246 6400 
0000 1173 0024 1157 
0007 0022 2412 2630 
0000 1174 3011 
0007 0152 2414 5063 4257 4501 6560 6542 5564 3300 
0000 1175 0024 1143 1144 3011 1075 1071 0003 1146 1147 3011 1074 1071 0003 4150 1162 1141 0023 1104 0022 1110 0022 1101 0022 0015 
0007 0022 2431 2226 
0000 1176 0016 1777 1176 
0007 0022 2433 2522 
0000 1177 
0007 0022 2435 3225 
0000 1200 3001 0017 5000 1176 0022 1002 1017 1012 0003 1177 
0007 0022 2437 2525 
0000 1201 3001 0011 1162 1141 0023 4202 1162 1101 0023 1011 1055 0024 4150 1013 1133 0027 4203 1003 0011 
0007 0022 2441 2623 
0000 1204 1016 0004 1110 0006 
0007 0022 2443 2621 
0000 1205 3003 1055 0024 0014 1013 1136 0561 4206 1016 1015 0027 1016 1101 0004 1016 3011 
0007 0022 2445 0101 
0000 1210 0620 5211 1016 1110 0601 5211 1016 1016 1110 0032 5207 1162 1101 1016 1110 0002 3010 0017 5000 1010 0011 1013 0040 0014 1162 1141 0023 1004 0040 1013 1117 0027 4202 1162 1101 0023 1014 1141 0601 4172 1162 1061 0017 5000 1162 1062 0017 5000 1162 1101 0023 0014 1162 1001 0017 5000 0014 1162 1077 0001 1124 
0007 0422 2447 6163 5257 6552 5750 0160 4444 6663 6352 5750 0117 1717 0161 5546 4264 4601 7042 5265 
0000 1212 0035 0014 4214 4215 4216 0014 4215 0014 1127 1101 1101 0036 1127 1101 
0007 0172 2511 6155 4642 6446 0170 4252 6501 1717 1700 
0000 1217 0035 0014 1021 0012 1023 1022 0027 1024 0012 1025 1023 1024 0002 1101 0002 1110 0006 0027 4166 1030 1031 0600 5221 1025 1023 0601 5222 1030 1031 0660 5223 1024 1025 0027 5220 1023 1025 0027 5220 1027 0012 1025 1022 0027 1025 0040 4166 1021 1101 0601 0014 1026 1141 0601 5227 1030 1031 0600 0014 1027 1101 0621 5225 1030 1031 0660 5222 5225 1021 1101 0027 0014 1127 1101 1101 0036 0014 1027 1101 0027 5226 1127 1146 1132 0036 1141 1141 
0007 0012 2530 7300 
0000 1230 0035 1073 1101 1101 3063 0037 1073 1132 0621 5231 1073 1101 1101 3063 0037 1073 1101 1101 3063 0007 0027 1073 1123 0621 5232 1073 1101 1101 3063 0037 1127 1146 1110 0036 1073 1101 1101 3063 0007 0027 1063 0011 1077 1101 0027 1073 1201 0541 0014 1077 1110 0027 0014 0015 
0003 0233 0101 
2062 0000 0102 0014 0622 0054 0032 0203 2042 0002 1222 0000 0032 0117 2062 0206 2042 0210 0112 0416 0022 0427 0012 0431 0032 0432 0032 0435 0062 0440 0012 0416 0012 0450 0052 0451 0052 0456 0052 0463 0052 0470 0052 0475 0012 0502 0122 0503 0122 0515 0012 0450 0012 0451 0012 0452 0202 0530 0032 0532 0062 0535 0052 0543 0722 0550 0072 0552 0122 0567 0362 0604 0062 0603 0062 0611 4502 0642 0072 0644 0362 0653 0062 0711 0042 0705 0472 1312 0452 1314 0502 1362 0102 1404 0102 1422 1442 1432 1522 1576 0022 1752 0122 1754 0122 1766 0052 2000 0122 2005 0032 2017 0152 2022 0052 2037 0022 2044 0122 2046 0122 2060 0052 2072 0012 2077 0011 2264 0012 2100 0542 2101 0011 2117 0012 2155 0062 2156 0062 2164 0011 1314 0012 2172 0062 2173 0011 1733 0011 1337 0011 1661 0011 1466 0011 1602 0012 2201 0012 2202 0011 1365 0012 2203 0022 2204 0022 2206 0022 2210 0012 2212 0022 2213 0012 2215 0022 2216 0022 2220 0012 2222 0042 2223 0022 2227 0022 2231 0022 2233 0032 2235 0012 2240 0011 1450 0022 2241 0022 2243 0011 1462 0022 2245 0022 2247 0011 2011 0032 2251 0011 1571 0022 2254 0022 2256 0022 2260 0232 2262 0022 2305 0022 2307 0162 2311 0012 2327 0011 2132 0011 1613 0352 2330 0011 1622 0011 2247 0022 2365 0062 2367 0011 1647 0152 2375 0022 2412 0152 2414 0022 2431 0022 2433 0022 2435 0022 2437 0011 2112 0011 2067 0022 2441 0022 2443 0011 2056 0011 2020 0022 2445 0011 2041 0422 2447 0011 2126 0011 2134 0011 2145 0011 2253 0172 2511 0011 2154 0011 2260 0011 2212 0011 2206 0011 2202 0011 2217 0011 2226 0011 2236 0012 2530 0011 2274 0011 2301 
6560 6155 5257 6366 5745 6546 6560 6157 4256 6142 5046 0101 6560 6155 5723 6560 6131 2101 6142 5046 3121 6143 6647 0101 6155 5257 4601 4565 5642 6454 5552 5744 5765 5550 5745 6470 6142 5064 5273 6163 6544 6555 6560 4542 7201 4444 6131 2101 4364 4465 5501 4364 4657 4501 4364 5152 0101 4364 5560 0101 4364 5652 4501 4364 6344 5760 4546 4755 4250 5642 6454 4672 6563 7154 4672 4444 6143 6423 4444 6143 6424 4444 6143 6425 6463 4452 4571 5271 6463 4446 5271 4542 6546 5263 4644 5760 7265 4550 5565 5055 4244 5760 5055 4256 6501 5055 6346 4701 6463 6465 4565 6463 4657 4565 5055 4256 4264 4244 6557 6001 4546 6444 6301 4764 6544 4546 6346 4444 5765 6552 6555 4601 6361 6557 4256 5550 5745 0101 5550 5745 6522 5550 5745 6523 5145 6322 0101 5145 6323 0101 4255 6151 4201 4463 4256 6501 4563 4256 6501 4657 6544 5765 4657 6563 7201 5564 6564 6344 5642 6454 2201 5642 6454 2301 6544 5142 6301 6560 6544 6301 6560 6545 6301 6560 6546 5765 6701 0101 0101 6546 0000 
