0005 0002 0010 0316 0002 0010 0005 0402 
0002 0072 0002 7771 
0001 0362 0011 7742 
0001 0052 0047 7773 
0002 0072 0056 7771 
0002 0042 0065 7774 
0001 0372 0071 7741 
0002 0072 0132 7771 
0001 0362 0141 7742 
0001 0062 0177 7772 
0001 3732 0205 7405 
0000 0030 0726 7766 
0007 0012 0600 2200 
0000 1015 
0007 0062 0601 5055 4244 4465 
0000 1016 1015 0034 0016 2000 7766 
0007 0012 0607 2300 
0000 1017 
0007 0062 0610 5055 4256 4264 
0000 1020 1017 0034 0016 4000 7766 1015 1005 0017 5000 7766 1017 1007 0017 5000 0030 1010 7766 1015 1001 0017 5022 7766 1010 1002 0027 7766 1011 1003 0024 7766 1015 1015 3012 1015 1015 3004 0024 7766 1017 1017 3012 
0007 0012 0616 2100 
0000 1023 0025 7766 
0007 0012 0617 2400 
0000 1024 
0007 0012 0620 2500 
0000 1025 3012 1017 1024 3004 0024 7766 
0007 0012 0621 2600 
0000 1026 
0007 0012 0622 2700 
0000 1027 3012 1025 1026 3004 0024 7766 1017 1007 0017 5000 7766 5021 0030 1154 7766 1015 0022 7766 1017 0022 7766 1017 
0007 0062 0623 5055 4256 4264 
0000 1030 1017 0034 0016 6000 7766 1017 1007 1015 0020 7766 1013 1006 0027 7766 1014 
0007 0042 0631 2124 2330 
0000 1031 0027 7766 1017 1007 1015 0021 7766 1017 0022 7766 0015 0015 
0003 0032 0016 
0542 0000 0072 0002 0362 0011 0052 0047 0542 0054 0042 0065 4502 0130 0072 0132 0362 0141 0062 0177 0042 0173 0042 0177 0012 0600 0062 0601 0012 0607 0062 0610 0011 0351 0011 0435 0012 0616 0012 0617 0012 0620 0012 0621 0012 0622 0062 0623 0042 0631 
5055 4244 4465 4244 6557 6022 4546 6444 6322 4764 6544 4522 4460 5765 6355 6346 4444 5765 5055 4256 4264 4244 6557 6001 4546 6444 6301 4764 6544 4546 6346 4457 6656 5642 7144 5765 1717 0000 
