0005 0002 0010 0104 0002 0010 0005 0402 
0002 0072 0002 7771 
0002 0062 0011 7772 
0002 0122 0017 7766 
0001 0032 0031 7775 
0002 0072 0036 7771 
0002 0062 0045 7772 
0001 0152 0053 7763 
0002 0072 0072 7771 
0002 0062 0101 7772 
0002 0122 0107 7766 
0001 0032 0121 7775 
0001 0362 0124 7742 
0000 0030 0752 
0007 0012 0162 2300 
0000 1020 
0007 0052 0163 5055 6563 7100 
0000 1021 1020 0034 0016 2000 
0007 0012 0170 2400 
0000 1022 
0007 0062 0171 7265 4550 5565 
0000 1023 1022 0034 0016 4000 1020 1006 0017 5000 1022 1010 0017 5000 1020 1001 0017 5025 1011 1002 0027 1012 1003 0027 1013 1004 0027 1014 1005 0024 1022 1010 0017 5000 5024 1020 0022 1022 0022 1022 
0007 0062 0177 7265 4550 5565 
0000 1026 1022 0034 0016 6000 1022 1010 
0007 0012 0205 2200 
0000 1027 0020 1016 1007 0027 1017 
0007 0042 0206 2521 3127 
0000 1030 0027 1022 1010 1027 0021 1022 0022 0015 0015 
0003 0031 0021 
0342 0000 0072 0002 0062 0011 0122 0017 0032 0031 0342 0034 0062 0045 0722 0070 0072 0072 0062 0101 0122 0107 0032 0121 0362 0124 0042 0152 0042 0156 0012 0162 0052 0163 0012 0170 0062 0171 0011 0133 0011 0160 0062 0177 0012 0205 0042 0206 
5055 6563 7101 5055 4244 5722 5055 4542 6522 5055 4256 6522 5055 6463 4422 4460 5765 6355 6346 4444 5765 7265 4550 5565 5055 4244 5760 5055 4542 6546 5055 4256 6501 5055 6463 4446 5055 6346 4701 6346 4457 6656 5642 7144 5765 1717 0000 
