0005 0007 0010 0036 0002 0010 0005 0402 
0001 0022 0002 7776 
0002 0022 0004 7776 
0002 0012 0006 7777 
0000 0030 0512 4004 
0007 0012 0010 2200 
0000 1005 1005 1005 0036 
0007 0012 0011 2700 
0000 1006 1003 0001 
0007 0022 0012 2321 
0000 1007 
0007 0442 0014 6163 6044 4664 6452 5750 0160 4444 6663 6352 5750 0117 1717 0161 5546 4264 4601 7042 5265 
0000 1010 0035 1005 1005 
0007 0012 0060 2100 
0000 1011 0036 0015 
0007 0022 0061 2325 
0000 1012 
0007 0022 0063 3121 
0000 1013 
0007 0022 0065 2330 
0000 1014 0036 1011 1011 
0007 0012 0067 7300 
0000 1015 0035 1002 1005 1005 3001 0037 1002 1014 0621 5016 1002 1005 1005 3001 0037 1002 1005 1005 3001 0007 0027 1002 
0007 0022 0070 2227 
0000 1020 0621 5017 1002 1005 1005 3001 0037 1012 1013 
0007 0012 0072 2300 
0000 1021 0036 1002 1005 1005 3001 0007 0027 1001 0011 1003 1005 0027 1002 
0007 0022 0073 2525 
0000 1022 0541 0014 1003 1021 0027 0014 0015 
0003 0023 0005 
0022 0002 0022 0004 0012 0006 0011 0061 0012 0010 0012 0011 0022 0012 0442 0014 0012 0060 0022 0061 0022 0063 0022 0065 0012 0067 0011 0071 0011 0076 0022 0070 0012 0072 0022 0073 
4255 6151 4201 6544 5142 6301 6701 0101 0101 6546 0000 
