*0
4240;0000;3700;0000;0001;0000;5200;5610
0200;7777;3024;6706;7510;5013;7440;7402
5160;6000;4006;7704;5012;3024;5160;1400
6701;5230;6702;6706;7104;7650;5627;5355
7600;7760;0070;6214;1357;3355;1640;3370
2240;7330;0640;7107;7004;3361;1640;0202
7450;7330;7002;3365;1640;0242;7112;7010
3367;2240;1640;0223;7440;5621;1640;0242
7002;7010;1222;3360;7325;0640;7002;7010
3362;2240;1640;3364;1364;0216;7002;7012
3363;2240;1640;7002;0202;7112;1363;3363
1640;7106;0202;7002;1362;3362;2240;6706
7710;5337;6703;6706;7700;5343;6702;1241
6704;4227;6707;4227;2240;0000;5640;6202
7600;1024;0027;7002;7112;3003;0000;1024
0042;1003;3003;1411;3440;2040;5173;5560

0000;0016;0000;0000;0000;0000;0000;0000
0000;0000;0000;0000;0000;7771;0000;0000
0000;0000;0000;0000;0000;0000;0000;0000
0000;0000;0000;0000;0000;0000;0000;0000
0000;0000;0000;0000;0000;0000;0000;0000
0000;0000;0000;0000;0000;0000;0000;0000
0000;0000;0000;0000;0000;0000;0000;0000
0000;0000;0000;0000;0000;0000;0000;0000
0000;0000;0000;0000;0000;0000;0000;0000
0000;0000;0000;0000;0000;0000;0000;0000
0000;0000;0000;0000;0000;0000;0000;0000
0000;0000;0000;7640;6201;0007;3000;0015
7600;0077;1456;3150;0012;7740;0140;7771
0004;1070;5400;1424;7770;3400;0177;3067
1000;1153;7741;0037;0040;4377;7000;1417
1400;3060;3076;3251;3223;3244;3314;3200

7300;6201;6211;1777;3322;1376;3777;1777
1375;7450;1323;7640;5224;1322;3777;1202
1374;3202;2015;5201;6201;1015;1373;3024
6041;5306;6030;6031;5314;6036;0372;1371
7650;7240;3015;4572;0347;0000;0000;0000
0000;0000;0000;0000;0000;0000;0000;0000
0000;0000;0000;0000;0000;0000;0000;0000
0000;0000;0000;0000;0000;0000;0000;0000
0000;0000;0000;0000;0000;5770;2201;5230
2324;5230;6046;5233;2201;5233;2321;5233
5242;7770;0000;0000;7770;4536;0136;2601
1114;0102;1405;4036;1536;0111;1640;3615
3605;1517;2231;7240;4040;4040;4000;4536
1536;0516;2555;7040;3626;6061;3601;0000
0000;0000;0000;0000;0000;0000;0000;0000
0400;7763;0177;0007;0010;1000;7000;0323

4571;4572;0325;4570;4571;4572;2342;4777
7650;5215;4572;1676;5217;4572;1713;4776
7650;5225;4572;2173;5227;4572;2230;4775
7650;5235;4572;2360;5237;4572;2375;4572
2276;1774;7041;3000;7621;4577;7406;2000
5245;4574;2462;7621;1773;7041;3000;4577
2462;2000;5257;4574;2466;4567;4572;2254
1166;3000;3013;1165;3010;1410;3014;1014
0164;7640;5314;1014;0372;7650;5313;1014
0163;1162;7650;2013;2000;5275;1013;4561
4574;2460;4567;4572;2320;1773;7041;3000
7621;4577;7400;2000;5331;4574;2470;4567
5771;0000;0000;0000;0000;0000;0000;0000
0000;0000;0000;0000;0000;0000;0000;0000
0000;0000;0000;0000;0000;0000;0000;0000
0000;0600;0100;7405;7402;1302;1200;1441

4575;2470;4576;4577;2466;7510;5215;7501
7640;5220;4572;2134;5220;4572;1653;2033
4575;2470;4576;4577;2460;7700;5232;4572
1602;2033;7330;4560;7510;5245;7640;5252
7240;3015;4572;2153;5252;7240;3015;4572
1627;2033;4777;7650;5262;7240;3015;4572
2032;2033;2015;5301;1163;4560;7750;5273
4777;7650;5310;4572;2101;4572;2216;7402
5277;1033;7650;5310;4572;2420;4557;7200
1026;4561;4577;2464;4574;3416;7621;1023
0376;7112;7010;7041;1024;7700;5332;4572
1736;5275;1775;3774;5773;0000;0000;0000
0000;0000;0000;0000;0000;0000;0000;0000
0000;0000;0000;0000;0000;0000;0000;0000
0000;0000;0000;0000;0000;0000;0000;0000
0000;0000;0000;3400;3415;7603;1770;1115

0000;3267;1166;3000;3027;1165;3010;1410
3014;1267;7710;5223;1014;7041;1267;0156
7640;5257;5226;1014;7700;5257;1027;7510
5253;7640;5240;1010;1155;3026;1014;3030
1014;7041;1030;7640;5253;2027;2000;5207
7350;0027;7410;7330;3027;1027;5600;1027
7450;5246;7700;7330;1027;3027;5246;0000
0000;1420;7650;5670;1154;3000;3021;4553
2021;7650;5312;2000;5277;2270;5670;4553
7640;5670;2000;5307;5305;0000;1030;0377
7640;5351;1030;0163;7106;7004;1152;3020
4551;5351;1020;1150;3010;1410;7041;1027
7640;5351;1410;3023;1410;3031;1031;0376
7640;7240;5715;0000;7421;1001;1147;7041
3000;7521;7104;7521;7004;2000;5361;5753
0000;0000;0000;0000;0000;0000;1440;1540

0000;3025;1166;3000;1165;3010;3364;3362
3363;1410;3014;1014;0146;7450;5240;0164
7650;5225;2363;7350;3362;2362;1364;7650
2025;7330;3364;1014;0377;7640;2025;5244
1364;7710;2025;2364;1014;7700;5253;1014
0376;7640;2025;2000;5211;1145;3002;1375
3011;1002;1164;4560;7700;5272;7326;1002
7640;2025;1027;3411;2002;5261;1025;7440
2033;5600;0000;3032;1375;3011;1145;3002
1002;1164;7106;7004;1152;3020;1411;3027
7326;1002;7650;5354;1420;7650;5335;4551
2032;1027;7650;2032;5340;1027;7640;2032
1020;1150;3010;1027;7041;1410;7640;2032
1410;0374;7640;2032;2002;5310;1032;7440
2033;5702;0000;0000;0000;0000;0000;0000
0000;0000;0000;0000;6007;2471;1540;5000

0000;1024;7001;7106;7421;4573;0144;7521
7440;4543;7501;4543;4572;2061;5600;0000
4542;4572;2210;5617;0000;1021;7110;1020
3217;1617;7430;5237;7012;7012;7012;0141
5624;0000;1377;3010;1140;3000;1410;2000
5246;3022;1022;7440;2033;5641;0000;3345
7501;3344;1376;3343;1154;3341;1345;7421
4573;0144;7521;3345;1344;7521;4573;0144
3743;7501;3344;7240;1343;3343;2341;5266
1375;3010;1147;3341;3342;1410;1342;7450
5323;4543;7330;3342;2341;5315;1410;4543
5656;0000;0000;0000;0000;0000;0000;0000
0000;0000;0000;0000;0000;0000;0000;0000
0000;0000;0000;0000;0000;0000;0000;0000
0000;0000;0000;0000;0000;0000;0000;0000
0000;0000;0000;0000;0000;1530;1540;7377

7240;4000;4536;0522;2217;2240;5540;0436
0526;1103;0540;3601;3614;1417;0301;2411
1716;4036;2036;2217;0214;0515;4500;4536
0522;2217;2240;5540;1536;2514;2411;2014
0540;3623;3624;0122;2440;3626;3617;1425
1505;2345;3600;4536;0522;2217;2240;5540
0436;0526;1103;0540;3623;3611;3211;1607
4036;2036;2217;0214;0515;4500;4536;0522
2217;2240;5540;0724;4003;3617;2222;2520
2405;0445;3600;4536;0736;0517;1505;2422
3140;3624;3601;0214;0572;4040;4040;4040
4040;4040;4040;4036;1713;4500;4536;0522
2217;2240;5540;1136;1623;2506;0611;0311
0516;2440;3615;3605;1517;2231;4024;1740
3614;3617;0104;4036;2636;1714;2515;0545
3600;4536;0522;2217;2240;5540;0336;0116

4724;4036;1436;1701;0440;3626;3617;1425
1505;5640;4036;2036;2205;2323;4001;1631
4036;1336;0531;4024;1740;3622;3605;2422
3140;3600;4536;0522;2217;2240;5540;1136
1626;0114;1104;4036;2336;2401;2224;4036
2636;1714;2515;0540;3605;3616;2422;3145
3600;3613;4027;3617;2204;2300;4536;1436
1701;0411;1607;4036;2636;1714;2515;0540
3600;4536;0522;2217;2240;5540;0336;0116
1617;2440;3614;3617;0301;2405;4036;1536
0516;2540;3625;3624;1114;1124;3140;3626
3617;1425;1505;4500;4536;0436;0526;1103
0540;1001;2340;3616;3617;4036;0436;0506
0503;2423;4500;4536;0522;2217;2240;5540
1636;1740;3623;3624;0122;2440;3626;3617
1425;1505;4500;4536;0522;2217;2240;5540

2301;2440;0336;1722;2225;2024;0504;4500
4036;2336;0503;2417;2223;4500;4536;2336
3123;2405;1540;3610;3601;1424;0504;4500
4536;2336;2417;2201;0705;4036;0136;1414
1703;0124;1117;1640;3624;3601;0214;0572
4040;4036;1713;4500;4536;2436;1724;0114
4036;0136;1414;1703;0124;0504;4036;2336
2417;2201;0705;7240;4040;4000;4536;2436
1724;0114;4036;2036;1031;2311;0301;1440
3623;3624;1722;0107;0572;4040;4040;4000
4536;2436;1724;0114;4036;0136;2601;1114
0102;1405;4036;2336;2417;2201;0705;7240
4040;4000;4536;2636;0114;1104;0124;1116
0740;3624;3601;0214;0523;5656;5645;3600
4536;0522;2217;2240;5540;2624;4003;3617
2222;2520;2405;0445;3600;4536;2636;1714

2515;0540;3624;3601;0214;0572;4040;4040
4040;4040;4040;4040;4040;4036;1713;4500
4536;2701;2216;1116;0772;4040;0336;1722
2225;2024;0504;4036;0436;0124;0156;4040
3620;3622;0523;2340;0116;3140;3613;3605
3140;2417;4036;2036;2217;0305;0504;5600
0000;0000;0000;0000;0040;0000;0000;0000
0000;0000;0000;0000;0000;0000;0000;0000
0000;0000;0000;0000;0000;0000;0000;0000
0000;0000;0000;0000;0000;0000;0000;0000
0000;0000;0000;0000;0000;0000;0000;0000
0000;0000;0000;0000;0000;0000;0000;0000
0000;0000;0000;0000;0000;0000;0000;0000
0000;0000;0000;0000;0000;0000;0000;0000
0000;0000;0000;0000;0000;0000;0000;0000
0000;0000;0000;0000;0000;0000;0000;0000

0000;0000;0000;0000;0000;0000;0000;0000
0000;0000;0000;0000;0000;0000;0000;0000
0000;0000;0000;0000;0000;0000;0000;0000
0000;0000;0000;0000;0000;0000;0000;0000
0000;0000;0000;0000;0000;0000;0000;0000
0000;0000;0000;0000;0000;0000;0000;0000
0000;0000;0000;0000;0000;0000;0000;0000
0000;0000;0000;0000;0000;0000;0000;0000
0000;0000;0000;0000;0000;0000;0000;0000
0000;0000;0000;0000;0000;0000;0000;0000
0000;0000;0000;0000;0000;0000;0000;0000
0000;0000;0000;0000;0000;0000;0000;0000
0000;0000;0000;0000;0000;0000;0000;0000
0000;0000;0000;0000;0000;0000;0000;0000
0000;0000;0000;0000;0000;0000;0000;0000
0000;0000;0000;0000;0000;0000;0000;0000

0000;3014;4222;1012;7710;5212;1014;6041
5202;6046;4222;5600;0000;6041;5215;6046
7200;5614;0000;4247;1377;7450;5237;1376
7640;5622;4247;1375;7640;5232;5622;1374
4214;1373;4214;7000;1012;3012;5622;0000
7200;6031;5647;6036;0156;3013;1013;5647
0000;7200;1137;4536;1144;4536;5660;0000
3013;4222;1013;7450;5271;5667;0000;7200
1676;3356;2276;1146;3354;1756;7012;7012
7012;4316;1756;4316;2356;5305;0000;0141
7450;5676;3355;1355;1372;7450;5341;1135
7650;5343;1355;0164;7650;1354;1355;4536
5716;4571;5716;1354;7041;1371;3354;5716
0000;1370;4536;5750;0100;0000;0000;0000
0000;0000;0000;0000;0000;0000;0000;0000
0060;0240;7733;0117;0136;7757;7774;7761

0000;3314;6214;1134;3210;6201;1600;3244
0000;7501;7100;1644;7421;2200;2244;7004
1314;1644;5600;0000;3314;6214;1134;3233
6201;1623;3244;0000;7501;3644;2223;2244
1314;3644;1314;5623;0000;7621;1244;3200
5201;0000;3200;6214;1134;3262;6201;1651
3314;2251;0000;1714;7041;3314;7501;3244
1377;3223;1244;7104;3244;1200;7004;3200
1200;1314;7430;3200;7630;2244;2223;5272
1244;7421;1200;5651;0000;7521;7141;7521
7040;7430;7001;5714;0000;3021;1376;3000
4553;7450;5724;1164;0141;1164;4536;2021
2000;5330;5724;0000;1743;3363;2343;1743
3364;2343;1375;3365;1763;3764;2363;2364
2365;5354;5743;0000;0000;0000;0000;0000
0000;0000;0000;0000;0000;7600;7766;7764

4572;2066;4777;4572;1600;4776;0000;2600
7346;3251;4775;0000;0200;0000;0000;0000
5236;1650;7450;5227;4774;2250;5221;7346
3251;2213;5231;2251;5232;5025;2251;5212
4776;2600;0000;4572;1771;4557;4571;5200
3452;0000;0117;0113;0015;0012;0006;0012
0000;0000;0000;0000;0000;0000;0000;0000
0000;0000;0000;0000;0000;0000;0000;0000
0000;0000;0000;0000;0000;0000;0000;0000
0000;0000;0000;0000;0000;0000;0000;0000
0000;0000;0000;0000;0000;0000;0000;0000
0000;0000;0000;0000;0000;0000;0000;0000
0000;0000;0000;0000;0000;0000;0000;0000
0000;0000;0000;0000;0000;0000;0000;0000
0000;0000;0000;0000;0000;0000;0000;0000
0000;0000;0000;0000;3014;7640;3343;3324

0000;0000;0000;0000;0000;0000;0000;0000
0000;0000;0000;0000;0000;0000;0000;0000
0000;0000;0000;0000;0000;0000;0000;0000
0000;0000;0000;0000;0000;0000;0000;0000
0000;0000;0000;0000;0000;0000;0000;0000
0000;0000;0000;0000;0000;0000;0000;0000
0000;0000;0000;0000;0000;0000;0000;0000
0000;0000;0000;0000;0000;0000;0000;0000
0000;0000;0000;0000;0000;0000;0000;0000
0000;0000;0000;0000;0000;0000;0000;0000
0000;0000;0000;0000;0000;0000;0000;0000
0000;0000;0000;0000;0000;0000;0000;0000
0000;0000;0000;0000;0000;0000;0000;0000
0000;0000;0000;0000;0000;0000;0000;0000
0000;0000;0000;0000;0000;0000;0000;0000
0000;0000;0000;0000;0000;0000;0000;0000

0000;0000;0000;0000;0000;0000;0000;0000
0000;0000;0000;0000;0000;0000;0000;0000
0000;0000;0000;0000;0000;0000;0000;0000
0000;0000;0000;0000;0000;0000;0000;0000
0000;0000;0000;0000;0000;0000;0000;0000
0000;0000;0000;0000;0000;0000;0000;0000
0000;0000;0000;0000;0000;0000;0000;0000
0000;0000;0000;0000;0000;0000;0000;0000
0000;0000;0000;0000;0000;0000;0000;0000
0000;0000;0000;0000;0000;0000;0000;0000
0000;0000;0000;0000;0000;0000;0000;0000
0000;0000;0000;0000;0000;0000;0000;0000
0000;0000;0000;0000;0000;0000;0000;0000
0000;0000;0000;0000;0000;0000;0000;0000
0000;0000;0000;0000;0000;0000;0000;0000
0000;0000;0000;0000;0000;0000;0000;0000

0000;0000;0000;0000;0000;0000;0000;0000
0000;0000;0000;0000;0000;0000;0000;0000
0000;0000;0000;0000;0000;0000;0000;0000
0000;0000;0000;0000;0000;0000;0000;0000
0000;0000;0000;0000;0000;0000;0000;0000
0000;0000;0000;0000;0000;0000;0000;0000
0000;0000;0000;0000;0000;0000;0000;0000
0000;0000;0000;0000;0000;0000;0000;0000
0000;0000;0000;0000;0000;0000;0000;0000
0000;0000;0000;0000;0000;0000;0000;0000
0000;0000;0000;0000;0000;0000;0000;0000
0000;0000;0000;0000;0000;0000;0000;0000
0000;0000;0000;0000;0000;0000;0000;0000
0000;0000;0000;0000;0000;0000;0000;0000
0000;0000;0000;0000;0000;0000;0000;0000
0000;0000;0000;0000;0000;0000;0000;0000

4200;4200;4200;4200;4200;4200;4200;4200
4200;4200;4200;4200;4200;4200;4200;4200
4200;4200;4200;4200;4200;4200;4200;4200
4200;4200;4200;4200;4200;4200;4200;4200
4200;4200;4200;4200;4200;4200;4200;4200
4200;4200;4200;4200;4200;4200;4200;4200
4200;4200;4200;4200;4200;4200;4200;4200
4200;4200;4200;4200;4200;4200;4200;4200
4200;4200;4200;4200;4200;4200;4200;4200
4200;4200;4200;4200;4200;4200;4200;4200
4200;4200;4200;4200;4200;4200;4200;4200
4200;4200;4200;4200;4200;4200;4200;4200
4200;4200;4200;4200;4200;4200;4200;4200
4200;4200;4200;4200;4200;4200;4200;4200
4200;4200;4200;4200;4200;4200;4200;4200
4200;4200;4200;4200;4200;4200;4200;4200

4200;4200;4200;4200;4200;4200;4200;4200
4200;4200;4200;4200;4200;4200;4200;4200
4200;4200;4200;4200;4200;4200;4200;4200
4200;4200;4200;4200;4200;4200;4200;4200
4200;4200;4200;4200;4200;4200;4200;4200
4200;4200;4200;4200;4200;4200;4200;4200
4200;4200;4200;4200;4200;4200;4200;4200
4200;4200;4200;4200;4200;4200;4200;4200
4200;4200;4200;4200;4200;4200;4200;4200
4200;4200;4200;4200;4200;4200;4200;4200
4200;4200;4200;4200;4200;4200;4200;4200
4200;4200;4200;4200;4200;4200;4200;4200
4200;4200;4200;4200;4200;4200;4200;4200
4200;4200;4200;4200;4200;4200;4200;4200
4200;4200;4200;4200;4200;4200;4200;4200
4200;4200;4200;4200;4200;4200;4200;4200

0002;0002;0002;0002;0002;0002;0002;0002
0002;0002;0002;0002;0002;0002;0002;0002
0002;0002;0002;0002;0002;0002;0002;0002
0002;0002;0002;0002;0002;0002;0002;0002
0002;0002;0002;0002;0002;0002;0002;0002
0002;0002;0002;0002;0002;0002;0002;0002
0002;0002;0002;0002;0002;0002;0002;0002
0002;0002;0002;0002;0002;0002;0002;0002
0002;0002;0002;0002;0002;0002;0002;0002
0002;0002;0002;0002;0002;0002;0002;0002
0002;0002;0002;0002;0002;0002;0002;0002
0002;0002;0002;0002;0002;0002;0002;0002
0002;0002;0002;0002;0002;0002;0002;0002
0002;0002;0002;0002;0002;0002;0002;0002
0002;0002;0002;0002;0002;0002;0002;0002
0002;0002;0002;0002;0002;0002;0002;0002

0002;0002;0002;0002;0002;0002;0002;0002
0002;0002;0002;0002;0002;0002;0002;0002
0002;0002;0002;0002;0002;0002;0002;0002
0002;0002;0002;0002;0002;0002;0002;0002
0002;0002;0002;0002;0002;0002;0002;0002
0002;0002;0002;0002;0002;0002;0002;0002
0002;0002;0002;0002;0002;0002;0002;0002
0002;0002;0002;0002;0002;0002;0002;0002
0002;0002;0002;0002;0002;0002;0002;0002
0002;0002;0002;0002;0002;0002;0002;0002
0002;0002;2037;2137;0100;0100;0100;0100
0100;0100;0040;0040;0040;0040;0040;0040
0040;0040;0040;0040;0040;0040;0040;0040
0040;0040;0040;0040;0040;0040;0040;0040
0040;0040;0040;0040;0040;0040;0040;0040
0040;0040;0040;0040;0040;0040;0040;0040

1723;7026;1714;2515;0561;0400;0010;4200
0000;0000;0000;0000;0000;0000;0000;0000
2021;2326;1714;2515;0561;0322;0000;0000
0000;0000;0000;0000;0000;0000;0000;0000
0000;0000;0000;0000;0000;0000;0000;0000
0000;0000;0000;0000;0000;0000;0000;0000
0000;0000;0000;0000;0000;0000;0000;0000
0000;0000;0000;0000;0000;0000;0000;0000
0000;0000;0000;0000;0000;0000;0000;0000
0000;0000;0000;0000;0000;0000;0000;0000
0000;0000;0000;0000;0000;0000;0000;0000
0000;0000;0000;0000;0000;0000;0000;0000
0000;0000;0000;0000;0000;0000;0000;0000
0000;0000;0000;0000;0000;0000;0000;0000
0000;0000;0000;0000;0000;0000;0000;0000
0000;0000;0000;0000;0000;0000;0000;0000

0000;0000;0000;0000;0000;0000;0000;0000
0000;0000;0000;0000;0000;0000;0000;0000
0000;0000;0000;0000;0000;0000;0000;0000
0000;0000;0000;0000;0000;0000;0000;0000
0000;0000;0000;0000;0000;0000;0000;0000
0000;0000;0000;0000;0000;0000;0000;0000
0000;0000;0000;0000;0000;0000;0000;0000
0000;0000;0000;0000;0000;0000;0000;0000
0000;0000;0000;0000;0000;0000;0000;0000
0000;0000;0000;0000;0000;0000;0000;0000
0000;0000;0000;0000;0000;0000;0000;0000
0000;0000;0000;0000;0000;0000;0000;0000
0000;0000;0000;0000;0000;0000;0000;0000
0000;0000;0000;0000;0000;0000;0000;0000
0000;0000;0000;0000;0000;0000;0000;0000
1505;1625;2617;1425;1505;0001;0000;2100

3226;6214;1377;3207;6201;1533;3225;0000
1226;0376;7650;5215;5215;6201;2533;2533
2533;1207;3223;0000;5775;0000;0000;0000
0000;0000;0000;0000;0000;0000;0000;0000
0000;0000;0000;0000;0000;0000;0000;0000
0000;0000;0000;0000;0000;0000;0000;0000
0000;0000;0000;0000;0000;0000;0000;0000
0000;0000;0000;0000;0000;0000;0000;0000
0000;0000;0000;0000;0000;0000;0000;0000
0000;0000;0000;0000;0000;0000;0000;0000
0000;0000;0000;0000;0000;0000;0000;0000
0000;0000;0000;0000;0000;0000;0000;0000
0000;0000;0000;0000;0000;0000;0000;0000
0000;0000;0000;0000;0000;0000;0000;0000
0000;0000;0000;0000;0000;0000;0000;0000
0000;0000;0000;0000;0000;7755;7700;6201

0000;0000;0000;0000;0000;0000;0000;0000
0000;0000;0000;0000;0000;0000;0000;0000
0000;0000;0000;0000;0000;0000;0000;0000
0000;0000;0000;0000;0000;0000;0000;0000
0000;0000;0000;0000;0000;0000;0000;0000
0000;0000;0000;0000;0000;0000;0000;0000
0000;0000;0000;0000;0000;0000;0000;0000
0000;0000;0000;0000;0000;0000;0000;0000
0000;0000;0000;0000;0000;0000;0000;0000
0000;0000;0000;0000;0000;0000;0000;0000
0000;0000;0000;0000;0000;0000;0000;0000
0000;0000;0000;0000;0000;0000;0000;0000
0000;0000;0000;0000;0000;0000;0000;0000
0000;0000;0000;0000;0000;0000;0000;0000
0000;0000;0000;0000;0000;0000;0000;0000
0000;0000;0000;0000;0000;0000;0000;0000

0000;0000;0000;0000;0000;0000;0000;0000
0000;0000;0000;0000;0000;0000;0000;0000
0000;0000;0000;0000;0000;0000;0000;0000
0000;0000;0000;0000;0000;0000;0000;0000
0000;0000;0000;0000;0000;0000;0000;0000
0000;0000;0000;0000;0000;0000;0000;0000
0000;0000;0000;0000;0000;0000;0000;0000
0000;0000;0000;0000;0000;0000;0000;0000
0000;0000;0000;0000;0000;0000;0000;0000
0000;0000;0000;0000;0000;0000;0000;0000
0000;0000;0000;0000;0000;0000;0000;0000
0000;0000;0000;0000;0000;0000;0000;0000
0000;0000;0000;0000;0000;0000;0000;0000
0000;0000;0000;0000;0000;0000;0000;0000
0000;0000;0000;0000;0000;0000;0000;0000
0000;0000;0000;0000;0000;0000;0000;0000

0000;0000;0000;0000;0000;0000;0000;0000
0000;0000;0000;0000;0000;0000;0000;0000
0000;0000;0000;0000;0000;0000;0000;0000
0000;0000;0000;0000;0000;0000;0000;0000
0000;0000;0000;0000;0000;0000;0000;0000
0000;0000;0000;0000;0000;0000;0000;0000
0000;0000;0000;0000;0000;0000;0000;0000
0000;0000;0000;0000;0000;0000;0000;0000
0000;0000;0000;0000;0000;0000;0000;0000
0000;0000;0000;0000;0000;0000;0000;0000
0000;0000;0000;0000;0000;0000;0000;0000
0000;0000;0000;0000;0000;0000;0000;0000
0000;0000;0000;0000;0000;0000;0000;0000
0000;0000;0000;0000;0000;0000;0000;0000
0000;0000;0000;0000;0000;0000;0000;0000
0000;0000;0000;0000;0000;0000;0000;0000

0000;0000;0000;0000;0000;0000;0000;0000
0000;0000;0000;0000;0000;0000;0000;0000
0000;0000;0000;0000;0000;0000;0000;0000
0000;0000;0000;0000;0000;0000;0000;0000
0000;0000;0000;0000;0000;0000;0000;0000
0000;0000;0000;0000;0000;0000;0000;0000
0000;0000;0000;0000;0000;0000;0000;0000
0000;0000;0000;0000;0000;0000;0000;0000
0000;0000;0000;0000;0000;0000;0000;0000
0000;0000;0000;0000;0000;0000;0000;0000
0000;0000;0000;0000;0000;0000;0000;0000
0000;0000;0000;0000;0000;0000;0000;0000
0000;0000;0000;0000;0000;0000;0000;0000
0000;0000;0000;0000;0000;0000;0000;0000
0000;0000;0000;0000;0000;0000;0000;0000
0000;0000;0000;0000;0000;0000;0000;0000

0000;0000;0000;0000;0000;0000;0000;0000
0000;0000;0000;0000;0000;0000;0000;0000
0000;0000;0000;0000;0000;0000;0000;0000
0000;0000;0000;0000;0000;0000;0000;0000
0000;0000;0000;0000;0000;0000;0000;0000
0000;0000;0000;0000;0000;0000;0000;0000
0000;0000;0000;0000;0000;0000;0000;0000
0000;0000;0000;0000;0000;0000;0000;0000
0000;0000;0000;0000;0000;0000;0000;0000
0000;0000;0000;0000;0000;0000;0000;0000
0000;0000;0000;0000;0000;0000;0000;0000
0000;0000;0000;0000;0000;0000;0000;0000
0000;0000;0000;0000;0000;0000;0000;0000
0000;0000;0000;0000;0000;0000;0000;0000
0000;0000;0000;0000;0000;0000;0000;0000
0000;0000;0000;0000;0000;0000;0000;0000

3425;0000;0006;0027;0000;0041;0462;0000
0000;0000;0000;0000;0000;0000;0000;0000
0000;0000;0000;0000;0000;0000;0000;0000
0000;0000;0000;0000;0000;0000;0000;0000
0000;0000;0000;0000;0000;0000;0000;0000
0000;0000;0000;0000;0000;0000;0000;0000
0000;0000;0000;0000;0000;0000;0000;0000
0000;0000;0000;0000;0000;0000;0000;0000
0000;0000;0000;0000;0000;0000;0000;0000
0000;0000;0000;0000;0000;0000;0000;0000
0000;0000;0000;0000;0000;0000;0000;0000
0000;0000;0000;0000;0000;0000;0000;0000
0000;0000;0000;0000;0000;0000;0000;0000
0000;0000;0000;0000;0000;0000;0000;0000
0000;0000;0000;0000;0000;0000;0000;0000
0000;0000;0000;0000;0000;0000;0000;3573
$
