0005 0001 0010 0106 0001 0010 0005 0402 
0001 1722 0002 7606 
0001 0062 0176 7772 
0007 0062 0176 0505 4752 5546 
0002 0042 0204 7774 
0000 0030 0240 7773 
0007 0022 0210 2122 
0000 1005 1003 1005 0034 0016 4000 0030 0252 1004 0012 0030 0264 1004 0040 7766 1005 1001 0017 5000 7766 1004 
0007 0042 0212 2321 2121 
0000 1010 0541 5007 7766 1005 0022 7766 0015 
0003 0011 0006 
1742 0000 1722 0002 0062 0176 0042 0204 0022 0210 0011 0120 0011 0124 0042 0212 
6066 6561 6665 6066 6555 5257 5742 5646 0101 4460 6657 6563 1717 0000 
