0005 0007 0010 0021 0001 0010 0005 0402 
0000 0030 0454 
0007 0012 0000 2400 
0000 1001 
0007 0062 0001 0547 6452 4571 
0000 1002 1001 0034 0016 4000 1001 0022 
0007 0012 0007 2500 
0000 1003 
0007 0062 0010 6550 5552 4571 
0000 1004 1003 0034 0016 4000 1003 0022 
0007 0012 0016 2600 
0000 1005 
0007 0062 0017 0570 6063 5422 
0000 1006 1005 0034 0016 4000 1005 0022 
0007 0012 0025 2700 
0000 1007 
0007 0062 0026 0570 6063 5423 
0000 1010 1007 0034 0016 4000 1007 0022 
0007 0012 0034 3000 
0000 1011 
0007 0062 0035 0570 6063 5424 
0000 1012 1011 0034 0016 4000 1011 0022 0015 0015 
0003 0013 0002 
0012 0000 0062 0001 0012 0007 0062 0010 0012 0016 0062 0017 0012 0025 0062 0026 0012 0034 0062 0035 
1717 0000 
