0005 0001 0010 0133 0001 0010 0005 0402 
0001 1162 0002 7662 
0007 0042 0120 2121 2122 
0007 0042 0124 2123 3023 
0007 1262 0132 7676 7676 7676 7676 7676 7676 7676 7676 7676 7676 7676 7676 7676 7676 7676 7676 7676 7676 7676 7676 7676 7676 7676 7676 7676 7676 7676 7676 7676 7676 7676 7676 7676 7676 7676 7676 7676 7676 7676 7676 7676 7676 7676 
0000 0030 0524 
0007 0012 0260 2400 
0000 1005 
0007 0062 0261 5055 7060 6354 
0000 1006 1005 0034 0016 4000 1005 1001 0017 5000 1005 1004 0017 5000 1002 0040 1002 1003 0541 5007 1005 0022 0015 
0003 0010 0006 
1302 0000 0042 0120 0042 0124 1302 0130 0012 0260 0062 0261 0011 0150 
5055 7060 6354 6346 4444 5765 5642 7144 5765 4363 4244 5464 1717 0000 
