0005 0002 0010 0427 0004 0010 0005 0402 
0002 0032 0002 7775 
0001 0022 0010 7776 
0001 1722 0014 7606 
0001 0522 0210 7726 
0002 0162 0262 7762 
0001 0072 0302 7771 
0002 0022 0311 7776 
0002 0012 0313 7777 
0001 0062 0314 7772 
0001 0032 0322 7775 
0000 0030 1370 0030 1510 7766 
0007 0012 0326 2200 
0000 1020 1020 1020 0036 7766 6021 7766 
0007 0022 0327 2122 
0000 1022 0016 1777 0030 1560 0042 7766 1020 
0007 0022 0331 2427 
0000 1024 
0007 0062 0333 4460 5767 4663 
0000 1025 0035 7766 
0007 0012 0341 2300 
0000 1026 1020 
0007 0542 0342 5642 7152 5666 5701 6066 6561 6665 0147 5255 4601 5742 5646 0152 6401 4752 6746 0144 5142 6342 4465 4663 6417 
0000 1027 0035 7766 
0007 0012 0416 2400 
0000 1030 1020 
0007 0602 0417 6551 4601 6163 6050 6342 5601 4245 4564 0142 0105 0165 6001 4763 6057 6501 6047 0164 6146 4452 4752 4645 0157 4256 4617 
0000 1031 0035 7766 
0007 0012 0477 2500 
0000 1032 1020 
0007 0552 0500 6163 4664 6401 3544 4263 0163 4665 3701 7051 4657 0165 5146 6346 0142 6346 0157 6001 5660 6346 0157 4256 4664 1700 
0000 1033 0035 0030 1642 7766 1014 0040 7766 1014 
0007 0012 0555 2600 
0000 1035 0002 1020 
0007 0342 0556 7051 4265 0152 6401 6551 4601 5742 5646 0147 6063 0147 5255 4601 0401 
0000 1036 0035 7766 1020 1026 3012 1014 0025 7766 
0007 0012 0612 2100 
0000 1037 1037 1020 1026 3012 0035 7766 1037 1037 
0007 0032 0613 0140 0100 
0000 1040 0035 7754 1012 0011 7766 1013 1012 0037 7766 1013 
0007 0022 0616 2224 
0000 1041 0601 5042 7766 1014 1035 0002 1020 1026 0036 7766 1037 1037 
0007 0012 0620 3000 
0000 1043 0036 7766 1014 1014 1020 0032 7766 5034 0030 2056 7766 1020 1020 3012 
0007 0012 0621 0100 
0000 1044 0600 5045 7766 1014 1035 0002 
0007 0022 0622 2525 
0000 1046 
0007 0332 0624 7051 4265 0152 6401 6551 4601 5560 5052 4442 5501 6657 5265 0140 0100 
0000 1047 0035 7766 1013 1016 0037 7766 1013 1041 0601 5050 7766 1014 1035 0002 1046 1026 0036 7766 1037 1037 1043 0036 7766 5042 0030 2176 7766 1014 2010 1020 1035 3012 0024 7766 1014 2011 1020 1026 3016 0026 7766 1014 1043 0541 5034 0030 2246 7766 1020 1020 1020 0036 7766 1037 1037 
0007 0452 0657 6163 6044 4664 6452 5750 0160 4444 6663 5257 5001 1701 1701 1701 6155 4642 6446 0170 4252 6500 
0000 1051 0035 7766 
0007 0022 0724 2226 
0000 1052 1020 1037 0036 7766 1014 0012 0030 2330 7766 1014 0040 0030 2354 7766 1020 1020 3015 
0007 0012 0726 0500 
0000 1055 0024 7766 1026 
0007 0012 0727 2700 
0000 1056 3015 1014 2010 0024 7766 
0007 0022 0730 2123 
0000 1057 1015 1014 2011 0034 0016 4000 0030 2424 7766 1022 1003 0017 5061 7766 1001 
0007 0042 0732 2521 3227 
0000 1062 
0007 0022 0736 2725 
0000 1063 1030 2002 0007 0001 0004 1032 2002 0007 0004 1026 0001 0027 0030 2462 7766 1057 1030 1001 1026 0002 3005 0017 5000 7766 5060 0030 2520 7766 1022 0022 7766 1057 0022 7766 1014 1035 0002 1020 
0007 0212 0740 6563 4257 6447 4663 0160 4701 4752 5546 0100 
0000 1065 0035 7766 1037 1037 1015 0035 7766 1037 1037 
0007 0132 0761 0144 6056 6155 4665 4645 0200 
0000 1066 0035 7766 1037 1037 1043 0036 0030 2626 7766 6070 7766 1022 0016 1777 7766 0042 5053 0030 2676 7766 1020 1020 1026 0036 7766 1037 1037 
0007 0332 0774 5760 0152 5761 6665 0147 5255 4664 0152 5701 6366 5701 5552 5746 0200 
0000 1071 0035 7766 1037 1037 1043 0036 7766 0015 0030 2760 7766 1014 1043 0002 1020 
0007 0312 1027 4752 5546 0165 6342 5764 4746 6301 4460 5661 5546 6546 4645 0200 
0000 1072 0035 0030 3136 7766 0015 
0003 0074 0020 
0032 0002 0012 0010 1742 0012 1722 0014 1742 0012 1722 0014 0722 0206 0062 0210 0022 0262 0072 0302 0022 0311 0012 0313 0062 0314 0032 0322 0011 0432 0012 0326 0011 1064 0022 0327 0011 0447 0022 0331 0062 0333 0012 0341 0542 0342 0012 0416 0602 0417 0012 0477 0552 0500 0011 0476 0012 0555 0342 0556 0012 0612 0032 0613 0022 0616 0011 0573 0012 0620 0012 0621 0011 0667 0022 0622 0332 0624 0011 0642 0452 0657 0022 0724 0011 0713 0011 0720 0012 0726 0012 0727 0022 0730 0011 0747 0011 1013 0042 0732 0022 0736 0011 0776 0212 0740 0132 0761 0011 1051 0011 1107 0332 0774 0312 1027 0011 1120 
6452 7346 0101 6563 5244 5401 5257 6166 6501 5257 5552 5746 6066 6561 6665 6066 6555 5257 5742 5646 6401 5742 5646 0101 5766 5643 4663 4255 6151 4201 6544 5142 6301 5560 6061 0101 5742 5646 6001 6657 5265 5257 6061 0000 
