0005 0003 0010 2240 0020 0010 0005 0402 
0007 0012 1215 4000 
0007 0062 1230 2057 6057 4620 
0007 0022 1236 2121 
0011 0032 1240 7775 
0011 0032 1243 7775 
0011 0172 1246 7761 
0011 0032 1265 7775 
0011 0032 1270 7775 
0011 0052 1273 7773 
0007 0012 1302 1300 
0011 0032 1306 7775 
0007 0072 1314 6346 4460 6345 0100 
0011 0062 1323 7772 
0007 0112 1331 0160 4701 4752 5546 0100 
0007 0062 1342 2057 6057 4620 
0007 0222 1350 1501 0101 6346 4460 6345 0155 4657 5065 5136 
0007 0032 1372 2622 2100 
0007 0132 1375 0144 5142 6342 4465 4663 6400 
0011 0022 1412 7776 
0007 0012 1414 3000 
0007 0012 1415 3100 
0007 0012 1416 2700 
0007 0032 1417 2121 2200 
0011 0022 1422 7776 
0011 0012 1426 7777 
0011 0012 1427 7777 
0011 0062 1430 7772 
0011 0012 1436 7777 
0007 0032 1437 2121 2200 
0007 0032 1442 2622 2100 
0007 0032 1445 2621 3200 
0011 0012 1450 7777 
0007 0012 1451 2200 
0007 0012 1452 2300 
0007 0012 1453 2400 
0007 0032 1454 2126 2100 
0007 0032 1457 2121 2200 
0007 0032 1462 2121 2200 
0007 0032 1465 2224 2100 
0011 0032 1470 7775 
0011 0012 1473 7777 
0011 0012 1474 7777 
0007 0022 1475 2123 
0007 0032 1477 2121 6200 
0011 0012 1502 7777 
0007 0622 1654 0101 0101 0101 0101 0122 0101 0101 0101 0101 0123 0101 0101 0101 0101 0124 0101 0101 0101 0101 0125 0101 0101 0101 0101 0126 
0007 0622 1736 0101 0101 0101 0101 0127 0101 0101 0101 0101 0130 0101 0101 0101 0101 0131 0101 0101 0101 0101 0132 0101 0101 0101 0101 0121 
0007 0622 2020 0101 0101 0101 0101 0122 0101 0101 0101 0101 0123 0101 0101 0101 0101 0124 0101 0101 0101 0101 0125 0101 0101 0101 0101 0126 
0007 0622 2102 0101 0101 0101 0101 0127 0101 0101 0101 0101 0130 0101 0101 0101 0101 0131 0101 0101 0101 0101 0132 0101 0101 0101 0101 0121 
0007 0402 2164 0101 0101 0101 0101 0122 0101 0101 0101 0101 0123 0101 0101 0101 0101 0124 0101 
0007 0622 2226 2223 2425 2627 3031 3221 2223 2425 2627 3031 3221 2223 2425 2627 3031 3221 2223 2425 2627 3031 3221 2223 2425 2627 3031 3221 
0007 0622 2310 2223 2425 2627 3031 3221 2223 2425 2627 3031 3221 2223 2425 2627 3031 3221 2223 2425 2627 3031 3221 2223 2425 2627 3031 3221 
0007 0622 2372 2223 2425 2627 3031 3221 2223 2425 2627 3031 3221 2223 2425 2627 3031 3221 2223 2425 2627 3031 3221 2223 2425 2627 3031 3221 
0007 0342 2456 4657 4501 6047 0152 5761 6665 0147 5255 4601 4265 0163 4644 6063 4501 
0011 0062 2512 7772 
0007 0252 2522 4542 6542 0147 6066 5745 0152 5701 6346 4460 6345 0100 
0011 0052 2547 7773 
0007 0152 2556 6066 6561 6665 0147 5255 4633 0100 
0007 0062 2573 2057 6057 4620 
0007 0062 2604 6657 5265 3301 
0011 0022 2612 7776 
0007 0052 2616 5446 7236 3500 
0007 0032 2623 2121 2200 
0007 0012 2626 1500 
0007 0032 2627 2621 3200 
0007 0012 2632 3700 
0007 0142 2636 5257 6166 6501 4752 5546 3301 
0007 0062 2672 6657 5265 3301 
0011 0022 2700 7776 
0000 0030 1301 7773 1041 
0007 0022 3112 2626 
0000 1120 0027 7773 1011 
0007 0032 3114 1010 0100 
0000 1121 0024 7773 1007 
0007 0012 3120 2400 
0000 1122 2010 0024 7773 5123 0030 1332 1070 0012 7773 1060 
0007 0012 3121 2200 
0000 1125 0027 7773 1065 1125 0601 5126 7773 
0007 0012 3122 2100 
0000 1127 1127 1022 0035 7773 6130 7773 1035 1005 0017 5131 0030 1370 0042 
0007 0032 3123 2223 3200 
0000 1133 
0007 0012 3126 2300 
0000 1134 
0007 0012 3127 2500 
0000 1135 2004 0007 0001 0004 2006 
0007 0012 3130 3400 
0000 1136 0024 7773 4137 7773 1034 1060 2006 0007 
0007 0022 3131 2424 
0000 1140 0032 7773 1034 
0007 0012 3133 2600 
0000 1141 0005 0601 5124 7773 4142 7773 1034 0013 0015 5143 5144 5145 5146 5131 5147 5150 5151 5152 5130 5153 5154 5130 7773 1034 
0007 0022 3134 2224 
0000 1167 0004 0013 0013 5130 5155 5156 5157 5160 5161 5162 5163 5164 5165 5166 0030 1433 1036 
0007 0162 3136 1010 4342 4501 4460 5656 4257 4517 
0000 1170 0017 5000 7773 5124 0030 1452 1044 1127 0621 4171 7773 4172 7773 1054 1012 1013 0034 0016 2000 7773 1032 1012 0024 7773 1114 1013 0027 7773 1112 
0007 0042 3154 6061 4657 
0000 1173 0024 7773 1064 0012 0030 1515 1031 1127 0027 7773 1033 
0007 0032 3160 2622 2100 
0000 1175 0027 7773 1044 1125 0027 7773 5176 0030 1541 1054 0022 7773 0014 0030 1560 1045 1127 0621 5177 7773 4172 7773 1055 1012 1013 0034 0016 4000 7773 1102 1012 0024 7773 1104 1013 0027 7773 1045 1125 0027 7773 1046 0012 7773 5124 0030 1630 1036 
0007 0322 3164 1010 6066 6561 6665 0147 5255 4601 4255 6346 4245 7201 6061 4657 
0000 1200 0017 5000 7773 5124 0030 1647 1045 1127 0621 5177 7773 1044 1127 0621 4171 7773 4172 7773 1054 1012 1013 0034 0016 6000 7773 1064 1125 0027 7773 1045 1125 0027 7773 1046 1127 0027 7773 1114 1013 0027 7773 1104 1013 0027 7773 1112 
0007 0042 3216 6661 4565 
0000 1201 0024 7773 1032 1012 0024 7773 1102 1012 0024 7773 5174 0030 1750 4202 7773 5124 0030 1762 1044 1125 0621 5203 7773 1031 1127 0601 5204 7773 1070 1127 0661 4205 0030 2001 1064 1127 0621 5206 7773 1054 1002 0017 5207 0030 2013 1031 1031 1125 0031 0030 2020 1033 
0007 0042 3222 2521 3227 
0000 1212 
0007 0022 3226 2725 
0000 1213 1122 2001 0007 0001 0004 1135 2001 0007 0004 1134 0001 0027 7773 1067 1033 0027 7773 0014 0030 2037 1036 
0007 0202 3230 1010 5760 0152 5761 6665 0147 5255 4617 
0000 1214 0017 5000 7773 5124 0030 2051 1031 1031 1125 0031 0030 2056 6216 7773 1054 1125 1033 1134 0002 3002 1031 0020 7773 0042 5211 0030 2075 1076 1031 0027 7773 1036 1075 0017 5000 7773 1044 0012 7773 1112 
0007 0042 3250 6551 6366 
0000 1217 0024 7773 5124 0030 2126 1036 
0007 0372 3254 1010 5255 5546 5042 5501 6346 4460 6345 0116 0144 5560 6452 5750 0147 5255 4600 
0000 1220 0017 5000 7773 5147 0030 2145 1045 1125 0621 5221 7773 1064 1127 0621 5222 7773 1033 1127 0601 5203 7773 1055 1125 1033 1134 0002 3002 0017 5000 7773 1046 1046 1125 0031 7773 0014 0030 2203 1036 
0007 0202 3314 1010 5760 0160 6665 6166 6501 4752 5546 
0000 1223 0017 5000 7773 5124 0030 2215 1054 1125 1033 1134 0002 3002 1031 0021 7773 0014 0030 2234 1060 2006 
0007 0012 3334 0100 
0000 1224 0620 0014 7773 1060 1060 1125 0031 7773 5137 7773 0030 2260 4225 7773 1021 1016 0027 7773 4226 0030 2277 4202 7773 1021 1021 1125 0032 7773 1021 1127 0661 5227 7773 5124 0030 2330 1064 1127 0601 5230 7773 4225 7773 1016 1031 1016 0032 7773 1016 1127 0641 5231 7773 1031 1016 0027 7773 5232 0030 2366 1036 
0007 0462 3336 1010 4442 5765 0143 4244 5464 6142 4446 0170 5265 5101 6446 6266 4657 6552 4255 0152 5761 6665 
0000 1233 0017 5000 7773 5124 0030 2400 1036 
0007 0442 3404 1010 4442 5765 0143 4244 5464 6142 4446 0161 4264 6501 4346 5052 5701 6047 0147 5255 4617 
0000 1234 0017 5000 7773 5124 0030 2417 4225 7773 1021 1016 0027 7773 1070 1125 0027 7773 5227 0030 2450 4235 7773 4236 7773 1051 1033 0661 5237 7773 1050 1051 3003 0011 7773 1050 1051 3003 1125 1040 3071 0024 7773 5124 0030 2506 1036 
0007 0352 3450 1010 5446 7201 4671 6546 5745 6401 6142 6465 0163 4644 6063 4501 4657 4500 
0000 1240 0017 5000 7773 5124 0030 2525 4225 7773 1016 
0007 0032 3506 2224 2100 
0000 1241 0661 5242 7773 1053 1125 0601 5243 7773 1057 1016 0027 7773 5124 0030 2556 1047 1125 1047 0032 7773 5124 0030 2570 1036 
0007 0252 3512 1010 4671 4446 6464 5267 4601 5063 5245 0164 5273 4600 
0000 1244 0017 5000 7773 5124 0030 2607 1045 1127 0601 0015 7773 1036 
0007 0302 3540 1010 6066 6561 6665 0147 5255 4601 6465 5255 5501 6061 4657 
0000 1245 0017 5000 7773 5124 0030 2633 1045 1125 0621 5221 7773 4226 7773 1070 1125 0601 4246 7773 1055 0022 7773 1102 
0007 0062 3570 2057 6057 4620 
0000 1247 0024 7773 1045 0012 7773 1064 1127 0601 5124 7773 1064 0012 7773 1044 0012 7773 1032 1102 0024 7773 1054 0022 7773 5124 0030 2734 1044 1127 0601 5203 0030 2741 4205 7773 1064 1125 0601 5251 7773 1054 1002 0017 5251 7773 4210 7773 5250 0030 2772 1044 0012 7773 1031 0012 7773 1112 1217 0024 7773 0014 0030 3023 4225 7773 4226 7773 1064 1127 0601 5252 7773 1031 1016 0027 0030 3047 4215 7773 5124 0030 3061 1016 1031 0541 5230 7773 1021 1016 1031 0032 7773 1021 1127 0601 5124 7773 5227 0030 3112 1036 
0007 0142 3576 1010 4245 6742 5744 4601 5714 
0000 1253 0017 5000 7773 1036 
0007 0152 3612 1010 4342 4454 6461 4244 4601 5700 
0000 1254 0017 5000 7773 1036 
0007 0232 3630 1010 4451 4257 5046 0135 4215 4337 0145 4265 4200 
0000 1255 0017 5000 7773 1036 
0007 0132 3654 1010 4552 6461 5542 7201 5700 
0000 1256 0017 5000 7773 1036 
0007 0062 3670 1010 4671 5265 
0000 1257 0017 5000 7773 1036 
0007 0102 3676 1010 4752 5752 0114 
0000 1260 0017 5000 7773 1036 
0007 0112 3706 1010 5060 6560 0157 1400 
0000 1261 0017 5000 7773 1036 
0007 0062 3720 1010 5146 5561 
0000 1262 0017 5000 7773 1036 
0007 0222 3726 1010 5257 6166 6501 5542 4346 5520 6657 5265 
0000 1263 0017 5000 7773 1036 
0007 0112 3750 1010 5446 7201 4215 4300 
0000 1264 0017 5000 7773 1036 
0007 0152 3762 1010 5552 6465 0157 0154 4672 1400 
0000 1265 0017 5000 7773 1036 
0007 0232 4000 1010 6066 6561 6665 0155 4243 4655 2066 5752 6500 
0000 1266 0017 5000 7773 1036 
0007 0072 4024 1010 6166 6501 5700 
0000 1267 0017 5000 7773 1036 
0007 0072 4034 1010 6266 4663 7200 
0000 1270 0017 5000 7773 1036 
0007 0102 4044 1010 6346 7052 5745 
0000 1271 0017 5000 7773 1036 
0007 0252 4054 1010 6446 4263 4451 0135 4215 4337 0145 4265 4201 1400 
0000 1272 0017 5000 7773 1036 
0007 0172 4102 1010 6572 6146 0157 0135 4215 4337 1400 
0000 1273 0017 5000 7773 1036 
0007 0232 4122 1010 6661 4542 6546 0155 4243 4655 2066 5752 6500 
0000 1274 0017 5000 7773 1036 
0007 0112 4146 1010 6746 6364 5260 5700 
0000 1275 0017 5000 7773 1036 
0007 0112 4160 1010 7063 5265 4601 5700 
0000 1276 0017 5000 7773 1036 
0007 0032 4172 1010 7100 
0000 1277 0017 5000 7773 5124 0030 3275 4300 7773 1106 1050 0027 7773 1107 1051 0027 7773 5124 0030 3326 4225 7773 1053 1125 0601 5301 7773 1060 2006 
0007 0012 4176 1500 
0000 1302 0620 5303 7773 1050 1016 0027 7773 1060 1060 1125 0031 7773 4225 7773 1051 1016 0027 7773 1051 1050 0541 5303 7773 1051 1175 0641 0014 0030 3403 1036 
0007 0112 4200 1010 4342 4501 5446 7200 
0000 1304 0017 5000 7773 1050 1125 0027 7773 1051 1175 0027 7773 5124 0030 3434 1066 1037 0027 7773 4305 7773 5124 0030 3453 1050 1125 0027 7773 1051 1175 0027 7773 0014 0030 3477 1031 1127 0601 5203 7773 4225 7773 1021 1016 0027 7773 4235 7773 4226 0030 3530 4307 7773 1061 1050 0027 7773 1062 1061 1057 0002 1125 0032 7773 1052 1051 0027 7773 1050 1033 0661 5310 7773 1051 1033 0661 4311 0030 3566 1062 1052 0661 5313 7773 4314 7773 1066 1121 0017 5000 7773 1061 1062 1125 0031 7773 1062 1061 1057 0002 1125 0032 7773 5312 0030 3624 1062 1052 0027 7773 1061 1062 0661 5315 7773 4314 0030 3643 1021 1021 1125 0032 7773 1021 1127 0601 
0000 0014 7773 4202 7773 5306 0030 3667 1063 1062 1061 0004 1125 0031 7773 1047 1125 0601 4316 7773 1116 0011 7773 1115 0011 7773 1117 1061 1062 3003 0024 0030 3720 1066 1125 1063 1122 0002 3115 0017 5000 7773 0014 0030 3732 1066 
0007 0412 4212 1010 5446 7201 4657 6552 6346 5572 0161 4264 6501 4657 4501 6047 0163 4644 6063 4500 
0000 1320 0017 5000 7773 5315 0030 3744 1052 1033 0027 7773 0014 0030 3763 1023 1061 1125 0032 7773 1117 1027 1125 0002 1027 1063 0002 3073 0024 7773 1023 1061 0027 7773 1024 1125 1125 3062 0601 5321 7773 
0007 0032 4254 2221 2100 
0000 1322 1027 0004 1322 1027 0004 3117 1024 1125 0002 0025 0030 4014 1116 1024 0025 7773 1125 1125 3117 1025 0025 7773 1116 
0007 0012 4257 2100 
0000 1323 0620 5324 7773 1116 0011 0030 4040 1023 1062 0027 7773 1063 1063 3117 1025 0025 7773 1066 1125 1063 1122 0002 3115 0017 5000 7773 1023 1061 1125 0032 7773 1117 1026 1125 0002 1026 1063 0002 3074 0024 7773 1116 0011 7773 5317 0030 4110 4225 7773 1021 1016 0027 0030 4122 4205 7773 1021 1021 1125 0032 7773 1021 1127 0661 5325 7773 5124 0030 4146 1111 1032 0024 7773 1036 1110 0017 5000 7773 1036 1113 0017 5000 7773 1036 1101 0017 5000 7773 1036 1103 0017 5000 7773 1036 1105 0017 5000 7773 1066 1036 0027 7773 4307 7773 5164 0030 4223 1064 1127 0601 5326 7773 1031 1125 0027 7773 5232 0030 4242 1044 1127 0601 5203 7773 1054 
0000 0022 7773 1054 1032 1114 0034 0016 2000 7773 1031 1127 0027 7773 5176 0030 4300 4235 7773 4236 7773 4226 0030 4317 1050 1051 3003 1125 1040 3071 0600 5330 0030 4324 4202 7773 5327 0030 4336 1051 1033 0661 5331 7773 1100 1031 0027 7773 1036 1077 0017 5000 7773 5124 0030 4367 1066 1036 0027 7773 4305 7773 5124 0030 4406 1056 1005 0017 5123 7773 1125 
0007 0032 4260 2223 2700 
0000 1332 3006 1122 
0007 0032 4263 2223 3100 
0000 1333 3006 0024 7773 1036 1125 1133 1134 1135 2004 0007 0001 0004 3005 0017 5000 7773 5132 0030 4432 6334 7773 1056 0016 1777 7773 0042 1065 1125 0027 7773 5124 0030 4456 1035 0016 0100 7773 1065 0012 7773 5124 0030 4502 1036 
0007 0232 4266 1010 4542 4765 0167 4663 6452 6057 0131 1721 2100 
0000 1335 0017 5000 7773 5124 0030 4521 1060 2006 
0007 0012 4312 3500 
0000 1336 0620 5337 7773 1060 1060 1125 0031 7773 4300 7773 1060 2006 
0007 0012 4313 3700 
0000 1340 0620 5303 7773 1060 1060 1125 0031 7773 4137 7773 0014 0030 4564 1050 1106 0027 7773 1051 1107 0027 7773 0014 7773 0030 4610 1060 1060 1125 0031 7773 1060 2006 1136 0600 0014 7773 1060 2006 1224 0620 5142 7773 4137 7773 0014 0030 4646 4137 7773 1014 1060 0027 0030 4660 1043 1060 2006 0024 7773 1043 1224 0600 5342 7773 1043 1323 0540 5342 7773 1043 
0007 0012 4314 3200 
0000 1343 0660 5342 7773 1060 1060 1125 0031 7773 5341 0030 4716 1015 1060 1125 0032 7773 4137 7773 1015 1014 0541 5344 7773 1053 1127 0027 7773 6345 7773 1016 1014 1015 3006 0026 7773 0042 1016 1127 0661 0014 0030 4761 1036 
0007 0252 4316 1010 5766 5643 4663 0165 6060 0143 5250 0160 6301 2100 
0000 1346 0017 5000 7773 1036 
0007 0202 4344 1010 2101 5760 6501 4255 5560 7046 4517 
0000 1347 0017 5000 7773 5124 0030 5000 1016 1125 0027 7773 1053 1125 0027 7773 0014 0030 5017 1017 1060 0027 0030 5024 1042 1060 2006 0024 7773 1060 1060 1125 0031 7773 1042 1224 0600 5351 7773 1042 1136 0600 5351 7773 1042 
0007 0012 4364 2000 
0000 1352 0620 5350 7773 1020 1060 1134 0032 7773 4225 7773 1013 1016 0027 7773 5353 0030 5101 1013 1127 0027 7773 1020 1060 1134 0032 0030 5113 1020 1017 0541 5354 7773 1012 0011 7773 1012 1017 1020 3006 0024 7773 0014 0030 5137 1036 
0007 0202 4366 1010 5760 0155 4243 4655 0157 4256 4617 
0000 1355 0017 5000 7773 5124 0030 5151 4137 7773 1060 2006 
0007 0012 4406 1400 
0000 1356 0600 5357 7773 0014 0030 5170 1070 1125 0027 7773 1060 1060 1125 0031 7773 4137 7773 1060 2006 1136 0600 0014 7773 1036 
0007 0152 4410 1010 4671 6563 4201 4451 4263 6400 
0000 1360 0017 5000 7773 5124 0030 5226 1060 2006 1007 0600 5361 7773 1060 2006 1224 0600 5362 7773 1014 1060 0027 0030 5245 1060 2006 1136 0600 5364 7773 1060 1060 1125 0031 7773 5363 0030 5264 1015 1060 1125 0032 7773 1040 1051 1050 0004 1125 0031 7773 1040 1322 0661 5365 7773 6366 7773 1125 1040 3072 1014 1015 3006 0026 7773 0042 0014 0030 5322 1036 
0007 0232 4426 1010 4342 4501 4552 5052 6501 5257 0145 4265 4200 
0000 1367 0017 5000 7773 0014 0030 5334 1036 
0007 0112 4452 1010 5760 0145 4265 4200 
0000 1370 0017 5000 7773 0014 0030 5346 1060 1060 1125 0031 7773 1014 1060 0027 0030 5360 1060 2006 1007 0600 5372 7773 1060 1060 1125 0031 7773 5371 0030 5377 1015 1060 1125 0032 7773 1060 1060 1125 0031 7773 1040 1051 1050 0004 1125 0031 7773 1040 1322 0661 5365 7773 1125 1040 3071 0011 7773 1125 1040 3071 1014 1015 3006 0024 7773 0014 0030 5442 1036 
0007 0152 4464 1010 5446 7201 6560 6001 4352 5000 
0000 1373 0017 5000 7773 5124 0030 5454 4307 7773 5124 0030 5473 1066 1121 0017 5000 7773 1066 1030 0017 5000 7773 1066 1121 0017 5000 7773 0014 7773 0015 
0003 0374 0121 
0012 0002 0002 0004 0012 0006 0012 1006 2022 1010 0012 1012 0012 1214 0012 1220 0032 1222 0062 1230 0022 1236 0032 1240 0032 1243 0172 1246 0032 1265 0032 1270 0052 1273 0012 1302 0032 1306 0012 1306 0012 1307 0012 1310 0022 1307 0762 1312 0062 1323 0062 1342 0032 1372 0022 1412 0012 1414 0012 1415 0012 1416 0032 1417 0022 1422 0012 1424 0012 1425 0012 1426 0012 1427 0062 1430 0012 1436 0032 1437 0032 1442 0032 1445 0012 1450 0012 1451 0012 1452 0012 1453 0032 1454 0032 1457 0032 1462 0032 1465 0032 1470 0012 1473 0012 1474 0022 1475 0032 1477 0012 1502 1442 1506 1442 1506 0622 1654 0622 2226 0442 2454 0062 2512 0342 2520 0052 2547 0252 2554 0062 2573 0122 2602 0022 2612 0172 2614 0032 2623 0032 2627 0342 2634 0062 2652 0042 2664 0122 2670 0022 2700 2072 2702 0012 2704 2042 2705 0022 3112 0032 3114 0012 3120 0011 4725 0011 2262 0012 3121 0011 4670 0012 3122 0011 2413 0011 3355 0011 2313 0032 3123 0012 3126 0012 3127 0012 3130 0011 3115 0022 3131 0012 3133 0011 5036 0011 3134 0011 3164 0011 3251 0011 3312 0011 3372 0011 3511 0011 3556 0011 2423 0011 3732 0011 4036 0011 2506 0011 4452 0011 4500 0011 4546 0011 4610 0011 4657 0011 2556 0011 4755 0011 3234 0011 5625 0022 3134 0162 3136 0011 2500 0011 5216 0042 3154 0011 2461 0032 3160 0011 2644 0011 2546 0322 3164 0042 3216 0011 2651 0011 2741 0011 2671 0011 3031 0011 2751 0011 2776 0011 2704 0011 2712 0042 3222 0022 3226 0202 3230 0011 2757 0011 3021 0042 3250 0372 3254 0011 3071 0011 3101 0202 3314 0012 3334 0011 5064 0011 5335 0011 3145 0011 3214 0011 3224 0011 3527 0462 3336 0442 3404 0011 4765 0011 5401 0011 3302 0352 3450 0032 3506 0011 3345 0011 3335 0252 3512 0302 3540 0011 3445 0062 3570 0011 3453 0011 3474 0011 3534 0142 3576 0152 3612 0232 3630 0132 3654 0062 3670 0102 3676 0112 3706 0062 3720 0222 3726 0112 3750 0152 3762 0232 4000 0072 4024 0072 4034 0102 4044 0252 4054 0172 4102 0232 4122 0112 4146 0112 4160 0032 4172 0011 3747 0011 4047 0012 4176 0011 4016 0112 4200 0011 4062 0011 4102 0011 5632 0011 4271 0011 4301 0011 4136 0011 4171 0011 4224 0011 4205 0011 4310 0011 4255 0412 4212 0011 4357 0032 4254 0012 4257 0011 4402 0011 4461 0011 4562 0011 4617 0011 4636 0011 4631 0032 4260 0032 4263 0011 4743 0232 4266 0012 4312 0011 5022 0012 4313 0011 5073 0011 5127 0012 4314 0011 5203 0011 5166 0252 4316 0202 4344 0011 5223 0011 5272 0012 4364 0011 5304 0011 5325 0202 4366 0012 4406 0011 5350 0152 4410 0011 5517 0011 5507 0011 5422 0011 5440 0011 5615 0011 5477 0232 4426 0112 4452 0011 5531 0011 5547 0152 4464 
6563 5244 5401 5257 6346 4401 5201 0101 0101 6563 5244 5423 4460 5656 4257 4460 5601 0101 6266 6065 4601 6563 5244 5425 6563 2501 0101 5742 5646 0101 6657 5265 0101 5546 4765 0101 6352 5051 6501 5766 5643 6301 5547 6501 0101 6365 0101 0101 6346 4457 6001 6563 5244 5424 4524 0101 0101 5166 5764 0101 6546 5764 0101 6657 5265 6401 4523 0101 0101 5257 4760 0101 6346 4457 6656 6346 4457 4256 6346 4455 4657 5401 0101 0101 5443 4501 0101 6565 7201 0101 5561 6501 0101 5546 5750 0101 5552 5744 6066 5546 6565 6301 4451 4263 0101 5257 4755 5001 6066 6547 5550 6066 6554 5765 5063 5245 0101 5446 7255 6070 5446 7251 5201 5472 5152 0101 4755 4250 0101 5257 0101 0101 6066 6501 0101 6472 6401 0101 5063 5245 5546 6444 4257 0101 5560 7001 0101 5152 5051 0101 4552 4701 0101 6661 4755 4250 6472 6447 5550 4546 6752 4446 6055 4555 4657 6155 6664 0101 4542 6542 0101 5745 4265 4201 5063 5245 4201 5063 5245 4301 4660 4756 6450 4660 4763 4644 4760 6657 4556 4757 6056 0101 6260 6665 0101 6066 6557 4256 6260 6665 6601 6066 6566 5701 6254 4672 0101 5446 7255 0101 5446 7251 0101 6252 5701 0101 6352 4457 0101 6465 4265 6664 6252 5766 0101 5257 6657 5265 5043 6647 4701 6142 4501 0101 5043 6647 0101 1717 0000 
