ABCDEFGHIJKLMNOPQRSTUVWXYZ '.,:%<-/?"=!(>;+) &#$0123456789* X
ABCDEFGHIJKLMNOPQRSTUVWXYZ '.,:%<-/?"=!(>;+).&#$0123456789* X
1111111   1  1   1  1   1  1111111115
11111111  1  11  1  11  11111111   15
11111111     11     11     11     115
11111111     11     111   11 11111 15
11111111  1  11  1  11  1  11     115
1111111   1  1   1  1   1  1      115
11111111     11  1  11  1  11111  115
1111111   1      1      1   111111115
1     11     111111111     11     115
111    1      1      1      111111115
1111111   1      1   1111      111115
11111111      1      1      1      15
1111111      11111111      1111111115
1111111      111111111      111111115
11111111     11     11     1111111115
1111111   1  1   1  1   1  1   111115
11111111     1111   11     1111111115
1111111   1  1   1  11111  1   111115
1  11111  1  11  1  11  1  11111  115
      1      11111111      1      115
11111111      1      1      111111115
  11111111    1      111      1111115
11111111      11111111      111111115
111 111  111     1     111  111 11115
   1111   1   1111      1      111115
1111  11  1  11  1  11  1  11  111115
                                   15
    111                            11
1                                  11
 11    111                         12
  1 1                              11
11  111  1 1 111 1 111 1 1  111  1115
   1     111   11 11 11   111     115
   1      1      1      1      1   15
1      111      111      111      115
    111      11 11  1   11 1    11115
    111           111              13
  1 1    1 1    1 1    1 1    1 1  15
1 11111                            11
  111   11 11 11   111     11     115
1     111   11 11 11   111     1   15
 11 11 111 11                      12
   1      1    11111    1      1   15
1     11     111   11 11 11   111  15
 11111  1   1 1111111 1   1  1   1 15
                                    
  1 1  1111111  1 1  1111111  1 1  15
 1 111  1 1 1 1111111 1 1 1  111 1 15
 11111 11   111     111   11 11111 15
1111111                            11
11 111 111  111 11  11  11 11   11115
1  1  11  1  11  1  111 1 11 11111 15
   11     111    1 11   1  1111111115
1   1111   1 11   1 111 11 1 111  115
11111111  1   1  1   1  1   1111   15
    111      1      1      1111111115
11111111  1  11  1  11  1  1111111115
   1111   1  1   1  1   1  1111111115

