
  40  0.263700E+05
   1  5.9732  0.373   71282.   68733.   86593.
   2  5.9779  0.401   71183.   69787.   85970.
   3  5.9825  0.432   71146.   70839.   85347.
   4  5.9871  0.466   71137.   71890.   84725.
   5  5.9917  0.502   71194.   72939.   84104.
   6  5.9964  0.542   71329.   73987.   83483.
   7  6.0010  0.587   71553.   74877.   82864.
   8  6.0056  0.636   71896.   75656.   82246.
   9  6.0103  0.690   72281.   76288.   81629.
  10  6.0149  0.748   72672.   76723.   81013.
  11  6.0195  0.812   73028.   76946.   80397.
  12  6.0241  0.881   73352.   76964.   79932.
  13  6.0288  0.956   73629.   76815.   79525.
  14  6.0334  1.037   73864.   76595.   79187.
  15  6.0380  1.125   74062.   76373.   78926.
  16  6.0427  1.219   74216.   76215.   78748.
  17  6.0473  1.322   74335.   76159.   78657.
  18  6.0519  1.432   74424.   76216.   78642.
  19  6.0566  1.552   74515.   76376.   78693.
  20  6.0612  1.682   74625.   76618.   78798.
  21  6.0658  1.825   74778.   76930.   78947.
  22  6.0704  1.982   74980.   77276.   79125.
  23  6.0751  2.153   75196.   77618.   79319.
  24  6.0797  2.340   75413.   77917.   79517.
  25  6.0843  2.544   75623.   78155.   79707.
  26  6.0890  2.766   75842.   78327.   79880.
  27  6.0936  3.009   76049.   78448.   80025.
  28  6.0982  3.272   76243.   78540.   80140.
  29  6.1028  3.560   76424.   78625.   80224.
  30  6.1075  3.872   76597.   78709.   80280.
  31  6.1121  4.214   76765.   78792.   80305.
  32  6.1167  4.585   76922.   78887.   80331.
  33  6.1214  4.990   77070.   78993.   80356.
  34  6.1260  5.433   77227.   79109.   80381.
  35  6.1306  5.916   77382.   79231.   80406.
  36  6.1352  6.443   77535.   79361.   80431.
  37  6.1399  7.019   77686.   79490.   80456.
  38  6.1445  7.647   77835.   79620.   80481.
  39  6.1491  8.333   77982.   79749.   80506.
  40  6.1538  9.083   78127.   79878.   80531.
  35  0.263700E+05
   1  6.5403  0.360   70798.   74021.   73987.
   2  6.5449  0.391   70970.   74162.   74328.
   3  6.5495  0.426   71207.   74303.   74668.
   4  6.5542  0.464   71467.   74443.   75008.
   5  6.5588  0.506   71730.   74583.   75348.
   6  6.5634  0.552   71979.   74723.   75686.
   7  6.5680  0.601   72213.   74843.   76025.
   8  6.5727  0.656   72449.   74883.   76363.
   9  6.5773  0.715   72666.   74881.   76700.
  10  6.5819  0.780   72843.   74881.   77037.
  11  6.5866  0.850   72983.   74908.   77374.
  12  6.5912  0.927   73127.   74988.   77688.
  13  6.5958  1.011   73261.   75127.   78018.
  14  6.6004  1.102   73380.   75349.   78354.
  15  6.6051  1.202   73534.   75658.   78687.
  16  6.6097  1.313   73704.   76035.   79007.
  17  6.6143  1.434   73912.   76451.   79307.
  18  6.6190  1.568   74134.   76891.   79575.
  19  6.6236  1.715   74388.   77319.   79808.
  20  6.6282  1.877   74662.   77704.   80003.
  21  6.6329  2.055   74948.   78042.   80156.
  22  6.6375  2.252   75247.   78318.   80267.
  23  6.6421  2.469   75537.   78533.   80336.
  24  6.6467  2.706   75805.   78692.   80366.
  25  6.6514  2.967   76062.   78808.   80361.
  26  6.6560  3.254   76310.   78895.   80303.
  27  6.6606  3.568   76532.   78964.   80246.
  28  6.6653  3.913   76733.   79030.   80189.
  29  6.6699  4.292   76932.   79099.   80132.
  30  6.6745  4.709   77122.   79170.   80075.
  31  6.6791  5.167   77303.   79247.   80018.
  32  6.6838  5.671   77475.   79325.   79961.
  33  6.6884  6.224   77640.   79403.   79904.
  34  6.6930  6.833   77798.   79480.   79847.
  35  6.6977  7.503   77949.   79557.   79790.
  24  0.263700E+05
   1  7.1031  0.362   72025.   74832.   76968.
   2  7.1078  0.398   72418.   75106.   77187.
   3  7.1124  0.437   72692.   75379.   77405.
   4  7.1170  0.480   72895.   75653.   77623.
   5  7.1217  0.527   73105.   75926.   77841.
   6  7.1263  0.580   73346.   76198.   78059.
   7  7.1309  0.638   73600.   76404.   78276.
   8  7.1355  0.702   73872.   76645.   78494.
   9  7.1402  0.774   74164.   76852.   78710.
  10  7.1448  0.852   74460.   76968.   78927.
  11  7.1494  0.939   74725.   76993.   79143.
  12  7.1541  1.035   74951.   76960.   79384.
  13  7.1587  1.140   75135.   76946.   79654.
  14  7.1633  1.256   75282.   76981.   79949.
  15  7.1679  1.382   75384.   77097.   80315.
  16  7.1726  1.522   75471.   77317.   80681.
  17  7.1772  1.676   75576.   77642.   81047.
  18  7.1818  1.849   75796.   78060.   81412.
  19  7.1865  2.041   76041.   78552.   81776.
  20  7.1911  2.255   76309.   79115.   82141.
  21  7.1957  2.493   76598.   79678.   82504.
  22  7.2004  2.758   76907.   80239.   82867.
  23  7.2050  3.053   77233.   80800.   83230.
  24  7.2096  3.382   77575.   81361.   83593.
  78  0.263700E+05
   1  5.9705  0.359   73389.   70725.   80371.
   2  5.9728  0.373   73300.   71020.   80454.
   3  5.9751  0.387   73221.   71316.   80536.
   4  5.9774  0.402   73151.   71611.   80618.
   5  5.9797  0.417   73096.   71906.   80700.
   6  5.9820  0.433   73059.   72200.   80782.
   7  5.9843  0.450   73033.   72484.   80864.
   8  5.9867  0.468   73018.   72779.   80946.
   9  5.9890  0.486   73014.   73087.   81027.
  10  5.9913  0.505   73025.   73404.   81109.
  11  5.9936  0.525   73041.   73729.   81191.
  12  5.9959  0.546   73067.   74064.   81206.
  13  5.9982  0.567   73107.   74401.   81183.
  14  6.0005  0.590   73165.   74729.   81115.
  15  6.0029  0.614   73236.   75047.   81000.
  16  6.0052  0.639   73316.   75352.   80835.
  17  6.0075  0.665   73404.   75623.   80617.
  18  6.0098  0.692   73496.   75850.   80350.
  19  6.0121  0.720   73591.   76034.   80040.
  20  6.0144  0.750   73693.   76183.   79692.
  21  6.0167  0.781   73796.   76303.   79317.
  22  6.0191  0.813   73897.   76401.   78923.
  23  6.0214  0.846   73995.   76479.   78521.
  24  6.0237  0.881   74091.   76537.   78120.
  25  6.0260  0.918   74187.   76569.   77732.
  26  6.0283  0.956   74280.   76590.   77366.
  27  6.0306  0.995   74374.   76599.   77031.
  28  6.0329  1.036   74463.   76593.   76736.
  29  6.0353  1.079   74547.   76569.   76489.
  30  6.0376  1.124   74623.   76531.   76296.
  31  6.0399  1.170   74699.   76480.   76161.
  32  6.0422  1.219   74768.   76416.   76087.
  33  6.0445  1.269   74831.   76346.   76075.
  34  6.0468  1.322   74888.   76274.   76124.
  35  6.0491  1.376   74943.   76208.   76234.
  36  6.0515  1.433   74991.   76146.   76402.
  37  6.0538  1.492   75032.   76103.   76624.
  38  6.0561  1.554   75068.   76086.   76895.
  39  6.0584  1.618   75104.   76096.   77207.
  40  6.0607  1.685   75140.   76130.   77553.
  41  6.0630  1.754   75174.   76191.   77924.
  42  6.0653  1.827   75213.   76278.   78312.
  43  6.0677  1.902   75258.   76385.   78706.
  44  6.0700  1.982   75305.   76506.   79097.
  45  6.0723  2.064   75353.   76643.   79478.
  46  6.0746  2.150   75404.   76791.   79839.
  47  6.0769  2.240   75460.   76943.   80173.
  48  6.0792  2.334   75520.   77103.   80477.
  49  6.0815  2.432   75585.   77274.   80746.
  50  6.0839  2.535   75657.   77453.   80977.
  51  6.0862  2.642   75731.   77635.   81172.
  52  6.0885  2.754   75809.   77816.   81331.
  53  6.0908  2.871   75893.   77993.   81456.
  54  6.0931  2.993   75981.   78162.   81551.
  55  6.0954  3.121   76073.   78322.   81620.
  56  6.0977  3.255   76168.   78475.   81668.
  57  6.1001  3.395   76265.   78618.   81700.
  58  6.1024  3.541   76362.   78749.   81720.
  59  6.1047  3.694   76461.   78867.   81734.
  60  6.1070  3.854   76560.   78975.   81745.
  61  6.1093  4.021   76662.   79074.   81757.
  62  6.1116  4.195   76762.   79169.   81774.
  63  6.1140  4.377   76863.   79261.   81797.
  64  6.1163  4.567   76960.   79351.   81829.
  65  6.1186  4.766   77057.   79441.   81868.
  66  6.1209  4.974   77155.   79531.   81915.
  67  6.1232  5.191   77254.   79625.   81966.
  68  6.1255  5.418   77352.   79722.   82021.
  69  6.1278  5.656   77451.   79823.   82092.
  70  6.1302  5.904   77550.   79924.   82163.
  71  6.1325  6.164   77649.   80025.   82235.
  72  6.1348  6.436   77748.   80126.   82306.
  73  6.1371  6.720   77848.   80226.   82377.
  74  6.1394  7.017   77948.   80327.   82447.
  75  6.1417  7.327   78048.   80428.   82518.
  76  6.1440  7.652   78148.   80528.   82589.
  77  6.1464  7.992   78248.   80629.   82660.
  78  6.1487  8.348   78349.   80729.   82731.
  67  0.263700E+05
   1  6.5403  0.362   68477.   70915.   92788.
   2  6.5426  0.377   68570.   71552.   91550.
   3  6.5449  0.393   68691.   72188.   90314.
   4  6.5472  0.410   68833.   72824.   89078.
   5  6.5495  0.427   69001.   73460.   87843.
   6  6.5518  0.446   69191.   74095.   86608.
   7  6.5542  0.465   69409.   74683.   85375.
   8  6.5565  0.486   69643.   75211.   84143.
   9  6.5588  0.508   69880.   75682.   82911.
  10  6.5611  0.530   70120.   76075.   81680.
  11  6.5634  0.554   70365.   76381.   80450.
  12  6.5657  0.579   70617.   76589.   79322.
  13  6.5680  0.605   70870.   76711.   78181.
  14  6.5704  0.633   71126.   76750.   77059.
  15  6.5727  0.662   71369.   76690.   75990.
  16  6.5750  0.692   71594.   76530.   75009.
  17  6.5773  0.723   71795.   76279.   74152.
  18  6.5796  0.756   71978.   75961.   73438.
  19  6.5819  0.790   72139.   75603.   72889.
  20  6.5842  0.825   72272.   75240.   72522.
  21  6.5866  0.861   72382.   74890.   72343.
  22  6.5889  0.899   72469.   74568.   72353.
  23  6.5912  0.939   72541.   74291.   72544.
  24  6.5935  0.980   72602.   74077.   72899.
  25  6.5958  1.022   72652.   73941.   73398.
  26  6.5981  1.067   72693.   73879.   74016.
  27  6.6004  1.113   72729.   73889.   74726.
  28  6.6028  1.162   72768.   73963.   75499.
  29  6.6051  1.213   72813.   74094.   76306.
  30  6.6074  1.266   72866.   74276.   77120.
  31  6.6097  1.322   72926.   74499.   77916.
  32  6.6120  1.380   72995.   74753.   78671.
  33  6.6143  1.442   73072.   75018.   79369.
  34  6.6166  1.506   73157.   75286.   79995.
  35  6.6190  1.573   73251.   75560.   80544.
  36  6.6213  1.644   73355.   75843.   81011.
  37  6.6236  1.718   73467.   76131.   81398.
  38  6.6259  1.796   73583.   76423.   81709.
  39  6.6282  1.878   73703.   76714.   81950.
  40  6.6305  1.964   73835.   76994.   82130.
  41  6.6329  2.054   73976.   77261.   82259.
  42  6.6352  2.149   74125.   77514.   82346.
  43  6.6375  2.249   74279.   77754.   82402.
  44  6.6398  2.353   74437.   77973.   82437.
  45  6.6421  2.463   74592.   78163.   82458.
  46  6.6444  2.578   74748.   78333.   82474.
  47  6.6467  2.698   74905.   78489.   82491.
  48  6.6491  2.825   75064.   78637.   82514.
  49  6.6514  2.958   75222.   78782.   82548.
  50  6.6537  3.097   75376.   78929.   82594.
  51  6.6560  3.243   75532.   79075.   82655.
  52  6.6583  3.397   75688.   79221.   82732.
  53  6.6606  3.558   75843.   79370.   82824.
  54  6.6629  3.727   76000.   79523.   82926.
  55  6.6653  3.905   76156.   79680.   83037.
  56  6.6676  4.091   76313.   79837.   83151.
  57  6.6699  4.287   76471.   79994.   83267.
  58  6.6722  4.493   76629.   80152.   83399.
  59  6.6745  4.709   76787.   80310.   83531.
  60  6.6768  4.936   76946.   80467.   83663.
  61  6.6791  5.175   77105.   80625.   83795.
  62  6.6815  5.426   77264.   80783.   83927.
  63  6.6838  5.689   77423.   80940.   84058.
  64  6.6861  5.966   77583.   81097.   84190.
  65  6.6884  6.257   77743.   81254.   84321.
  66  6.6907  6.564   77904.   81411.   84453.
  67  6.6930  6.885   78064.   81568.   84584.
  46  0.263700E+05
   1  7.1059  0.368   77851.   82580.   71226.
   2  7.1082  0.387   78060.   82096.   71459.
   3  7.1106  0.407   78243.   81612.   71691.
   4  7.1129  0.429   78399.   81129.   71923.
   5  7.1152  0.451   78520.   80646.   72154.
   6  7.1175  0.474   78604.   80163.   72386.
   7  7.1198  0.498   78668.   79718.   72617.
   8  7.1221  0.524   78702.   79314.   72849.
   9  7.1244  0.550   78706.   78971.   73080.
  10  7.1268  0.578   78698.   78696.   73311.
  11  7.1291  0.607   78682.   78486.   73542.
  12  7.1314  0.637   78655.   78320.   73743.
  13  7.1337  0.669   78632.   78190.   73947.
  14  7.1360  0.703   78613.   78080.   74156.
  15  7.1383  0.738   78591.   77964.   74373.
  16  7.1406  0.775   78566.   77835.   74603.
  17  7.1430  0.814   78532.   77692.   74846.
  18  7.1453  0.855   78487.   77530.   75114.
  19  7.1476  0.897   78437.   77359.   75410.
  20  7.1499  0.942   78378.   77193.   75738.
  21  7.1522  0.988   78313.   77040.   76100.
  22  7.1545  1.037   78246.   76913.   76497.
  23  7.1568  1.088   78176.   76817.   76928.
  24  7.1592  1.142   78105.   76759.   77391.
  25  7.1615  1.198   78033.   76744.   77880.
  26  7.1638  1.258   77963.   76775.   78390.
  27  7.1661  1.320   77899.   76868.   78911.
  28  7.1684  1.385   77844.   77017.   79433.
  29  7.1707  1.454   77800.   77211.   79947.
  30  7.1730  1.526   77769.   77438.   80442.
  31  7.1754  1.602   77751.   77685.   80909.
  32  7.1777  1.683   77764.   77939.   81338.
  33  7.1800  1.768   77786.   78190.   81724.
  34  7.1823  1.857   77815.   78430.   82061.
  35  7.1846  1.952   77852.   78653.   82348.
  36  7.1869  2.051   77896.   78857.   82585.
  37  7.1892  2.156   77946.   79040.   82774.
  38  7.1916  2.266   78003.   79224.   82962.
  39  7.1939  2.383   78066.   79407.   83150.
  40  7.1962  2.505   78135.   79590.   83337.
  41  7.1985  2.635   78210.   79773.   83525.
  42  7.2008  2.771   78289.   79956.   83713.
  43  7.2031  2.915   78374.   80138.   83900.
  44  7.2054  3.067   78464.   80321.   84087.
  45  7.2078  3.227   78558.   80503.   84274.
  46  7.2101  3.395   78657.   80686.   84462.
 39  7.1939  2.383   78066.   79407.   83150.
  40  7.1962  2.505   78135.   79590.   83337.
  41  7.1985  2.635   78210.   79773.   83525.
  42  7.2008  2.771   7