  39  0.310600E+05
   1  6.0343  0.356   95918.   93524.  138701.
   2  6.0366  0.371   95850.   95679.  141239.
   3  6.0390  0.387   95879.   97832.  143776.
   4  6.0413  0.405   96005.   99984.  146310.
   5  6.0436  0.424   96220.  102134.  148843.
   6  6.0459  0.444   96520.  104282.  151374.
   7  6.0482  0.466   96901.  106423.  153903.
   8  6.0505  0.489   97355.  108557.  156430.
   9  6.0528  0.514   97885.  110701.  158955.
  10  6.0552  0.540   98477.  112882.  161478.
  11  6.0575  0.569   99137.  115129.  163999.
  12  6.0598  0.599   99871.  117476.  166510.
  13  6.0621  0.632  100684.  119948.  169212.
  14  6.0644  0.667  101578.  122555.  172078.
  15  6.0667  0.706  102558.  125300.  175075.
  16  6.0690  0.747  103634.  128173.  178163.
  17  6.0714  0.792  104817.  131155.  181300.
  18  6.0737  0.841  106106.  134226.  184454.
  19  6.0760  0.894  107500.  137366.  187603.
  20  6.0783  0.952  108997.  140630.  190726.
  21  6.0806  1.016  110602.  143988.  193804.
  22  6.0829  1.085  112311.  147416.  196823.
  23  6.0853  1.160  114123.  150900.  199773.
  24  6.0876  1.243  116036.  154423.  202649.
  25  6.0899  1.335  118141.  157967.  205431.
  26  6.0922  1.435  120352.  161514.  208091.
  27  6.0945  1.546  122668.  165049.  210606.
  28  6.0968  1.668  125086.  168551.  212959.
  29  6.0991  1.802  127606.  172001.  215138.
  30  6.1015  1.950  130225.  175376.  217320.
  31  6.1038  2.113  132941.  178748.  219500.
  32  6.1061  2.294  135753.  182118.  221679.
  33  6.1084  2.494  138657.  185486.  223856.
  34  6.1107  2.716  141651.  188851.  226032.
  35  6.1130  2.962  144733.  192213.  228206.
  36  6.1153  3.235  147898.  195573.  230378.
  37  6.1177  3.539  151144.  198930.  232548.
  38  6.1200  3.878  154468.  202285.  234717.
  39  6.1223  4.256  157866.  205637.  236885.
  35  0.310600E+05
   1  6.5893  0.351   88759.   90716.  126352.
   2  6.5917  0.368   88914.   92591.  129844.
   3  6.5940  0.385   89133.   94464.  133333.
   4  6.5963  0.404   89402.   96337.  136820.
   5  6.5986  0.423   89733.   98208.  140304.
   6  6.6009  0.444   90127.  100077.  143786.
   7  6.6032  0.467   90584.  102030.  147266.
   8  6.6055  0.491   91111.  104115.  150742.
   9  6.6079  0.517   91707.  106345.  154217.
  10  6.6102  0.545   92385.  108716.  157689.
  11  6.6125  0.575   93152.  111239.  161159.
  12  6.6148  0.608   94010.  113913.  164487.
  13  6.6171  0.644   94962.  116739.  167980.
  14  6.6194  0.682   96009.  119710.  171592.
  15  6.6217  0.724   97161.  122825.  175272.
  16  6.6241  0.770   98428.  126172.  178964.
  17  6.6264  0.819   99807.  129721.  182606.
  18  6.6287  0.874  101312.  133436.  186172.
  19  6.6310  0.934  102939.  137276.  189639.
  20  6.6333  1.000  104705.  141196.  192993.
  21  6.6356  1.074  106711.  145155.  196206.
  22  6.6379  1.156  108843.  149119.  199243.
  23  6.6403  1.246  111101.  153052.  202082.
  24  6.6426  1.345  113484.  156926.  204706.
  25  6.6449  1.455  115991.  160712.  207104.
  26  6.6472  1.577  118619.  164398.  209444.
  27  6.6495  1.712  121368.  168082.  211783.
  28  6.6518  1.863  124235.  171763.  214120.
  29  6.6541  2.030  127218.  175442.  216455.
  30  6.6565  2.217  130315.  179118.  218789.
  31  6.6588  2.425  133524.  182791.  221121.
  32  6.6611  2.658  136840.  186462.  223452.
  33  6.6634  2.918  140261.  190130.  225781.
  34  6.6657  3.210  143782.  193796.  228108.
  35  6.6680  3.538  147400.  197459.  230434.
  30  0.310600E+05
   1  7.1379  0.367   89600.   92171.  139154.
   2  7.1402  0.386   89852.   94739.  143358.
   3  7.1425  0.407   90169.   97304.  147559.
   4  7.1448  0.428   90564.   99868.  151758.
   5  7.1471  0.452   91043.  102430.  155953.
   6  7.1494  0.478   91620.  104991.  160147.
   7  7.1517  0.505   92286.  107663.  164337.
   8  7.1541  0.535   93060.  110556.  168524.
   9  7.1564  0.568   93950.  113674.  172709.
  10  7.1587  0.604   94965.  117025.  176891.
  11  7.1610  0.643   96113.  120790.  181071.
  12  7.1633  0.686   97401.  124922.  184929.
  13  7.1656  0.734   98840.  129347.  188884.
  14  7.1680  0.787  100448.  134001.  192884.
  15  7.1703  0.845  102236.  138815.  196871.
  16  7.1726  0.912  104420.  143718.  200768.
  17  7.1749  0.987  106775.  148642.  204475.
  18  7.1772  1.070  109301.  153519.  207950.
  19  7.1795  1.164  111996.  158287.  211156.
  20  7.1818  1.268  114859.  162901.  214071.
  21  7.1842  1.385  117890.  167328.  216860.
  22  7.1865  1.517  121087.  171751.  219647.
  23  7.1888  1.665  124448.  176172.  222432.
  24  7.1911  1.832  127970.  180590.  225216.
  25  7.1934  2.020  131650.  185005.  227997.
  26  7.1957  2.233  135485.  189417.  230777.
  27  7.1980  2.475  139470.  193827.  233555.
  28  7.2004  2.749  143600.  198233.  236331.
  29  7.2027  3.061  147870.  202637.  239106.
  30  7.2050  3.417  152273.  207038.  241879.
 23  7.1888  1.665  124448.  176172.  222432.
  24  7.1911  1.832  127970.  180590.  225216.
  25  7.1934  2.020  131650.  185005.  227997.
  26  7.1957  2.233  135485.  189417.  230777.
  27  7.1980  2.475  139470.  193827.  233555.
  28  7.2004  2.749  143600.  198233.  236331.
  29  7.2027  3.061  147870.  202637