
  72  0.128200E+05
   1  5.9911  0.359   38147.   36557.   39302.
   2  5.9934  0.374   38099.   36632.   39317.
   3  5.9957  0.389   38047.   36706.   39331.
   4  5.9980  0.405   37994.   36781.   39346.
   5  6.0003  0.421   37940.   36855.   39362.
   6  6.0026  0.439   37893.   36930.   39376.
   7  6.0049  0.456   37853.   37011.   39391.
   8  6.0073  0.475   37822.   37116.   39405.
   9  6.0096  0.495   37793.   37236.   39420.
  10  6.0119  0.515   37773.   37357.   39434.
  11  6.0142  0.536   37760.   37468.   39450.
  12  6.0165  0.559   37755.   37569.   39466.
  13  6.0188  0.582   37753.   37656.   39484.
  14  6.0211  0.607   37752.   37732.   39505.
  15  6.0235  0.632   37754.   37794.   39529.
  16  6.0258  0.659   37756.   37844.   39552.
  17  6.0281  0.686   37760.   37886.   39575.
  18  6.0304  0.715   37767.   37931.   39597.
  19  6.0327  0.745   37775.   37979.   39618.
  20  6.0350  0.777   37782.   38030.   39635.
  21  6.0373  0.810   37791.   38089.   39646.
  22  6.0397  0.844   37803.   38155.   39650.
  23  6.0420  0.880   37820.   38229.   39647.
  24  6.0443  0.917   37836.   38309.   39633.
  25  6.0466  0.957   37855.   38393.   39608.
  26  6.0489  0.998   37879.   38475.   39570.
  27  6.0512  1.040   37907.   38553.   39519.
  28  6.0535  1.085   37937.   38621.   39456.
  29  6.0559  1.132   37967.   38677.   39380.
  30  6.0582  1.181   37999.   38717.   39295.
  31  6.0605  1.232   38031.   38739.   39205.
  32  6.0628  1.286   38063.   38747.   39114.
  33  6.0651  1.342   38093.   38744.   39027.
  34  6.0674  1.400   38119.   38730.   38951.
  35  6.0697  1.461   38143.   38709.   38893.
  36  6.0721  1.524   38167.   38688.   38860.
  37  6.0744  1.590   38188.   38668.   38856.
  38  6.0767  1.659   38206.   38653.   38889.
  39  6.0790  1.730   38222.   38639.   38964.
  40  6.0813  1.805   38238.   38628.   39084.
  41  6.0836  1.884   38255.   38619.   39253.
  42  6.0859  1.965   38272.   38615.   39473.
  43  6.0883  2.050   38285.   38618.   39745.
  44  6.0906  2.139   38297.   38629.   40066.
  45  6.0929  2.232   38309.   38650.   40435.
  46  6.0952  2.329   38321.   38688.   40847.
  47  6.0975  2.430   38335.   38744.   41296.
  48  6.0998  2.536   38351.   38827.   41777.
  49  6.1021  2.647   38368.   38936.   42281.
  50  6.1045  2.763   38391.   39072.   42800.
  51  6.1068  2.884   38419.   39236.   43327.
  52  6.1091  3.012   38453.   39426.   43853.
  53  6.1114  3.146   38494.   39651.   44370.
  54  6.1137  3.286   38544.   39905.   44872.
  55  6.1160  3.435   38603.   40179.   45352.
  56  6.1183  3.591   38671.   40467.   45805.
  57  6.1207  3.755   38749.   40764.   46228.
  58  6.1230  3.929   38845.   41062.   46616.
  59  6.1253  4.113   38948.   41359.   46969.
  60  6.1276  4.306   39058.   41649.   47282.
  61  6.1299  4.510   39174.   41930.   47556.
  62  6.1322  4.725   39297.   42202.   47793.
  63  6.1345  4.952   39426.   42462.   48002.
  64  6.1369  5.191   39562.   42722.   48209.
  65  6.1392  5.444   39704.   42982.   48417.
  66  6.1415  5.710   39850.   43242.   48626.
  67  6.1438  5.992   40003.   43502.   48833.
  68  6.1461  6.289   40161.   43761.   49041.
  69  6.1484  6.603   40324.   44020.   49248.
  70  6.1507  6.935   40492.   44279.   49456.
  71  6.1531  7.285   40665.   44538.   49663.
  72  6.1554  7.656   40842.   44797.   49869.
  59  0.128200E+05
   1  6.5599  0.366   38877.   40348.   39811.
   2  6.5623  0.383   38935.   40313.   39658.
   3  6.5646  0.402   38995.   40277.   39504.
   4  6.5669  0.422   39053.   40242.   39351.
   5  6.5692  0.442   39108.   40207.   39198.
   6  6.5715  0.464   39158.   40172.   39045.
   7  6.5738  0.487   39205.   40131.   38892.
   8  6.5761  0.510   39247.   40074.   38739.
   9  6.5785  0.535   39286.   40009.   38586.
  10  6.5808  0.561   39319.   39942.   38434.
  11  6.5831  0.589   39345.   39873.   38281.
  12  6.5854  0.617   39366.   39799.   38149.
  13  6.5877  0.647   39383.   39722.   38023.
  14  6.5900  0.678   39397.   39640.   37908.
  15  6.5923  0.711   39408.   39552.   37808.
  16  6.5947  0.745   39415.   39456.   37729.
  17  6.5970  0.781   39416.   39350.   37677.
  18  6.5993  0.819   39414.   39235.   37655.
  19  6.6016  0.858   39404.   39116.   37663.
  20  6.6039  0.899   39387.   38999.   37705.
  21  6.6062  0.941   39364.   38892.   37782.
  22  6.6085  0.986   39336.   38801.   37892.
  23  6.6109  1.032   39306.   38730.   38035.
  24  6.6132  1.081   39275.   38683.   38208.
  25  6.6155  1.132   39243.   38656.   38410.
  26  6.6178  1.185   39214.   38648.   38638.
  27  6.6201  1.241   39187.   38656.   38888.
  28  6.6224  1.300   39162.   38677.   39159.
  29  6.6247  1.362   39141.   38707.   39448.
  30  6.6271  1.426   39121.   38746.   39751.
  31  6.6294  1.494   39103.   38796.   40068.
  32  6.6317  1.565   39087.   38856.   40393.
  33  6.6340  1.639   39077.   38927.   40726.
  34  6.6363  1.718   39070.   39009.   41062.
  35  6.6386  1.800   39068.   39104.   41401.
  36  6.6410  1.886   39071.   39208.   41740.
  37  6.6433  1.977   39079.   39324.   42078.
  38  6.6456  2.073   39091.   39454.   42410.
  39  6.6479  2.173   39111.   39597.   42737.
  40  6.6502  2.279   39133.   39758.   43056.
  41  6.6525  2.391   39162.   39936.   43364.
  42  6.6548  2.508   39199.   40128.   43661.
  43  6.6572  2.632   39244.   40329.   43943.
  44  6.6595  2.763   39297.   40537.   44210.
  45  6.6618  2.902   39363.   40749.   44460.
  46  6.6641  3.048   39433.   40958.   44691.
  47  6.6664  3.203   39510.   41163.   44900.
  48  6.6687  3.366   39592.   41361.   45089.
  49  6.6710  3.538   39679.   41553.   45254.
  50  6.6734  3.720   39771.   41739.   45407.
  51  6.6757  3.913   39867.   41925.   45561.
  52  6.6780  4.116   39969.   42110.   45714.
  53  6.6803  4.331   40074.   42295.   45867.
  54  6.6826  4.558   40183.   42480.   46020.
  55  6.6849  4.798   40296.   42664.   46173.
  56  6.6872  5.053   40414.   42849.   46326.
  57  6.6896  5.321   40534.   43034.   46478.
  58  6.6919  5.606   40658.   43218.   46631.
  59  6.6942  5.907   40785.   43403.   46783.
  39  0.128200E+05
   1  7.1233  0.360   39382.   39708.   35583.
   2  7.1256  0.379   39418.   39551.   35843.
   3  7.1279  0.399   39434.   39394.   36104.
   4  7.1302  0.419   39431.   39237.   36364.
   5  7.1325  0.441   39410.   39080.   36625.
   6  7.1349  0.464   39376.   38923.   36885.
   7  7.1372  0.487   39339.   38786.   37145.
   8  7.1395  0.512   39303.   38695.   37404.
   9  7.1418  0.538   39269.   38645.   37664.
  10  7.1441  0.566   39238.   38626.   37923.
  11  7.1464  0.595   39206.   38619.   38182.
  12  7.1487  0.625   39176.   38613.   38442.
  13  7.1511  0.657   39150.   38609.   38721.
  14  7.1534  0.690   39126.   38610.   39018.
  15  7.1557  0.726   39100.   38618.   39327.
  16  7.1580  0.763   39073.   38636.   39645.
  17  7.1603  0.802   39048.   38668.   39966.
  18  7.1626  0.843   39026.   38717.   40287.
  19  7.1649  0.886   39009.   38787.   40605.
  20  7.1673  0.932   38998.   38888.   40917.
  21  7.1696  0.980   38992.   39017.   41218.
  22  7.1719  1.031   38993.   39163.   41507.
  23  7.1742  1.084   39000.   39322.   41781.
  24  7.1765  1.141   39017.   39490.   42039.
  25  7.1788  1.201   39049.   39661.   42280.
  26  7.1811  1.265   39086.   39833.   42501.
  27  7.1835  1.332   39130.   40001.   42702.
  28  7.1858  1.403   39177.   40162.   42878.
  29  7.1881  1.478   39230.   40314.   43030.
  30  7.1904  1.558   39288.   40457.   43165.
  31  7.1927  1.642   39349.   40600.   43300.
  32  7.1950  1.731   39415.   40743.   43434.
  33  7.1973  1.825   39485.   40885.   43568.
  34  7.1997  1.925   39559.   41028.   43701.
  35  7.2020  2.031   39636.   41171.   43836.
  36  7.2043  2.143   39717.   41313.   43969.
  37  7.2066  2.261   39801.   41456.   44103.
  38  7.2089  2.387   39889.   41598.   44237.
  39  7.2112  2.520   39979.   41740.   44370.
 32  7.1950  1.731   39415.   40743.   43434.
  33  7.1973  1.825   39485.   40885.   43568.
  34  7.1997  1.925   39559.   41028.   43701.
  35  7.2020  2.031   39636.   41171.   43836.
  36  7.2043  2.143   39717.   4131