 114 214	73	215	145	41.6	419.2	0
 115 211	144	-41	-37	110.4	395.2	0
 116 -37	-10	-20	71	46.4	219.2	0
 117 0	64	62	73	32.0	632.0	0
 118 61	80	11	128	68.8	1065.6	0
 119 39	98	11	-36	204.8	683.2	1
 120 24	-48	153	21	60.8	212.8	0
 121 157	15	160	130	40.0	147.2	0
 122 23	-32	38	-118	43.2	2638.4	0
 123 43	-111	43	55	89.6	230.4	0
 124 45	54	80	-80	102.4	585.6	0
 125 83	-74	131	47	86.4	361.6	0
 126 129	50	107	146	59.2	1820.8	0
 127 100	137	102	164	17.6	230.4	0
 128 116	167	105	232	38.4	457.6	0
 129 71	13	202	79	65.6	614.4	0
 130 206	86	139	168	88.0	392.0	0
 131 148	159	221	211	56.0	246.4	0
 132 225	205	171	45	88.0	252.8	0
 133 162	55	7	11	152.0	1366.4	1
 134 -16	-19	-79	-150	60.8	2324.8	0
 135 -81	-141	-149	-27	94.4	374.4	0
 136 -153	-15	-149	96	46.4	1608.0	0
 137 -137	84	-105	-32	96.0	385.6	0
 138 -96	-30	6	83	75.2	1016.0	0
 139 14	70	22	-48	76.8	646.4	0
 140 34	-32	226	93	105.6	1593.6	0
 141 220	28	182	-36	35.2	358.4	0
 142 173	-14	-22	-10	115.2	419.2	0
 143 -27	-13	29	-121	86.4	228.8	0
 144 23	-113	27	10	97.6	352.0	0
 145 36	35	35	134	38.4	1281.6	0
 146 25	113	50	-95	107.2	564.8	0
 147 43	-75	71	-7	41.6	833.6	0
 148 74	-3	72	61	32.0	464.0	0
 149 81	40	51	-36	43.2	198.4	0
 150 51	-17	62	73	36.8	480.0	0
