 113 -140	-10	-26	-1	198.4	2163.2	1
 114 -25	5	-29	106	41.6	692.8	0
 115 -41	88	-43	-40	59.2	204.8	0
 116 -52	-31	-44	-121	41.6	769.6	0
 117 -46	-127	-72	-175	36.8	187.2	0
 118 -74	-160	1	-16	113.6	292.8	1
 119 16	0	-5	101	43.2	2140.8	0
 120 -9	76	108	58	68.8	376.0	0
 121 101	57	49	-131	108.8	1648.0	0
 122 -215	-21	-28	-44	92.8	2678.4	0
 123 -26	-40	-218	-12	72.0	150.4	0
 124 -218	-12	-27	-7	73.6	297.6	0
 125 -33	-2	-19	119	48.0	2120.0	0
 126 -16	91	150	70	142.4	337.6	1
 127 146	7	172	132	44.8	2072.0	0
 128 77	-7	75	106	48.0	3764.8	0
 129 -149	-57	150	-32	91.2	2692.8	0
 130 143	-28	-28	38	89.6	2080.0	0
 131 -31	20	-21	-130	91.2	209.6	0
