   1 -25	172	102	78	83.2	219.2	0
   2 107	101	119	148	38.4	1500.8	0
   3 117	141	68	47	123.2	451.2	1
   4 55	31	68	150	56.0	1219.2	0
   5 69	133	39	-20	92.8	129.6	0
   6 44	-9	50	105	65.6	376.0	0
   7 70	117	73	164	28.8	1291.2	0
   8 63	159	57	202	25.6	1136.0	0
   9 46	200	-100	159	110.4	257.6	0
  10 -85	162	-69	204	27.2	211.2	0
  11 -70	187	6	114	134.4	288.0	1
  12 15	77	91	164	94.4	1873.6	0
  13 93	147	102	53	86.4	371.2	0
  14 96	64	123	151	54.4	1012.8	0
  15 145	149	101	22	75.2	1155.2	0
  16 88	41	48	97	57.6	364.8	0
  17 44	94	26	-52	86.4	131.2	0
  18 28	-40	45	64	56.0	288.0	0
  19 64	78	76	150	36.8	462.4	0
  20 83	142	163	101	62.4	915.2	0
  21 166	121	156	175	32.0	1329.6	0
  22 138	150	57	17	94.4	252.8	0
  23 55	33	63	121	35.2	380.8	0
  24 57	111	58	176	35.2	726.4	0
  25 53	169	-83	40	144.0	260.8	1
  26 -86	15	77	29	68.8	267.2	0
  27 79	65	23	107	75.2	673.6	0
  28 19	92	68	16	86.4	256.0	0
  29 72	25	64	97	43.2	291.2	0
  30 63	104	52	-43	78.4	987.2	0
  31 49	-40	35	127	187.2	348.8	1
  32 32	117	11	-37	89.6	2300.8	0
  33 -3	-13	-89	7	118.4	520.0	0
  34 -93	27	-91	101	40.0	761.6	0
  35 -86	90	42	-4	100.8	494.4	0
  36 40	8	66	102	64.0	987.2	0
  37 69	111	75	175	38.4	1272.0	0
  38 73	159	141	104	72.0	321.6	0
  39 137	118	142	156	35.2	752.0	0
  40 136	157	40	12	115.2	684.8	0
  41 25	41	-6	122	43.2	2620.8	0
  42 -13	105	-73	-8	88.0	320.0	0
  43 -82	1	-97	80	48.0	268.8	0
  44 -87	89	3	6	92.8	712.0	0
  45 3	14	67	34	171.2	1836.8	1
  46 79	45	70	-64	48.0	849.6	0
  47 61	-70	63	127	75.2	201.6	0
  48 44	102	27	-22	78.4	1145.6	0
  49 30	-9	126	73	91.2	438.4	0
  50 129	76	103	165	49.6	1588.8	0
  51 -94	2	-97	110	57.6	1652.8	0
  52 -92	121	40	48	158.4	828.8	1
  53 47	35	44	-51	44.8	1329.6	0
  54 40	-57	48	92	75.2	227.2	0
  55 47	103	58	165	36.8	1646.4	0
  56 52	171	49	29	107.2	456.0	0
  57 55	42	49	-58	52.8	2601.6	0
  58 41	-62	14	64	80.0	315.2	0
  59 -4	82	88	-19	92.8	1777.6	0
  60 99	1	100	79	67.2	331.2	0
  61 97	96	88	154	38.4	1217.6	0
  62 65	136	4	44	89.6	603.2	0
  63 -6	66	-14	142	40.0	1748.8	0
  64 -26	146	-109	87	150.4	460.8	1
  65 -145	44	-120	-60	56.0	1168.0	0
  66 -107	-54	41	23	97.6	265.6	0
  67 58	53	125	127	97.6	1614.4	0
  68 123	89	55	2	81.6	187.2	0
  69 59	30	76	112	62.4	1430.4	0
  70 87	110	54	104	28.8	1004.8	0
  71 45	106	6	134	54.4	465.6	0
  72 7	140	35	172	43.2	336.0	0
  73 57	170	47	13	105.6	235.2	0
  74 51	23	179	85	84.8	2080.0	0
  75 166	92	75	76	160.0	707.2	1
  76 67	56	-14	124	76.8	1347.2	0
  77 -22	96	51	20	88.0	236.8	0
  78 49	36	72	117	43.2	1065.6	0
  79 79	108	70	-15	86.4	1000.0	0
  80 59	-24	56	-66	25.6	379.2	0
  81 51	-69	44	-14	46.4	188.8	0
  82 34	11	-71	56	88.0	1769.6	0
  83 -72	39	-78	-60	75.2	849.6	0
  84 -82	-62	-74	97	152.0	291.2	1
  85 -68	53	127	41	92.8	427.2	0
  86 127	66	141	149	51.2	1230.4	0
  87 129	120	60	10	102.4	985.6	0
  88 48	24	48	113	44.8	1174.4	0
  89 53	106	-206	43	104.0	876.8	0
  90 -196	56	13	57	104.0	552.0	0
  91 15	65	27	136	41.6	1939.2	0
  92 20	143	87	107	118.4	430.4	1
  93 103	79	145	150	54.4	1233.6	0
  94 148	147	126	10	108.8	1369.6	0
  95 108	13	73	60	68.8	625.6	0
  96 62	73	51	134	33.6	2785.6	0
  97 26	123	-129	0	116.8	564.8	0
  98 -127	-2	-115	-40	32.0	361.6	0
  99 -116	-32	-102	14	28.8	220.8	0
 100 -96	14	-92	93	35.2	355.2	0
 101 -92	87	-89	126	22.4	596.8	0
 102 63	21	63	127	51.2	3515.2	0
 103 51	88	42	-13	76.8	515.2	0
 104 31	-16	41	-84	33.6	886.4	0
 105 44	-77	29	32	73.6	251.2	0
 106 14	45	15	127	52.8	1806.4	0
 107 17	114	50	4	96.0	673.6	0
 108 -4	-22	-17	-37	225.6	6827.2	1
 109 -15	-39	-24	45	46.4	2099.2	0
 110 -27	50	-1	111	48.0	1400.0	0
 111 29	110	28	-18	88.0	856.0	0
 112 37	8	198	88	164.8	1673.6	1
 113 172	73	127	76	41.6	1824.0	0
 114 114	80	-50	81	99.2	496.0	0
 115 -50	70	59	33	81.6	196.8	0
 116 70	59	-39	127	131.2	2246.4	1
