 117 112	109	118	157	48.0	3123.2	0
 118 113	138	118	72	41.6	246.4	0
 119 -65	50	-73	116	44.8	4153.6	0
 120 -79	121	-64	174	27.2	406.4	0
 121 -46	-4	39	38	72.0	4382.4	0
 122 54	48	36	130	139.2	1452.8	1
 123 43	82	81	-28	88.0	1348.8	0
 124 86	-40	47	-110	46.4	1000.0	0
 125 46	-106	39	-3	57.6	232.0	0
 126 36	4	8	-110	68.8	550.4	0
 127 2	-110	-8	-31	49.6	304.0	0
 128 -37	-25	-52	-123	41.6	507.2	0
 129 -53	-122	-66	24	118.4	212.8	0
 130 -61	29	-45	-109	73.6	660.8	0
 131 -47	-101	-51	-28	46.4	337.6	0
 132 -49	-23	176	73	96.0	598.4	0
 133 171	61	20	103	84.8	2148.8	0
 134 25	96	41	-26	89.6	460.8	0
 135 47	-9	82	96	62.4	476.8	0
 136 79	86	111	167	56.0	908.8	0
 137 119	158	115	185	19.2	240.0	0
 138 100	162	104	142	19.2	616.0	0
 139 109	156	118	182	16.0	259.2	0
 140 108	174	117	63	52.8	246.4	0
 141 142	91	147	139	32.0	2825.6	0
 142 157	139	107	-2	105.6	220.8	0
 143 105	9	-22	31	62.4	1432.0	1
