   1 12	85	17	-56	108.8	235.2	0
   2 16	-47	-8	61	62.4	1739.2	0
   3 -27	79	-164	-26	144.0	1904.0	0
   4 -167	-2	-149	103	57.6	883.2	0
   5 -133	96	-46	-29	182.4	1291.2	1
   6 -7	-38	-5	97	65.6	2307.2	0
   7 24	65	3	-62	97.6	425.6	0
   8 -3	-49	217	36	96.0	2022.4	0
   9 202	13	34	-102	91.2	912.0	0
  10 23	-83	-113	-54	84.8	427.2	0
  11 -108	-54	22	-103	67.2	305.6	0
  12 28	-98	-36	-42	96.0	305.6	1
  13 -59	-35	-26	84	60.8	1342.4	0
  14 -66	-72	-22	69	75.2	2190.4	0
  15 -21	59	-124	66	64.0	539.2	0
  16 -129	66	-70	-84	76.8	1201.6	0
  17 -62	-58	148	7	110.4	334.4	0
  18 155	18	155	110	41.6	1425.6	0
  19 156	89	109	-34	88.0	232.0	0
  20 104	-5	11	95	86.4	2064.0	0
  21 17	92	80	119	54.4	435.2	0
  22 86	125	120	71	139.2	854.4	1
  23 128	24	157	133	49.6	3654.4	0
  24 160	102	119	-37	99.2	441.6	0
  25 116	-42	46	-128	48.0	721.6	0
  26 -177	-10	51	-83	94.4	1657.6	0
  27 59	-72	80	36	86.4	324.8	0
  28 87	26	44	-110	89.6	217.6	0
  29 35	-93	23	-2	62.4	310.4	0
  30 17	13	2	95	56.0	1484.8	0
  31 14	84	71	-4	91.2	883.2	0
  32 76	21	130	132	68.8	1694.4	0
  33 126	112	-34	111	86.4	875.2	0
  34 -39	106	-23	-30	94.4	809.6	0
  35 -17	-7	-27	85	41.6	2696.0	0
  36 -26	77	-13	-113	89.6	1017.6	0
  37 -10	-98	-51	-138	36.8	614.4	0
  38 -58	-126	-66	-81	30.4	236.8	0
  39 -66	-65	163	-15	108.8	2201.6	0
  40 168	-5	-149	40	131.2	1355.2	1
  41 -142	13	97	21	80.0	1385.6	0
  42 96	18	126	114	46.4	753.6	0
  43 131	100	-36	-90	115.2	1664.0	0
  44 -49	-73	-38	33	54.4	336.0	0
  45 -29	24	-77	-145	96.0	198.4	0
  46 -93	-140	-85	-31	59.2	278.4	0
  47 -82	-6	131	-36	75.2	1313.6	0
  48 133	-26	53	-120	49.6	875.2	0
  49 46	-113	-23	62	86.4	284.8	1
  50 -32	37	17	-134	97.6	1121.6	0
  51 10	-129	46	13	65.6	249.6	0
  52 66	33	41	130	65.6	1358.4	0
  53 26	109	154	40	70.4	297.6	0
  54 147	67	178	137	48.0	1326.4	0
  55 183	133	149	36	142.4	228.8	1
  56 149	5	-2	-136	91.2	1928.0	0
  57 -6	-129	-193	-65	118.4	241.6	1
  58 -194	-43	-185	74	48.0	1108.8	0
  59 -177	40	33	-52	99.2	414.4	0
  60 33	-48	-68	-147	62.4	732.8	0
  61 -73	-135	-4	42	83.2	259.2	0
  62 19	28	-61	-153	104.0	256.0	0
  63 -60	-157	-42	-44	59.2	265.6	0
  64 -33	-38	-25	110	46.4	1635.2	0
  65 -23	83	65	-45	104.0	241.6	0
  66 62	-44	91	55	51.2	353.6	0
  67 102	57	122	159	41.6	1184.0	0
  68 108	143	117	186	27.2	230.4	0
  69 113	172	69	-63	116.8	188.8	0
  70 38	-51	-67	-106	76.8	1998.4	0
  71 -69	-110	-80	-170	25.6	284.8	0
  72 -74	-157	-103	49	137.6	156.8	1
  73 -99	47	-77	114	51.2	1827.2	0
  74 185	17	174	116	43.2	2507.2	0
  75 -27	-99	-62	-166	30.4	2614.4	0
  76 -60	-159	-57	-20	60.8	203.2	0
  77 -53	-5	-42	110	40.0	1833.6	0
  78 -41	115	-104	120	48.0	686.4	0
  79 -106	113	-115	22	44.8	177.6	0
  80 -117	40	72	36	81.6	668.8	0
  81 80	55	85	78	24.0	1817.6	0
  82 59	83	-36	126	86.4	667.2	0
  83 -42	105	-39	47	148.8	289.6	1
  84 -40	-1	-96	-150	97.6	1355.2	0
  85 -106	-153	-191	-58	94.4	334.4	0
  86 -188	-68	-166	-105	25.6	964.8	0
  87 -146	-89	-14	-33	99.2	481.6	0
  88 -11	-19	60	-148	92.8	2206.4	0
  89 162	1	168	116	60.8	1460.8	0
  90 181	96	97	-93	116.8	1878.4	0
  91 91	-68	56	15	51.2	576.0	0
  92 -260	8	-17	-17	107.2	1846.4	0
  93 -23	-1	-26	97	46.4	2358.4	0
  94 153	44	192	135	54.4	3176.0	0
  95 188	106	187	-78	83.2	233.6	0
  96 194	-61	176	-4	44.8	534.4	0
  97 129	23	-104	26	193.6	1806.4	1
  98 -104	31	-89	106	40.0	622.4	0
  99 -91	98	85	-20	105.6	689.6	0
 100 90	-19	86	-128	48.0	2464.0	0
 101 73	-116	16	-26	70.4	291.2	0
 102 2	-20	-17	-167	68.8	430.4	0
 103 -21	-169	-74	3	86.4	203.2	0
 104 -92	21	-4	-141	107.2	1292.8	0
 105 -3	-125	-16	46	161.6	267.2	1
 106 -19	13	-13	115	43.2	1457.6	0
 107 -1	99	17	194	43.2	275.2	0
 108 21	182	-43	246	56.0	227.2	0
 109 -40	13	-32	111	41.6	609.6	0
 110 -11	113	170	76	112.0	408.0	0
 111 177	70	201	116	132.8	230.4	1
 112 198	70	141	147	62.4	3435.2	0
