 100 6	12
 110 11	21
 120 4.5	9.5
 130 .5	1
 140 1.5	4.5
 150 8	17
 160 4.5	10.5
 170 4	10
 180 13	28
 190 4	8
 200 3.5	8
 210 4.5	10
 220 12	27
 230 8	17
 240 1	2
 250 1	2
 260 2	4
 270 7.5	14
 280 4.5	9.5
 290 10	22.5
 300 2	5
 310 2	5
 320 5.5	10.5
 330 6	16
 340 6.5	15
 350 6.5	12.5
 360 1	3
 370 1	2.5
 380 8.5	19
 390 9	17.5
 400 1	3
 410 1.5	4
 420 4.5	10
 430 2.5	7.5
 440 13.5	24
 450 2.5	6
 460 7	15.5
 470 1.5	4
 480 8.5	20.5
 490 6.5	15.5
 500 6.5	14.5
 510 15	27
 520 1.5	4.5
 530 5	12.5
 540 1.5	4
 550 10	20.5
 560 2.5	6
 570 1.5	4
 580 1	2
 590 15	21.5
 600 9.5	17.5
 610 3	8
 620 1	2.5
 630 9	19
 640 9	18
 650 17	25.5
 660 .5	2
 670 1.5	4
 680 15.5	23.55
 690 13	21
 700 8	18
 710 .5	1
 720 8	19.5
 730 2.5	4.5
 740 7	12.5
 750 3	8
 760 2	4
 770 1	2
 780 8.5	18.5
 790 15	25
 800 5	10.5
 810 9	22.5
 820 .5	1.5
 830 4	10
 840 5.5	13.5
 850 .5	1.5
 860 8	18.5
 870 7.5	15.5
 880 13	25
 890 5	13
 900 8	16
 910 8	16
 920 1.5	3.5
 930 15.5	27.5
 940 18	22
 950 12	24.5
 960 18	31
 970 13.5	24.5
 980 7.5	18
 990 15.5	25.5
1000 15.5	25
1010 5.5	13.5
1020 1.5	3
1030 1	2
1040 16	29
1050 2	3
1060 2	5
1070 7	12
1080 4	9
1090 9	15.5
1100 11.5	23.5
1110 3	6
1120 4	8
1130 3	6.5
1140 1	2
1150 1.5	3
1160 2	5.5
1170 15.5	27
1180 10	17.5
1190 16	25
1200 9	18.5
1210 5	9
1220 19	28.5
1230 18.5	26
1240 19	23.5
1250 9.5	19
1260 17.5	34
1270 17.5	30
1280 4	8.5
1290 20	34
1300 2	5
1310 18	31
1320 18	31
1330 3	7
1340 1.5	3.5
1350 1.5	4.5
1360 15	32
1370 19.5	29.5
1380 8.5	18
1390 11.5	27.5
1400 4.5	10
1410 4	11
1420 9	21
1430 15.5	27.5
1440 15	30
1450 3.5	9.5
1460 3.5	7.5
1470 6.5	17
1480 15	27
1490 1	2.5
1500 5	14
1510 .5	1
1520 2	5
1530 5	10
1540 15	29.5
1550 18	25.5
1560 6.5	16
1570 18	28
1580 2.5	6.5
1590 11.5	20
1600 16	25
1610 1	1.5
1620 14	28
1630 7	16.5
1640 17.5	30.5
1650 12	19
1660 3	7
1670 17	35
1680 19.5	33
1690 .5	1
1700 3	7
1710 9	20
1720 2.5	7
1730 18	32
1740 12	25
1750 2	6
1760 1.5	3.5
1770 5	12
1780 18.5	34
1790 3.5	7
1800 1	3
1810 5.5	11
1820 3	7
1830 5.5	13.5
1840 1.5	2.5
1850 2.5	4
1860 17	30
1870 8.5	16.5
1880 5.5	11
1890 16	24
1900 19	29.5
1910 5.5	8
1920 18	27
1930 6.5	15
1940 .5	1
1950 20	36
1960 6	15
1970 23	35.5
1980 11	22.5
1990 15	28.5
2000 16.5	22.5
2010 7	14
2020 10.5	24
2030 8	19
2040 2	5
2050 8	11
2060 1	2
2070 19.5	27
2080 7.5	20
2090 5	13
2100 14	29
2110 21	28.5
2120 3	7.5
2130 2	4
2140 18.5	30
2150 4	8
2160 13	26.5
2170 5.5	12.5
2180 20	28
2190 21	29.5
2200 11	23.5
2210 17	26
2220 2.5	6.5
2230 .5	1.5
2240 6.5	10.5
2250 15.5	27
2260 3.5	8.5
2270 15	29
2280 20	25
2290 2.5	6
2300 3	9.5
2310 15.5	23
2320 17	26
2330 16	25.5
2340 4	10
2350 3.5	8.5
2360 12.5	26.5
2370 15.5	29
2380 20	25
2390 2.5	6
2400 3	9.5
2410 15.5	23
2420 17	26
2430 16	25.5
2440 4	10
2450 3.5	8.5
2460 12.5	26.5
2470 15.5	29
2480 4.5	11
2490 19	27
2500 12.5	23
2510 4	11.5
2520 4	10.5
2530 4	9.5
2540 3	9
2550 16.5	26.5
2560 1.5	4
2570 2.5	6.5
2580 16	25
2590 1.5	4
2600 1.5	4.5
2610 .5	1
2620 .5	1
2630 6	16
2640 14.5	27
2650 10	22.5
2660 16	28
2670 5	14
2680 .5	.5
2690 1	2
2700 2.5	8
2710 2	5
2720 .5	2
2730 1	3
2740 6.5	16.5
2750 14.5	28
2760 2	5
2770 1	3
2780 2	5.5
2790 .5	1.5
2800 6	16
2810 4.5	13
2820 3	8
2830 2.5	7.5
2840 .5	1
2850 3	9
2860 15	25.5
2870 10.5	25
2880 1	2
2890 2.5	8
2900 19	30
2910 3	9.5
2920 2.5	7.5
2930 3	8.5
2940 2	7
2950 5	10.5
2960 19	27.5
2970 5	11.5
2980 15	26
2990 19	27
3000 9	21
3010 1	3
3020 4.5	9.5
3030 13	25.5
3040 1	2
3050 3	7.5
3060 15.5	26
3070 2	4.5
3080 3	6.5
3090 2.5	6
3100 19.5	29
3110 11	24.5
3120 1	2.5
3130 17.5	26.5
3140 13	21
3150 7	16.5
3160 3	8.5
3170 15	26.5
3180 1.5	3.5
3190 5	13.5
3200 2	4.5
3210 13.5	25
3220 10	22
3230 15	26
3240 8.5	18
3250 17	25
3260 2	5
3270 8.5	18.5
3280 4	10
3290 8	14
3300 4	10
3310 1.5	4
3320 1	2
3330 1.5	4.5
3340 1	2
3350 1.5	4.5
3360 2	5
3370 2	4.5
3380 8	13.5
3390 3	7
3400 5	13
3410 10.5	23
3420 .5	1
3430 17.5	24.5
3440 2	5.5
3450 1	2
3460 6	10.5
3470 4	10.5
3480 7.5	14
3490 3	7
3500 19	26
3510 2.7	7
3520 4	6.5
3530 13	22
3540 15	24.5
3550 1	3
3560 2	5
3570 10	22
3580 1.5	3.5
3590 2.5	6.5
3600 14	26.5
3610 17.5	26
3620 3.5	10
3630 2	6
3640 4	9.5
3650 1	3
3660 2	4
3670 14.5	26
3680 2	4.5
3690 3	9
3700 2	4.5
3710 1.5	3.5
3720 12	16.5
3730 18	25
3740 6.5	13
3750 6	10.5
3760 7.5	13
3770 11.5	20.5
3780 8.5	18
3790 17.5	21
3800 16	24.5
3810 13.5	19
3820 11	15
3830 0ZAP
