   1 59	-16	35	123	62.4	244.8	0
   2 34	98	42	-34	89.6	192.0	0
   3 48	-20	210	72	123.2	1803.2	0
   4 197	82	-16	57	104.0	1446.4	0
   5 -13	52	-2	-93	84.8	428.8	0
   6 14	-68	47	-34	32.0	1902.4	0
   7 59	-34	64	67	49.6	300.8	0
   8 71	55	198	-47	62.4	406.4	0
   9 196	-33	192	50	36.8	296.0	0
  10 -5	-112	47	-41	91.2	2324.8	0
  11 49	-36	45	-129	41.6	259.2	0
  12 54	-120	43	-18	43.2	262.4	0
  13 30	-8	62	-141	62.4	1404.8	0
  14 63	-137	64	104	206.4	185.6	1
  15 64	71	29	-136	91.2	857.6	0
  16 24	-123	57	-32	86.4	372.8	0
  17 72	-15	72	89	56.0	1147.2	0
  18 89	77	67	-68	84.8	470.4	0
  19 69	-46	90	96	76.8	1728.0	0
  20 131	91	98	147	52.8	1006.4	0
  21 -94	-36	-68	91	60.8	2160.0	0
  22 -36	81	165	4	112.0	364.8	0
  23 162	9	11	-105	105.6	1777.6	0
  24 8	-95	84	18	99.2	296.0	0
  25 87	39	103	148	48.0	1750.4	0
  26 103	138	86	21	161.6	390.4	1
  27 -119	-128	-228	-66	104.0	2684.8	0
  28 -225	-65	48	-48	100.8	348.8	0
  29 52	-34	177	98	118.4	1571.2	0
  30 75	-120	6	-54	148.8	1841.6	1
  31 4	-48	-2	79	59.2	2411.2	0
  32 -133	3	-86	136	60.8	2356.8	0
  33 112	-1	31	93	89.6	1896.0	0
  34 32	94	22	-100	72.0	596.8	0
  35 35	-68	89	107	121.6	1547.2	0
  36 107	83	53	-89	120.0	2251.2	0
  37 45	-60	38	61	48.0	2985.6	0
  38 -223	-24	-213	71	43.2	944.0	0
  39 -201	80	-205	127	41.6	881.6	0
  40 -217	108	-246	-26	72.0	369.6	0
  41 105	-44	127	84	72.0	3044.8	0
  42 132	63	107	-72	68.8	577.6	0
  43 83	-58	58	-144	38.4	1065.6	0
  44 49	-148	9	32	67.2	176.0	0
  45 0	12	16	-122	94.4	321.6	0
  46 27	-105	24	24	57.6	1816.0	0
  47 28	31	51	131	49.6	1315.2	0
  48 63	108	203	29	91.2	328.0	0
  49 206	33	207	140	46.4	1017.6	0
  50 204	123	82	-52	97.6	315.2	0
  51 75	-32	68	89	54.4	1339.2	0
  52 75	87	81	-62	80.0	870.4	0
  53 80	-40	77	91	52.8	2049.6	0
  54 88	89	169	164	62.4	763.2	0
  55 173	160	194	110	171.2	236.8	1
  56 191	64	209	177	54.4	270.4	0
  57 200	168	154	208	49.6	267.2	0
  58 -13	-23	76	71	83.2	708.8	0
  59 88	67	176	36	41.6	502.4	0
  60 172	47	-33	16	148.8	1774.4	1
  61 -45	-11	-34	90	40.0	1672.0	0
  62 -26	65	53	-29	94.4	361.6	0
  63 57	-22	99	79	68.8	1385.6	0
  64 104	61	88	-41	60.8	224.0	0
  65 79	-12	169	112	120.0	1353.6	0
  66 163	103	182	167	35.2	398.4	0
  67 61	6	-8	-157	118.4	2787.2	0
  68 -19	-146	-212	-24	123.2	236.8	1
  69 -199	-59	-152	-84	40.0	696.0	0
  70 -150	-81	22	-18	113.6	380.8	0
  71 36	4	79	94	43.2	2206.4	0
  72 75	70	140	-76	100.8	537.6	0
  73 143	-61	135	40	49.6	499.2	0
  74 105	18	130	113	44.8	2198.4	0
  75 -46	-58	-19	12	43.2	2166.4	0
  76 -15	10	-7	99	44.8	436.8	0
  77 -8	102	67	120	83.2	577.6	0
  78 80	115	86	-32	89.6	350.4	0
  79 87	-14	161	86	107.2	2088.0	0
  80 167	88	141	-68	94.4	1537.6	0
  81 137	-53	207	35	88.0	355.2	0
  82 -2	36	167	58	64.0	2252.8	0
  83 -193	-45	-172	77	44.8	811.2	0
  84 -152	67	-17	-26	88.0	340.8	0
  85 -10	-11	-33	-153	62.4	708.8	0
  86 -44	-144	-169	-86	80.0	262.4	0
  87 -164	-90	-153	-99	22.4	432.0	0
  88 -140	-105	-137	-3	41.6	395.2	0
  89 -132	-14	-117	-82	38.4	240.0	0
  90 -127	-71	-112	7	41.6	787.2	0
  91 -109	0	104	-31	102.4	816.0	0
  92 102	-21	-12	72	102.4	2259.2	0
  93 -19	53	91	-33	91.2	131.2	0
  94 99	-24	108	64	35.2	368.0	0
  95 118	62	120	144	32.0	345.6	0
  96 121	125	69	56	44.8	342.4	0
  97 47	54	-19	-99	108.8	496.0	0
  98 -28	-92	-56	-146	25.6	424.0	0
  99 -58	-137	-51	13	65.6	204.8	0
 100 -34	3	-61	-111	84.8	214.4	0
 101 -65	-102	11	18	83.2	872.0	0
 102 11	38	-21	115	72.0	1392.0	0
 103 54	-18	56	78	43.2	2571.2	0
 104 67	64	61	37	22.4	1126.4	0
 105 64	46	-38	93	120.0	1070.4	1
 106 -28	83	20	14	88.0	244.8	0
 107 24	21	208	41	80.0	812.8	0
 108 197	32	68	21	83.2	260.8	0
 109 62	38	46	124	48.0	1377.6	0
 110 32	105	-70	-42	228.8	739.2	1
 111 -72	-47	135	9	83.2	787.2	0
 112 144	22	163	104	40.0	916.8	0
 113 168	86	210	69	27.2	588.8	0
