 113 195	214	177	286	36.8	257.6	0
 114 157	209	-19	272	70.4	244.8	0
 115 -28	196	-13	307	28.8	220.8	0
 116 -23	210	206	308	150.4	284.8	1
 117 193	214	176	319	48.0	308.8	0
 118 310	-77	287	165	73.6	612.8	0
 119 245	141	-73	163	102.4	230.4	0
 120 -87	103	-96	241	43.2	212.8	0
 121 305	177	186	241	67.2	777.6	0
 122 169	137	55	262	88.0	412.8	0
 123 36	153	123	305	56.0	406.4	0
 124 123	211	106	274	25.6	334.4	0
 125 93	201	28	289	41.6	214.4	0
 126 18	198	8	280	28.8	259.2	0
 127 -18	176	-102	240	41.6	376.0	0
 128 -126	128	254	234	188.8	396.8	1
 129 228	104	-26	51	64.0	502.4	0
 130 -35	10	-35	144	32.0	160.0	0
 131 -50	85	-103	229	60.8	225.6	0
 132 -119	165	-76	-244	188.8	144.0	1
 133 206	150	206	215	20.8	694.4	0
 134 193	166	61	207	78.4	232.0	1
 135 45	140	317	77	72.0	312.0	0
 136 313	-13	197	94	94.4	320.0	1
 137 167	28	133	170	52.8	257.6	0
 138 125	125	125	221	25.6	195.2	0
 139 115	145	341	120	64.0	332.8	0
 140 341	59	417	121	38.4	164.8	0
 141 406	66	416	132	24.0	241.6	0
 142 404	78	151	101	160.0	203.2	1
 143 134	45	395	71	59.2	190.4	0
 144 383	17	385	142	35.2	212.8	0
 145 373	87	429	128	27.2	206.4	0
 146 417	84	32	49	108.8	219.2	1
 147 27	18	-12	101	35.2	134.4	0
 148 -19	52	6	221	59.2	145.6	0
 149 -2	164	-1	123	27.2	166.4	0
 150 -15	62	-28	100	32.0	358.4	0
 151 -52	60	-87	121	35.2	206.4	0
 152 -101	47	200	84	72.0	473.6	0
 153 197	26	196	168	36.8	203.2	0
 154 180	107	129	251	54.4	227.2	0
 155 116	161	-72	154	56.0	276.8	0
 156 -82	102	-107	190	33.6	198.4	0
 157 -123	116	-118	180	22.4	270.4	0
 158 -134	104	5	214	51.2	256.0	0
 159 -2	139	-26	211	32.0	235.2	0
 160 -47	146	-54	228	32.0	180.8	0
 161 -67	151	-6	255	145.6	294.4	1
 162 -20	156	-5	206	20.8	305.6	0
 163 -24	58	-34	127	28.8	635.2	0
 164 -51	65	-63	171	35.2	299.2	0
 165 -74	115	33	255	54.4	217.6	0
 166 18	165	19	224	24.0	300.8	0
 167 -4	137	-271	27	174.4	302.4	1
 168 -285	-31	-355	27	35.2	150.4	0
 169 -361	-19	-346	112	33.6	212.8	0
 170 -346	54	-305	172	46.4	220.8	0
 171 -306	143	-323	-1	51.2	91.2	0
 172 -344	-89	-149	-93	46.4	544.0	0
 173 -146	-151	138	-12	65.6	235.2	0
 174 125	-62	-17	-48	43.2	172.8	0
 175 -21	-88	79	99	62.4	145.6	0
 176 75	57	77	4	28.8	145.6	0
 177 67	-39	127	83	60.8	240.0	0
 178 117	38	194	262	160.0	166.4	1
 179 176	159	41	173	46.4	366.4	0
 180 33	122	0	194	40.0	176.0	0
 181 -9	138	-6	241	44.8	156.8	0
 182 -16	163	169	256	112.0	243.2	0
 183 141	111	-78	126	64.0	734.4	0
 184 -84	77	28	240	64.0	179.2	0
 185 18	138	20	308	46.4	403.2	0
 186 10	206	116	239	41.6	320.0	0
 187 105	157	103	208	24.0	393.6	0
 188 87	154	44	229	41.6	211.2	0
 189 31	167	11	266	32.0	196.8	0
 190 -7	170	326	288	188.8	302.4	1
 191 311	204	69	236	86.4	214.4	0
 192 52	177	41	235	27.2	212.8	0
 193 15	136	14	210	25.6	380.8	0
 194 -9	116	11	204	25.6	310.4	0
 195 -4	142	15	231	27.2	212.8	0
 196 1	147	17	241	28.8	254.4	0
 197 7	156	342	147	176.0	291.2	1
 198 319	56	360	58	27.2	219.2	0
 199 143	37	109	185	49.6	790.4	0
 200 91	124	128	236	40.0	236.8	0
 201 116	146	123	209	25.6	270.4	0
 202 106	165	73	301	49.6	145.6	0
 203 73	229	185	162	41.6	169.6	0
 204 145	79	169	165	30.4	427.2	0
 205 155	88	92	216	51.2	294.4	0
 206 73	140	85	258	41.6	243.2	0
 207 69	170	70	226	24.0	329.6	0
 208 49	121	49	224	33.6	470.4	0
 209 37	163	306	119	148.8	270.4	1
 210 289	12	244	-68	40.0	281.6	0
 211 231	-115	164	48	78.4	161.6	0
 212 157	21	237	-189	75.2	105.6	0
 213 233	-225	199	-18	60.8	172.8	0
 214 189	-56	186	120	40.0	168.0	0
 215 182	51	170	110	30.4	329.6	0
 216 155	56	119	-46	46.4	224.0	0
 217 120	-77	-47	80	68.8	190.4	0
 218 -54	28	17	190	59.2	209.6	0
 219 -7	76	-2	218	36.8	476.8	0
 220 -25	134	321	150	96.0	332.8	0
 221 316	78	17	76	91.2	201.6	0
 222 7	22	138	154	62.4	216.0	0
 223 140	161	-2	-64	72.0	260.8	0
 224 -4	-39	-13	-1	24.0	220.8	0
 225 -19	2	-47	108	38.4	286.4	0
