   I       A         B         C*
   1    0.8502    1.2405    2.3668
   2   -0.6228    0.9402    1.9482
   3   -0.7664    2.4102    1.4872
   4    0.5260    2.7620    2.2659
   5    1.8046    0.7363    1.3125
   6    1.2899    0.7487    3.7267
   7    2.0144   -0.5655    1.4239
   8    2.2737    1.4361    0.4232
   9    2.5724    0.9808    3.9562
  10    0.5306    0.2232    4.5254
  11   -0.7642    0.2108    1.2873
  12   -1.1465    0.7441    2.7705
  13   -0.6498    2.5230    0.5192
  14   -1.5936    2.8729    1.7649
  15    1.1954    3.3199    1.7924
  16    0.3285    3.1279    3.1674
  17    2.5612   -0.8463    0.8247
  18    2.8300    0.5960    4.7694
