
  59  0.241607E+05
   1  5.9811  0.356   69798.   69205.   85768.
   2  5.9834  0.370   69804.   69830.   86724.
   3  5.9857  0.385   69823.   70456.   87679.
   4  5.9880  0.401   69859.   71081.   88633.
   5  5.9904  0.418   69919.   71705.   89586.
   6  5.9927  0.436   69998.   72329.   90539.
   7  5.9950  0.454   70093.   72992.   91491.
   8  5.9973  0.474   70212.   73714.   92442.
   9  5.9996  0.494   70355.   74491.   93393.
  10  6.0019  0.516   70530.   75313.   94343.
  11  6.0042  0.539   70734.   76183.   95292.
  12  6.0066  0.563   70968.   77091.   96125.
  13  6.0089  0.589   71230.   78027.   96951.
  14  6.0112  0.616   71523.   78984.   97752.
  15  6.0135  0.645   71841.   79948.   98513.
  16  6.0158  0.676   72189.   80908.   99215.
  17  6.0181  0.708   72563.   81854.   99842.
  18  6.0204  0.743   72969.   82781.  100393.
  19  6.0228  0.779   73401.   83679.  100867.
  20  6.0251  0.818   73855.   84549.  101268.
  21  6.0274  0.859   74326.   85382.  101602.
  22  6.0297  0.903   74811.   86180.  101876.
  23  6.0320  0.949   75312.   86945.  102097.
  24  6.0343  0.998   75826.   87689.  102276.
  25  6.0366  1.051   76355.   88416.  102420.
  26  6.0390  1.106   76894.   89129.  102537.
  27  6.0413  1.165   77444.   89826.  102634.
  28  6.0436  1.227   78006.   90500.  102716.
  29  6.0459  1.294   78579.   91149.  102789.
  30  6.0482  1.364   79160.   91769.  102855.
  31  6.0505  1.439   79746.   92356.  102917.
  32  6.0528  1.518   80335.   92907.  102980.
  33  6.0552  1.603   80927.   93424.  103046.
  34  6.0575  1.692   81518.   93912.  103118.
  35  6.0598  1.787   82108.   94379.  103199.
  36  6.0621  1.888   82692.   94827.  103291.
  37  6.0644  1.996   83272.   95261.  103398.
  38  6.0667  2.109   83851.   95682.  103520.
  39  6.0690  2.230   84427.   96095.  103661.
  40  6.0714  2.359   85000.   96492.  103822.
  41  6.0737  2.495   85568.   96879.  104005.
  42  6.0760  2.641   86132.   97252.  104209.
  43  6.0783  2.795   86689.   97613.  104437.
  44  6.0806  2.959   87241.   97968.  104685.
  45  6.0829  3.133   87779.   98321.  104951.
  46  6.0853  3.318   88312.   98674.  105228.
  47  6.0876  3.514   88841.   99031.  105509.
  48  6.0899  3.724   89366.   99393.  105789.
  49  6.0922  3.947   89886.   99762.  106061.
  50  6.0945  4.184   90402.  100139.  106359.
  51  6.0968  4.436   90913.  100516.  106656.
  52  6.0991  4.705   91421.  100893.  106953.
  53  6.1015  4.991   91925.  101270.  107249.
  54  6.1038  5.296   92425.  101646.  107546.
  55  6.1061  5.621   92922.  102022.  107842.
  56  6.1084  5.968   93414.  102398.  108138.
  57  6.1107  6.337   93904.  102774.  108434.
  58  6.1130  6.731   94389.  103149.  108730.
  59  6.1153  7.151   94872.  103524.  109025.
  54  0.241607E+05
   1  6.5019  0.363   68970.   71145.   79369.
   2  6.5042  0.380   69075.   71553.   80150.
   3  6.5065  0.397   69194.   71961.   80930.
   4  6.5088  0.415   69320.   72369.   81709.
   5  6.5111  0.435   69455.   72776.   82488.
   6  6.5134  0.455   69601.   73183.   83267.
   7  6.5157  0.476   69758.   73605.   84044.
   8  6.5181  0.499   69930.   74055.   84822.
   9  6.5204  0.522   70114.   74539.   85598.
  10  6.5227  0.547   70308.   75049.   86374.
  11  6.5250  0.573   70519.   75576.   87150.
  12  6.5273  0.601   70745.   76110.   87932.
  13  6.5296  0.631   70992.   76648.   88777.
  14  6.5319  0.662   71255.   77195.   89673.
  15  6.5343  0.695   71529.   77755.   90610.
  16  6.5366  0.730   71816.   78331.   91571.
  17  6.5389  0.766   72108.   78938.   92538.
  18  6.5412  0.805   72413.   79583.   93499.
  19  6.5435  0.846   72737.   80280.   94439.
  20  6.5458  0.890   73079.   81033.   95348.
  21  6.5481  0.937   73446.   81840.   96214.
  22  6.5505  0.986   73841.   82692.   97027.
  23  6.5528  1.039   74261.   83567.   97778.
  24  6.5551  1.095   74707.   84448.   98460.
  25  6.5574  1.155   75179.   85318.   99071.
  26  6.5597  1.219   75673.   86164.   99607.
  27  6.5620  1.288   76188.   86977.  100070.
  28  6.5643  1.361   76719.   87755.  100465.
  29  6.5667  1.438   77264.   88494.  100797.
  30  6.5690  1.521   77820.   89195.  101076.
  31  6.5713  1.609   78386.   89862.  101313.
  32  6.5736  1.703   78960.   90498.  101517.
  33  6.5759  1.804   79540.   91106.  101702.
  34  6.5782  1.911   80125.   91688.  101880.
  35  6.5805  2.025   80714.   92236.  102061.
  36  6.5829  2.147   81305.   92755.  102254.
  37  6.5852  2.277   81897.   93252.  102469.
  38  6.5875  2.415   82489.   93733.  102710.
  39  6.5898  2.563   83079.   94204.  102980.
  40  6.5921  2.720   83655.   94669.  103278.
  41  6.5944  2.888   84231.   95135.  103596.
  42  6.5967  3.067   84808.   95606.  103928.
  43  6.5991  3.259   85385.   96086.  104265.
  44  6.6014  3.463   85962.   96577.  104600.
  45  6.6037  3.682   86539.   97079.  104976.
  46  6.6060  3.916   87115.   97581.  105352.
  47  6.6083  4.166   87692.   98082.  105728.
  48  6.6106  4.434   88269.   98583.  106104.
  49  6.6129  4.720   88845.   99084.  106479.
  50  6.6153  5.027   89421.   99584.  106854.
  51  6.6176  5.355   89997.  100084.  107229.
  52  6.6199  5.707   90572.  100584.  107603.
  53  6.6222  6.084   91146.  101083.  107977.
  54  6.6245  6.488   91721.  101582.  108351.
  54  0.241607E+05
   1  7.0235  0.365   72712.   66172.   79768.
   2  7.0258  0.382   72454.   66740.   80505.
   3  7.0282  0.400   72208.   67307.   81241.
   4  7.0305  0.419   71988.   67874.   81977.
   5  7.0328  0.438   71799.   68441.   82712.
   6  7.0351  0.459   71640.   69008.   83447.
   7  7.0374  0.481   71514.   69587.   84182.
   8  7.0397  0.504   71432.   70230.   84916.
   9  7.0420  0.529   71389.   70916.   85649.
  10  7.0444  0.555   71387.   71640.   86382.
  11  7.0467  0.582   71417.   72393.   87114.
  12  7.0490  0.612   71478.   73168.   87760.
  13  7.0513  0.643   71568.   73949.   88401.
  14  7.0536  0.676   71693.   74742.   89026.
  15  7.0559  0.711   71857.   75540.   89621.
  16  7.0582  0.748   72053.   76340.   90177.
  17  7.0606  0.788   72280.   77133.   90682.
  18  7.0629  0.831   72533.   77913.   91138.
  19  7.0652  0.876   72817.   78665.   91549.
  20  7.0675  0.924   73121.   79383.   91922.
  21  7.0698  0.976   73442.   80071.   92264.
  22  7.0721  1.030   73785.   80727.   92584.
  23  7.0744  1.089   74147.   81351.   92895.
  24  7.0768  1.151   74520.   81944.   93207.
  25  7.0791  1.217   74904.   82517.   93529.
  26  7.0814  1.287   75300.   83072.   93869.
  27  7.0837  1.362   75703.   83610.   94231.
  28  7.0860  1.442   76112.   84143.   94620.
  29  7.0883  1.527   76529.   84684.   95036.
  30  7.0906  1.617   76955.   85235.   95480.
  31  7.0930  1.714   77389.   85796.   95951.
  32  7.0953  1.817   77831.   86373.   96447.
  33  7.0976  1.927   78285.   86964.   96964.
  34  7.0999  2.045   78752.   87563.   97497.
  35  7.1022  2.171   79229.   88169.   98042.
  36  7.1045  2.306   79716.   88779.   98594.
  37  7.1068  2.450   80213.   89390.   99150.
  38  7.1092  2.604   80720.   89998.   99706.
  39  7.1115  2.770   81233.   90602.  100261.
  40  7.1138  2.947   81756.   91204.  100807.
  41  7.1161  3.136   82286.   91805.  101339.
  42  7.1184  3.340   82824.   92404.  101848.
  43  7.1207  3.558   83368.   93002.  102330.
  44  7.1230  3.791   83919.   93600.  102780.
  45  7.1254  4.042   84477.   94196.  103240.
  46  7.1277  4.312   85040.   94791.  103699.
  47  7.1300  4.601   85608.   95386.  104159.
  48  7.1323  4.912   86183.   95980.  104618.
  49  7.1346  5.246   86762.   96574.  105076.
  50  7.1369  5.605   87346.   97168.  105535.
  51  7.1393  5.991   87934.   97761.  105993.
  52  7.1416  6.407   88527.   98354.  106450.
  53  7.1439  6.854   89124.   98946.  106908.
  54  7.1462  7.336   89725.   99539.  107365.
