
  180. 3635.
   51.   16.1
 3686.   22.3
  502.  13 273
  507.  16 275
  512.  17 273
  517.  13 274
  522.  11 275
  527.  14 274
  532.  16 273
  537.  16 275
  542.  16 274
  547.  14 274
  552.  15 274
  557.  14 274
  562.  18 275
  567.  14 274
  572.  15 274
  577.  19 274
  582.  18 273
  587.  18 274
  592.  17 274
  597.  19 274
  602.  20 273
  607.  22 274
  612.  23 274
  617.  21 274
  622.  24 274
  627.  20 274
  632.  20 274
  637.  22 274
  642.  23 274
  647.  23 274
  652.  25 274
  657.  27 274
  662.  26 274
  667.  24 274
  672.  26 274
  677.  26 274
  682.  27 274
  687.  24 273
  692.  26 274
  697.  26 273
  702.  24 275
  707.  27 274
  712.  27 274
  717.  25 274
  722.  26 273
  727.  29 275
  732.  31 274
  737.  30 273
  742.  31 274
  747.  34 272
  752.  31 274
  757.  30 274
  762.  35 274
  767.  33 274
  772.  34 274
  777.  34 273
  782.  38 274
  787.  37 274
  792.  35 275
  797.  37 274
  802.  38 275
  807.  38 274
  812.  41 274
  817.  40 274
  822.  42 274
  827.  42 273
  832.  40 274
  837.  42 275
  842.  45 274
  847.  40 274
  852.  46 273
  857.  40 274
  862.  42 275
  867.  42 273
  872.  41 273
  877.  45 272
  882.  40 274
  887.  42 272
  892.  39 274
  897.  43 274
  902.  43 274
  907.  43 275
  912.  42 274
  917.  44 273
  922.  41 274
  927.  39 274
  932.  40 275
  937.  40 274
  942.  40 275
  947.  41 274
  952.  44 274
  957.  45 274
  962.  46 274
  967.  46 275
  972.  50 274
  977.  48 274
  982.  52 273
  987.  49 274
  992.  49 274
  997.  53 274
 1002.  48 274
 1007.  53 273
 1012.  51 274
 1017.  50 275
 1022.  55 276
 1027.  52 274
 1032.  53 273
 1037.  52 273
 1042.  53 274
 1047.  53 275
 1052.  53 274
 1057.  55 275
 1062.  55 275
 1067.  56 275
 1072.  55 274
 1077.  56 274
 1082.  57 273
 1087.  56 275
 1092.  54 274
 1097.  55 274
 1102.  57 274
 1107.  58 274
 1112.  60 276
 1117.  59 275
 1122.  60 275
 1127.  62 273
 1132.  60 274
 1137.  60 274
 1142.  61 275
 1147.  64 274
 1152.  60 275
 1157.  63 275
 1162.  66 275
 9999. 999 999
  180. 3635.
   51.   16.1
 3686.   22.3
 1627.  18 273
 1632.  14 273
 1637.  16 274
 1642.  13 274
 1647.  13 274
 1652.  11 273
 1657.  12 273
 1662.  10 273
 1667.   7 272
 1672.   9 272
 1677.   9 274
 1682.  10 271
 1687.   7 274
 1692.   8 273
 1697.   8 273
 1702.  12 273
 1707.  13 273
 1712.  17 272
 1717.   9 273
 1722.  16 272
 1727.  13 274
 1732.  16 273
 1737.  15 273
 1742.  14 275
 1747.  15 274
 1752.  13 274
 1757.  15 273
 1762.  19 273
 1767.  17 273
 1772.  20 275
 1777.  18 274
 1782.  17 273
 1787.  16 274
 1792.  20 273
 1797.  22 274
 1802.  24 273
 1807.  18 275
 1812.  19 275
 1817.  20 274
 1822.  16 272
 1827.  18 273
 1832.  19 272
 1837.  21 274
 1842.  22 274
 1847.  22 274
 1852.  19 274
 1857.  21 274
 1862.  17 275
 1867.  17 273
 1872.  15 274
 1877.  18 274
 1882.  20 274
 1887.  24 274
 1892.  17 274
 1897.  20 275
 1902.  18 272
 1907.  17 274
 1912.  16 273
 1917.  19 273
 1922.  18 274
 1927.  13 272
 1932.  22 274
 1937.  18 272
 1942.  16 273
 1947.  19 272
 1952.  20 274
 1957.  15 273
 1962.  21 273
 1967.  18 273
 1972.  16 274
 1977.  18 273
 1982.  18 275
 1987.  16 273
 1992.  14 274
 1997.  15 273
 2002.  18 274
 2007.  18 273
 2012.  17 274
 2017.  17 274
 2022.  18 274
 2027.  17 275
 2032.  17 273
 2037.  17 275
 2042.  18 274
 2047.  19 274
 2052.  16 273
 2057.  14 274
 2062.  17 274
 2067.  20 273
 2072.  16 273
 2077.  15 275
 2082.  14 274
 2087.  16 272
 2092.  19 274
 2097.  19 274
 2102.  17 274
 2107.  17 274
 2112.  18 274
 2117.  18 274
 2122.  16 274
 2127.  15 274
 2132.  20 274
 2137.  19 274
 2142.  18 273
 2147.  17 273
 2152.  17 274
 2157.  19 274
 2162.  17 274
 2167.  17 274
 2172.  16 274
 2177.  20 274
 2182.  21 274
 2187.  19 274
 2192.  16 274
 2197.  14 274
 2202.  21 273
 2207.  19 273
 2212.  21 274
 2217.  19 273
 2222.  22 275
 2227.  18 275
 2232.  17 274
 2237.  18 275
 2242.  17 272
 2247.  21 274
 2252.  20 275
 2257.  23 275
 2262.  18 273
 2267.  21 273
 2272.  17 274
 2277.  19 274
 2282.  18 275
 2287.  19 273
 2292.  23 273
 2297.  29 274
 2302.  27 273
 2307.  28 273
 9999. 999 999
  180. 3635.
   51.   16.1
 3686.   22.3
 2833.   8 275
 2838.  11 274
 2843.  11 274
 2848.  11 273
 2853.  13 274
 2858.   9 272
 2863.  14 276
 2868.  15 272
 2873.  13 274
 2878.  17 273
 2883.  19 272
 2888.  17 274
 2893.  17 272
 2898.  12 275
 2903.  19 274
 2908.  13 272
 2913.  19 275
 2918.  17 274
 2923.  29 277
 2928.  17 274
 2933.  27 276
 2938.  23 277
 2943.  19 273
 2948.  20 275
 2953.  21 278
 2958.  25 275
 2963.  21 275
 2968.  26 275
 2973.  23 275
 2978.  23 274
 2983.  21 275
 2988.  25 274
 2993.  25 277
 2998.  19 273
 3003.  23 274
 3008.  23 273
 3013.  22 275
 3018.  30 273
 3023.  19 275
 3028.  20 276
 3033.  25 274
 3038.  27 275
 3043.  30 274
 3048.  24 275
 3053.  28 274
 3058.  23 274
 3063.  27 275
 3068.  28 275
 3073.  28 275
 3078.  26 275
 3083.  28 273
 3088.  35 274
 3093.  36 275
 3098.  28 277
 3103.  28 275
 3108.  27 272
 3113.  28 272
 3118.  33 277
 3123.  25 271
 3128.  34 274
 3133.  39 277
 3138.  36 274
 3143.  36 277
 3148.  39 274
 3153.  36 273
 3158.  37 275
 3163.  33 273
 3168.  35 275
 3173.  35 270
 3178.  34 274
 3183.  41 273
 3188.  41 274
 3193.  39 274
 3198.  36 275
 3203.  35 274
 3208.  38 274
 3213.  36 272
 3218.  32 274
 3223.  39 274
 3228.  36 275
 3233.  40 276
 3238.  33 275
 3243.  32 276
 3248.  41 276
 3253.  40 274
 3258.  41 274
 3263.  43 275
 3268.  40 275
 3273.  36 273
 3278.  40 272
 3283.  41 277
 3288.  35 276
 3293.  44 277
 3298.  42 273
 3303.  40 273
 3308.  44 272
 3313.  44 273
 3318.  45 274
 3323.  42 273
 3328.  44 274
 3333.  40 275
 3338.  44 274
 3343.  43 274
 3348.  43 275
 3353.  44 274
 3358.  38 274
 3363.  46 274
 3368.  48 273
 3373.  46 273
 3378.  43 273
 3383.  49 275
 3388.  48 274
 3393.  44 274
 3398.  47 275
 3403.  48 272
 3408.  51 276
 3413.  50 271
 3418.  44 271
 3423.  47 274
 3428.  52 277
 3433.  49 275
 3438.  47 274
 3443.  51 273
 3448.  52 273
 3453.  59 273
 9999. 999 999
