
  181. 3631.
   51.   23.0
 3682.   15.9
  500.  14 273
  505.  14 275
  510.  15 274
  515.  14 273
  520.  14 275
  525.  15 274
  530.  15 274
  535.  16 275
  540.  16 273
  545.  14 275
  550.  12 274
  555.  15 274
  560.  14 274
  565.  17 274
  570.  16 274
  575.  18 273
  580.  18 275
  585.  19 274
  590.  21 274
  595.  17 274
  600.  18 274
  605.  20 274
  610.  20 274
  615.  19 274
  620.  22 274
  625.  20 273
  630.  20 274
  635.  21 274
  640.  22 274
  645.  20 275
  650.  19 276
  655.  21 275
  660.  21 274
  665.  22 275
  670.  21 274
  675.  22 274
  680.  24 274
  685.  23 274
  690.  21 274
  695.  24 275
  700.  21 274
  705.  22 274
  710.  25 274
  715.  22 274
  720.  23 274
  725.  23 274
  730.  26 274
  735.  25 274
  740.  22 273
  745.  25 274
  750.  26 275
  755.  27 274
  760.  27 274
  765.  28 274
  770.  29 273
  775.  30 274
  780.  31 274
  785.  32 274
  790.  31 275
  795.  30 275
  800.  33 273
  805.  33 274
  810.  31 274
  815.  34 274
  820.  33 274
  825.  36 273
  830.  33 274
  835.  35 274
  840.  33 274
  845.  36 273
  850.  33 275
  855.  35 275
  860.  36 274
  865.  37 274
  870.  33 273
  875.  36 275
  880.  35 274
  885.  33 273
  890.  34 274
  895.  35 273
  900.  36 273
  905.  37 273
  910.  39 274
  915.  37 274
  920.  38 275
  925.  39 273
  930.  40 274
  935.  40 275
  940.  41 273
  945.  41 274
  950.  39 274
  955.  41 274
  960.  41 275
  965.  43 274
  970.  44 274
  975.  43 274
  980.  41 274
  985.  43 274
  990.  43 273
  995.  46 275
 1000.  48 273
 1005.  48 274
 1010.  46 275
 1015.  49 274
 1020.  51 274
 1025.  51 274
 1030.  51 274
 1035.  53 274
 1040.  49 275
 1045.  48 275
 1050.  47 274
 1055.  49 274
 1060.  54 274
 1065.  54 275
 1070.  51 274
 1075.  51 274
 1080.  55 274
 1085.  50 274
 1090.  54 275
 1095.  55 275
 1100.  53 274
 1105.  53 275
 1110.  52 274
 1115.  53 273
 1120.  52 274
 1125.  52 274
 1130.  51 275
 1135.  55 274
 1140.  56 274
 1145.  53 274
 1150.  55 274
 1155.  59 275
 1160.  58 274
 9999. 999 999
  181. 3631.
   51.   23.0
 3682.   15.9
 1625.  31 273
 1630.  28 273
 1635.  30 274
 1640.  26 274
 1645.  26 272
 1650.  28 274
 1655.  23 273
 1660.  24 273
 1665.  26 275
 1670.  22 274
 1675.  25 275
 1680.  23 273
 1685.  23 273
 1690.  27 273
 1695.  23 272
 1700.  25 273
 1705.  27 274
 1710.  27 274
 1715.  29 274
 1720.  28 273
 1725.  27 275
 1730.  25 274
 1735.  28 274
 1740.  24 275
 1745.  27 274
 1750.  28 275
 1755.  30 273
 1760.  30 272
 1765.  26 274
 1770.  28 274
 1775.  28 275
 1780.  29 273
 1785.  26 273
 1790.  33 273
 1795.  29 274
 1800.  32 274
 1805.  32 275
 1810.  30 274
 1815.  33 274
 1820.  33 274
 1825.  31 275
 1830.  31 273
 1835.  33 274
 1840.  36 274
 1845.  29 274
 1850.  31 274
 1855.  29 273
 1860.  31 274
 1865.  32 273
 1870.  32 274
 1875.  34 274
 1880.  34 274
 1885.  28 274
 1890.  30 273
 1895.  30 275
 1900.  32 274
 1905.  32 274
 1910.  29 273
 1915.  32 273
 1920.  27 274
 1925.  30 274
 1930.  27 274
 1935.  28 273
 1940.  29 274
 1945.  32 273
 1950.  27 274
 1955.  29 273
 1960.  28 273
 1965.  29 273
 1970.  29 274
 1975.  25 274
 1980.  30 274
 1985.  26 273
 1990.  26 273
 1995.  29 274
 2000.  27 274
 2005.  31 275
 2010.  27 274
 2015.  29 274
 2020.  28 274
 2025.  27 274
 2030.  29 273
 2035.  33 273
 2040.  28 274
 2045.  28 274
 2050.  28 274
 2055.  30 272
 2060.  26 274
 2065.  29 273
 2070.  28 274
 2075.  24 274
 2080.  26 275
 2085.  27 273
 2090.  30 274
 2095.  26 274
 2100.  28 274
 2105.  29 275
 2110.  30 273
 2115.  28 274
 2120.  31 275
 2125.  28 274
 2130.  31 274
 2135.  29 274
 2140.  29 275
 2145.  27 273
 2150.  29 275
 2155.  27 274
 2160.  26 274
 2165.  32 274
 2170.  33 273
 2175.  32 274
 2180.  32 274
 2185.  30 275
 2190.  31 274
 2195.  34 274
 2200.  34 275
 2205.  31 275
 2210.  34 274
 2215.  33 274
 2220.  33 274
 2225.  32 274
 2230.  32 275
 2235.  31 274
 2240.  30 274
 2245.  32 273
 2250.  32 273
 2255.  34 274
 2260.  34 274
 2265.  35 274
 2270.  31 273
 2275.  33 274
 2280.  33 272
 2285.  34 274
 2290.  37 275
 2295.  38 273
 2300.  41 274
 2305.  41 273
 9999. 999 999
  181. 3631.
   51.   23.0
 3682.   15.9
 2833.  21 273
 2838.  26 273
 2843.  31 273
 2848.  24 273
 2853.  24 273
 2858.  23 273
 2863.  22 274
 2868.  26 274
 2873.  27 274
 2878.  28 273
 2883.  26 273
 2888.  29 272
 2893.  30 273
 2898.  30 275
 2903.  30 275
 2908.  36 275
 2913.  33 273
 2918.  31 274
 2923.  31 273
 2928.  40 274
 2933.  36 274
 2938.  33 274
 2943.  32 276
 2948.  38 275
 2953.  36 274
 2958.  42 275
 2963.  34 276
 2968.  37 275
 2973.  43 274
 2978.  33 274
 2983.  35 273
 2988.  37 276
 2993.  39 276
 2998.  40 274
 3003.  37 275
 3008.  36 277
 3013.  40 274
 3018.  36 274
 3023.  42 274
 3028.  40 275
 3033.  40 274
 3038.  40 274
 3043.  44 276
 3048.  42 274
 3053.  40 275
 3058.  45 275
 3063.  44 274
 3068.  44 277
 3073.  41 274
 3078.  43 274
 3083.  45 274
 3088.  41 274
 3093.  42 274
 3098.  46 273
 3103.  45 276
 3108.  44 273
 3113.  46 276
 3118.  42 276
 3123.  46 276
 3128.  47 274
 3133.  44 275
 3138.  44 273
 3143.  54 277
 3148.  49 273
 3153.  44 278
 3158.  46 275
 3163.  54 277
 3168.  48 274
 3173.  47 275
 3178.  55 274
 3183.  50 274
 3188.  54 274
 3193.  51 274
 3198.  49 273
 3203.  55 275
 3208.  47 273
 3213.  55 275
 3218.  51 275
 3223.  53 274
 3228.  50 273
 3233.  47 274
 3238.  52 273
 3243.  54 277
 3248.  51 273
 3253.  54 272
 3258.  53 275
 3263.  57 274
 3268.  62 275
 3273.  55 274
 3278.  57 277
 3283.  50 274
 3288.  56 275
 3293.  55 275
 3298.  57 274
 3303.  60 274
 3308.  61 274
 3313.  59 273
 3318.  59 273
 3323.  62 274
 3328.  58 274
 3333.  63 275
 3338.  56 273
 3343.  60 272
 3348.  56 276
 3353.  60 275
 3358.  60 275
 3363.  58 275
 3368.  62 275
 3373.  61 274
 3378.  63 274
 3383.  64 275
 3388.  63 273
 3393.  65 275
 3398.  64 274
 3403.  68 274
 3408.  61 275
 3413.  65 274
 3418.  60 275
 3423.  66 274
 3428.  64 274
 3433.  66 275
 3438.  64 273
 3443.  68 275
 3448.  72 275
 3453.  73 275
 9999. 999 999
