
  180. 3626.
   51.   13.1
 3677.   26.6
  508.   9 274
  513.  10 274
  518.  12 274
  523.  11 274
  528.  13 273
  533.  12 274
  538.  15 274
  543.  14 274
  548.  17 274
  553.  16 273
  558.  21 274
  563.  19 274
  568.  20 274
  573.  20 274
  578.  23 274
  583.  23 273
  588.  28 274
  593.  32 274
  598.  27 273
  603.  29 273
  608.  32 274
  613.  32 273
  618.  35 274
  623.  38 274
  628.  38 274
  633.  37 274
  638.  41 274
  643.  42 274
  648.  43 273
  653.  46 274
  658.  47 274
  663.  47 273
  668.  51 274
  673.  51 274
  678.  53 274
  683.  57 274
  688.  56 274
  693.  60 274
  698.  61 273
  703.  64 273
  708.  63 274
  713.  66 274
  718.  69 274
  723.  72 274
  728.  78 274
  733.  76 274
  738.  83 275
  743.  84 274
  748.  88 274
  753.  92 274
  758.  95 274
  763.  99 274
  768. 102 274
  773. 104 274
  778. 114 274
  783. 117 274
  788. 117 274
  793. 125 275
  798. 132 275
  803. 133 274
  808.-135 274
  813.-131 274
  818.-123 275
  823.-117 275
  828.-109 275
  833.-105 274
  838. -97 274
  843. -89 274
  848. -82 274
  853. -74 274
  858. -64 274
  863. -56 274
  868. -45 274
  873. -35 274
  878. -26 273
  883. -10 274
  888.   0 274
  893.  11 274
  898.  27 273
  903.  42 274
  908.  56 275
  913.  73 274
  918.  92 274
  923. 106 275
  928. 126 275
  933.-123 274
  938.-103 274
  943. -80 275
  948. -56 273
  953. -28 274
  958.  -4 275
  963.  23 274
  968.  58 276
  973.  94 276
  978. 126 275
  983.-112 274
  988. -73 275
  993. -24 273
  998.  17 277
 1003.  64 276
 1008. 119 275
 1013.-105 275
 1018. -42 276
 1023.  20 276
 1028.  85 276
 1033.-123 276
 1038. -50 278
 1043.  30 277
 1048. 112 278
 1053. -68 279
 1058.  24 282
 1063. 125 275
 1068. -46 276
 1073.  59 286
 1078. -78 276
 1083. 114 244
 1088. -62 272
 9999. 999 999
  180. 3626.
   51.   13.1
 3677.   26.6
 1628.   9 273
 1633.  12 274
 1638.  14 274
 1643.  11 273
 1648.  12 273
 1653.  16 273
 1658.  14 274
 1663.  14 273
 1668.  16 273
 1673.  16 273
 1678.  16 274
 1683.  15 273
 1688.  16 273
 1693.  21 272
 1698.  18 274
 1703.  20 274
 1708.  23 274
 1713.  25 273
 1718.  25 274
 1723.  26 274
 1728.  27 273
 1733.  31 274
 1738.  29 274
 1743.  29 273
 1748.  33 274
 1753.  35 273
 1758.  34 274
 1763.  33 274
 1768.  33 273
 1773.  36 274
 1778.  41 274
 1783.  43 276
 1788.  42 274
 1793.  46 273
 1798.  47 274
 1803.  50 273
 1808.  53 274
 1813.  54 274
 1818.  58 273
 1823.  59 273
 1828.  63 273
 1833.  66 274
 1838.  66 274
 1843.  66 273
 1848.  72 274
 1853.  71 273
 1858.  79 274
 1863.  81 273
 1868.  81 274
 1873.  85 273
 1878.  89 273
 1883.  89 273
 1888.  96 274
 1893.  96 273
 1898. 101 273
 1903. 103 274
 1908. 112 274
 1913. 115 274
 1918. 117 273
 1923. 122 274
 1928. 127 274
 1933. 133 273
 1938.-134 274
 1943.-127 273
 1948.-117 273
 1953.-116 274
 1958.-110 275
 1963.-104 274
 1968. -92 274
 1973. -86 272
 1978. -78 272
 1983. -65 274
 1988. -60 274
 1993. -45 273
 1998. -36 273
 2003. -29 273
 2008.  -8 273
 2013.   2 273
 2018.  18 274
 2023.  33 274
 2028.  48 273
 2033.  69 274
 2038.  86 275
 2043. 108 275
 2048. 129 276
 2053.-121 274
 2058.-100 275
 2063. -71 276
 2068. -45 275
 2073. -15 274
 2078.  14 275
 2083.  48 274
 2088.  86 273
 2093. 124 275
 2098.-107 275
 2103. -65 275
 2108. -19 275
 2113.  29 274
 2118.  82 276
 2123.-139 277
 2128. -78 276
 2133. -12 276
 2138.  53 277
 2143. 129 277
 2148. -73 275
 2153.  16 276
 2158.  95 278
 2163. -82 274
 2168.  10 280
 2173. 127 283
 2178. -34 276
 2183. 234 230
 2188. -38 278
 9999. 999 999
  180. 3626.
   51.   13.1
 3677.   26.6
 2829.  14 273
 2834.  21 274
 2839.  20 274
 2844.  24 274
 2849.  25 273
 2854.  23 274
 2859.  22 274
 2864.  26 273
 2869.  28 274
 2874.  26 273
 2879.  32 274
 2884.  32 273
 2889.  34 273
 2894.  37 274
 2899.  39 273
 2904.  40 273
 2909.  42 273
 2914.  43 274
 2919.  44 274
 2924.  46 274
 2929.  48 275
 2934.  53 273
 2939.  53 273
 2944.  54 274
 2949.  59 274
 2954.  64 274
 2959.  63 274
 2964.  68 272
 2969.  70 275
 2974.  73 275
 2979.  71 274
 2984.  77 273
 2989.  82 274
 2994.  85 274
 2999.  89 274
 3004.  90 274
 3009.  96 274
 3014.  99 273
 3019. 106 273
 3024. 110 274
 3029. 112 274
 3034. 121 275
 3039. 119 273
 3044. 131 275
 3049.-136 274
 3054.-132 274
 3059.-129 274
 3064.-119 273
 3069.-113 274
 3074.-106 275
 3079. -98 275
 3084. -90 274
 3089. -81 274
 3094. -76 273
 3099. -62 274
 3104. -53 273
 3109. -48 273
 3114. -36 273
 3119. -28 274
 3124.  -9 276
 3129.  -2 274
 3134.  10 274
 3139.  28 275
 3144.  44 275
 3149.  68 275
 3154.  84 274
 3159. 103 274
 3164. 123 275
 3169.-128 275
 3174.-105 275
 3179. -80 276
 3184. -54 274
 3189. -23 275
 3194.   5 275
 3199.  42 276
 3204.  71 275
 3209. 112 275
 3214.-124 275
 3219. -81 276
 3224. -38 277
 3229.  12 274
 3234.  59 274
 3239. 119 276
 3244. -94 276
 3249. -31 276
 3254.  36 275
 3259. 111 277
 3264. -80 273
 3269.   2 278
 3274.  90 279
 3279. -88 277
 3284.  18 277
 3289. 123 276
 3294. -48 288
 3299. 129 280
 9999. 999 999
