
 114 274.3
  182. 3626.
  508.    1.
  513.    1.
  518.    1.
  523.    2.
  528.    3.
  533.    4.
  538.    6.
  543.    7.
  548.    9.
  553.   10.
  558.   10.
  563.   11.
  568.   11.
  573.   12.
  578.   13.
  583.   14.
  588.   14.
  593.   15.
  598.   16.
  603.   17.
  608.   18.
  613.   19.
  618.   20.
  623.   21.
  628.   22.
  633.   24.
  638.   25.
  643.   26.
  648.   27.
  653.   28.
  658.   29.
  663.   30.
  668.   32.
  673.   33.
  678.   34.
  683.   36.
  688.   38.
  693.   39.
  698.   41.
  703.   43.
  708.   46.
  713.   48.
  718.   50.
  723.   53.
  728.   55.
  733.   58.
  738.   60.
  743.   63.
  748.   66.
  753.   68.
  758.   71.
  763.   75.
  768.   78.
  773.   81.
  778.   85.
  783.   89.
  788.   93.
  793.   97.
  798.  100.
  803.  107.
  808.  113.
  813.  116.
  818.  122.
  823.  126.
  828.  133.
  833.  138.
  838.  147.
  843.  153.
  848.  161.
  853.  167.
  858.  175.
  863.  183.
  868.  193.
  873.  204.
  878.  218.
  883.  230.
  888.  240.
  893.  253.
  898.  265.
  903.  282.
  908.  295.
  913.  308.
  918.  326.
  923.  347.
  928.  365.
  933.  385.
  938.  408.
  943.  432.
  948.  456.
  953.  484.
  958.  511.
  963.  539.
  968.  568.
  973.  603.
  978.  638.
  983.  676.
  988.  714.
  993.  761.
  998.  802.
 1003.  847.
 1008.  905.
 1013.  955.
 1018. 1015.
 1023. 1077.
 1028. 1142.
 1033. 1209.
 1038. 1288.
 1043. 1363.
 1048. 1447.
 1053. 1533.
 1058. 1629.
 1063. 1727.
 1068. 1829.
 1073. 1949.
 107 273.8
  182. 3626.
 1643.    1.
 1648.    1.
 1653.    2.
 1658.    2.
 1663.    3.
 1668.    4.
 1673.    5.
 1678.    6.
 1683.    6.
 1688.    7.
 1693.    7.
 1698.    8.
 1703.    9.
 1708.   10.
 1713.   10.
 1718.   12.
 1723.   13.
 1728.   14.
 1733.   15.
 1738.   16.
 1743.   17.
 1748.   19.
 1753.   20.
 1758.   21.
 1763.   22.
 1768.   24.
 1773.   26.
 1778.   27.
 1783.   29.
 1788.   30.
 1793.   31.
 1798.   33.
 1803.   34.
 1808.   36.
 1813.   37.
 1818.   38.
 1823.   40.
 1828.   42.
 1833.   45.
 1838.   48.
 1843.   51.
 1848.   53.
 1853.   56.
 1858.   58.
 1863.   60.
 1868.   62.
 1873.   64.
 1878.   67.
 1883.   70.
 1888.   74.
 1893.   78.
 1898.   83.
 1903.   87.
 1908.   92.
 1913.   96.
 1918.  101.
 1923.  106.
 1928.  111.
 1933.  116.
 1938.  122.
 1943.  129.
 1948.  136.
 1953.  141.
 1958.  149.
 1963.  155.
 1968.  165.
 1973.  173.
 1978.  182.
 1983.  194.
 1988.  201.
 1993.  211.
 1998.  224.
 2003.  233.
 2008.  246.
 2013.  262.
 2018.  276.
 2023.  291.
 2028.  307.
 2033.  324.
 2038.  344.
 2043.  363.
 2048.  384.
 2053.  410.
 2058.  433.
 2063.  460.
 2068.  488.
 2073.  515.
 2078.  548.
 2083.  580.
 2088.  614.
 2093.  655.
 2098.  692.
 2103.  737.
 2108.  782.
 2113.  832.
 2118.  884.
 2123.  942.
 2128.  997.
 2133. 1062.
 2138. 1129.
 2143. 1204.
 2148. 1287.
 2153. 1371.
 2158. 1463.
 2163. 1556.
 2168. 1655.
 2173. 1764.
  94 274.3
  182. 3626.
 2835.    1.
 2840.    2.
 2845.    3.
 2850.    4.
 2855.    5.
 2860.    7.
 2865.    8.
 2870.    9.
 2875.    9.
 2880.   10.
 2885.   10.
 2890.   11.
 2895.   11.
 2900.   12.
 2905.   13.
 2910.   15.
 2915.   16.
 2920.   18.
 2925.   19.
 2930.   21.
 2935.   23.
 2940.   25.
 2945.   28.
 2950.   30.
 2955.   32.
 2960.   35.
 2965.   38.
 2970.   41.
 2975.   44.
 2980.   47.
 2985.   50.
 2990.   52.
 2995.   55.
 3000.   59.
 3005.   62.
 3010.   66.
 3015.   71.
 3020.   75.
 3025.   79.
 3030.   83.
 3035.   88.
 3040.   92.
 3045.   96.
 3050.   99.
 3055.  106.
 3060.  112.
 3065.  116.
 3070.  124.
 3075.  131.
 3080.  142.
 3085.  148.
 3090.  158.
 3095.  161.
 3100.  169.
 3105.  181.
 3110.  189.
 3115.  203.
 3120.  210.
 3125.  229.
 3130.  244.
 3135.  254.
 3140.  269.
 3145.  288.
 3150.  305.
 3155.  317.
 3160.  341.
 3165.  362.
 3170.  383.
 3175.  405.
 3180.  432.
 3185.  462.
 3190.  482.
 3195.  515.
 3200.  548.
 3205.  577.
 3210.  616.
 3215.  654.
 3220.  697.
 3225.  746.
 3230.  795.
 3235.  854.
 3240.  905.
 3245.  976.
 3250. 1030.
 3255. 1092.
 3260. 1169.
 3265. 1243.
 3270. 1335.
 3275. 1422.
 3280. 1522.
 3285. 1634.
 3290. 1754.
 3295. 1861.
 3300. 1993.
