
  182. 3626.
   51.   11.1
 3677.   16.8
  508.  17 274
  513.   9 273
  518.  16 274
  523.  14 273
  528.  20 273
  533.  20 274
  538.  21 274
  543.  23 274
  548.  24 274
  553.  22 274
  558.  24 273
  563.  27 274
  568.  29 274
  573.  30 274
  578.  28 274
  583.  32 274
  588.  35 274
  593.  34 274
  598.  36 274
  603.  35 274
  608.  37 273
  613.  39 274
  618.  41 274
  623.  41 274
  628.  43 275
  633.  46 274
  638.  47 274
  643.  46 274
  648.  47 274
  653.  50 274
  658.  49 274
  663.  52 274
  668.  55 274
  673.  56 275
  678.  58 273
  683.  58 274
  688.  60 274
  693.  63 275
  698.  64 274
  703.  67 274
  708.  69 274
  713.  72 273
  718.  74 274
  723.  78 274
  728.  80 274
  733.  82 274
  738.  86 274
  743.  89 274
  748.  92 274
  753.  94 274
  758.  98 274
  763. 105 274
  768. 108 274
  773. 111 274
  778. 117 274
  783. 120 275
  788. 126 275
  793. 130 274
  798. 133 274
  803.-134 274
  808.-128 274
  813.-124 274
  818.-118 274
  823.-113 274
  828.-106 274
  833.-101 274
  838. -92 274
  843. -86 275
  848. -78 274
  853. -71 274
  858. -63 274
  863. -55 274
  868. -45 274
  873. -34 274
  878. -21 274
  883.  -9 274
  888.   2 274
  893.  15 274
  898.  28 273
  903.  46 274
  908.  59 274
  913.  73 274
  918.  91 274
  923. 113 275
  928. 131 275
  933.-122 274
  938. -99 274
  943. -75 275
  948. -51 274
  953. -22 274
  958.   5 274
  963.  34 274
  968.  63 275
  973.  99 275
  978. 134 275
  983.-102 275
  988. -63 275
  993. -15 275
  998.  27 275
 1003.  73 275
 1008. 132 276
 1013. -92 276
 1018. -31 275
 1023.  32 276
 1028.  98 276
 1033.-110 277
 1038. -32 275
 1043.  43 277
 1048. 127 278
 1053. -61 276
 1058.  36 277
 1063. 135 277
 1068. -37 279
 1073.  83 278
 1078. -96 286
 1083.  28 291
 9999. 999 999
  182. 3626.
   51.   11.1
 3677.   16.8
 1628.   2 273
 1633.   5 273
 1638.   9 273
 1643.   7 272
 1648.   7 273
 1653.   7 273
 1658.   4 274
 1663.   9 274
 1668.   6 274
 1673.   9 273
 1678.   8 273
 1683.  10 273
 1688.  10 273
 1693.  13 273
 1698.  12 273
 1703.  15 274
 1708.  15 273
 1713.  16 273
 1718.  19 274
 1723.  20 274
 1728.  20 274
 1733.  21 274
 1738.  23 273
 1743.  25 273
 1748.  26 273
 1753.  26 274
 1758.  27 274
 1763.  32 273
 1768.  31 274
 1773.  35 274
 1778.  34 273
 1783.  37 273
 1788.  39 274
 1793.  43 274
 1798.  43 273
 1803.  44 273
 1808.  47 274
 1813.  49 273
 1818.  50 274
 1823.  52 273
 1828.  54 274
 1833.  58 274
 1838.  57 273
 1843.  62 273
 1848.  65 274
 1853.  69 274
 1858.  69 274
 1863.  72 273
 1868.  74 274
 1873.  75 273
 1878.  76 273
 1883.  83 273
 1888.  83 274
 1893.  92 274
 1898.  95 274
 1903.  98 274
 1908. 102 273
 1913. 105 274
 1918. 112 274
 1923. 112 273
 1928. 120 273
 1933. 125 274
 1938. 129 273
 1943.-136 274
 1948.-129 273
 1953.-124 274
 1958.-116 273
 1963.-110 273
 1968.-100 274
 1973. -93 274
 1978. -84 274
 1983. -72 273
 1988. -65 274
 1993. -55 273
 1998. -41 274
 2003. -32 274
 2008. -19 274
 2013.  -3 274
 2018.  11 273
 2023.  26 274
 2028.  43 273
 2033.  60 274
 2038.  80 274
 2043.  99 275
 2048. 119 274
 2053.-129 275
 2058.-106 275
 2063. -79 274
 2068. -52 275
 2073. -25 274
 2078.   8 275
 2083.  40 274
 2088.  74 275
 2093. 116 275
 2098.-120 275
 2103. -75 275
 2108. -30 274
 2113.  21 274
 2118.  73 274
 2123. 131 275
 2128. -88 275
 2133. -23 276
 2138.  44 275
 2143. 118 276
 2148. -73 275
 2153.  11 276
 2158. 104 278
 2163. -98 283
 2168.  24 276
 2173. 134 278
 2178. -37 276
 2183.  96 300
 2188. -39 274
 9999. 999 999
  182. 3626.
   51.   11.1
 3677.   16.8
 2830.   7 273
 2835.  11 273
 2840.   9 273
 2845.  14 273
 2850.  12 273
 2855.  13 273
 2860.  16 274
 2865.  21 274
 2870.  16 274
 2875.  22 273
 2880.  19 273
 2885.  23 273
 2890.  25 274
 2895.  24 273
 2900.  28 274
 2905.  32 273
 2910.  32 273
 2915.  32 273
 2920.  34 273
 2925.  38 274
 2930.  42 274
 2935.  42 273
 2940.  44 273
 2945.  50 275
 2950.  49 274
 2955.  55 273
 2960.  56 274
 2965.  62 274
 2970.  61 275
 2975.  66 273
 2980.  71 274
 2985.  71 273
 2990.  73 274
 2995.  80 274
 3000.  80 274
 3005.  83 273
 3010.  90 274
 3015.  93 274
 3020. 100 274
 3025. 103 274
 3030. 111 274
 3035. 115 275
 3040. 115 273
 3045. 123 275
 3050. 126 274
 3055. 134 274
 3060.-134 275
 3065.-130 275
 3070.-122 275
 3075.-115 275
 3080.-105 273
 3085. -98 274
 3090. -88 275
 3095. -84 275
 3100. -76 275
 3105. -64 274
 3110. -56 274
 3115. -41 273
 3120. -34 274
 3125. -15 273
 3130.   0 274
 3135.  12 273
 3140.  27 274
 3145.  46 276
 3150.  64 275
 3155.  77 275
 3160. 100 276
 3165. 122 274
 3170.-130 274
 3175.-107 273
 3180. -80 276
 3185. -50 274
 3190. -29 274
 3195.   3 274
 3200.  36 274
 3205.  65 275
 3210. 105 277
 3215.-132 275
 3220. -89 275
 3225. -40 274
 3230.   9 274
 3235.  68 276
 3240. 119 278
 3245. -83 275
 3250. -28 274
 3255.  35 275
 3260. 113 279
 3265. -86 281
 3270.   6 277
 3275.  92 279
 3280. -83 276
 3285.  29 274
 3290.-125 276
 3295. -17 274
 3300. 117 275
 9999. 999 999
3190. -29 999
