
 113 274.2
  180. 3626.
  518.    1.
  523.    1.
  528.    1.
  533.    2.
  538.    3.
  543.    4.
  548.    5.
  553.    6.
  558.    6.
  563.    7.
  568.    8.
  573.    9.
  578.   10.
  583.   11.
  588.   11.
  593.   12.
  598.   13.
  603.   14.
  608.   14.
  613.   15.
  618.   16.
  623.   17.
  628.   19.
  633.   20.
  638.   21.
  643.   22.
  648.   23.
  653.   24.
  658.   25.
  663.   26.
  668.   27.
  673.   29.
  678.   31.
  683.   33.
  688.   35.
  693.   37.
  698.   38.
  703.   40.
  708.   42.
  713.   44.
  718.   46.
  723.   47.
  728.   50.
  733.   52.
  738.   54.
  743.   57.
  748.   59.
  753.   62.
  758.   65.
  763.   69.
  768.   72.
  773.   75.
  778.   79.
  783.   83.
  788.   87.
  793.   91.
  798.   95.
  803.   98.
  808.  103.
  813.  106.
  818.  113.
  823.  119.
  828.  125.
  833.  132.
  838.  138.
  843.  145.
  848.  152.
  853.  161.
  858.  171.
  863.  179.
  868.  190.
  873.  200.
  878.  209.
  883.  226.
  888.  235.
  893.  246.
  898.  262.
  903.  277.
  908.  290.
  913.  308.
  918.  327.
  923.  342.
  928.  362.
  933.  388.
  938.  408.
  943.  430.
  948.  453.
  953.  480.
  958.  502.
  963.  528.
  968.  562.
  973.  597.
  978.  628.
  983.  664.
  988.  702.
  993.  751.
  998.  792.
 1003.  838.
 1008.  893.
 1013.  943.
 1018. 1005.
 1023. 1067.
 1028. 1132.
 1033. 1198.
 1038. 1271.
 1043. 1351.
 1048. 1432.
 1053. 1526.
 1058. 1617.
 1063. 1718.
 1068. 1820.
 1073. 1925.
 1078. 2062.
 106 274.0
  180. 3626.
 1653.    1.
 1658.    2.
 1663.    3.
 1668.    3.
 1673.    4.
 1678.    4.
 1683.    5.
 1688.    6.
 1693.    6.
 1698.    6.
 1703.    7.
 1708.    8.
 1713.    8.
 1718.    9.
 1723.    9.
 1728.   11.
 1733.   12.
 1738.   13.
 1743.   13.
 1748.   14.
 1753.   14.
 1758.   14.
 1763.   15.
 1768.   16.
 1773.   17.
 1778.   18.
 1783.   19.
 1788.   21.
 1793.   23.
 1798.   25.
 1803.   27.
 1808.   30.
 1813.   33.
 1818.   35.
 1823.   38.
 1828.   39.
 1833.   41.
 1838.   44.
 1843.   46.
 1848.   48.
 1853.   51.
 1858.   54.
 1863.   58.
 1868.   61.
 1873.   64.
 1878.   66.
 1883.   69.
 1888.   72.
 1893.   75.
 1898.   80.
 1903.   84.
 1908.   88.
 1913.   94.
 1918.   97.
 1923.  101.
 1928.  106.
 1933.  112.
 1938.  119.
 1943.  125.
 1948.  131.
 1953.  136.
 1958.  142.
 1963.  149.
 1968.  161.
 1973.  167.
 1978.  176.
 1983.  186.
 1988.  197.
 1993.  209.
 1998.  220.
 2003.  231.
 2008.  243.
 2013.  255.
 2018.  271.
 2023.  286.
 2028.  301.
 2033.  322.
 2038.  339.
 2043.  361.
 2048.  383.
 2053.  407.
 2058.  427.
 2063.  457.
 2068.  483.
 2073.  513.
 2078.  542.
 2083.  576.
 2088.  614.
 2093.  651.
 2098.  694.
 2103.  736.
 2108.  782.
 2113.  830.
 2118.  884.
 2123.  936.
 2128.  997.
 2133. 1063.
 2138. 1128.
 2143. 1203.
 2148. 1275.
 2153. 1365.
 2158. 1444.
 2163. 1541.
 2168. 1632.
 2173. 1749.
 2178. 1862.
  91 274.4
  180. 3626.
 2834.    1.
 2839.    1.
 2844.    2.
 2849.    1.
 2854.    1.
 2859.    1.
 2864.    1.
 2869.    2.
 2874.    3.
 2879.    4.
 2884.    6.
 2889.    8.
 2894.    9.
 2899.   11.
 2904.   13.
 2909.   14.
 2914.   16.
 2919.   17.
 2924.   18.
 2929.   19.
 2934.   21.
 2939.   23.
 2944.   25.
 2949.   27.
 2954.   29.
 2959.   31.
 2964.   33.
 2969.   35.
 2974.   38.
 2979.   41.
 2984.   44.
 2989.   47.
 2994.   50.
 2999.   54.
 3004.   58.
 3009.   63.
 3014.   66.
 3019.   70.
 3024.   74.
 3029.   79.
 3034.   83.
 3039.   88.
 3044.   93.
 3049.   99.
 3054.  105.
 3059.  108.
 3064.  118.
 3069.  124.
 3074.  130.
 3079.  136.
 3084.  143.
 3089.  152.
 3094.  161.
 3099.  171.
 3104.  180.
 3109.  189.
 3114.  199.
 3119.  205.
 3124.  217.
 3129.  228.
 3134.  241.
 3139.  255.
 3144.  270.
 3149.  295.
 3154.  311.
 3159.  330.
 3164.  351.
 3169.  375.
 3174.  397.
 3179.  420.
 3184.  446.
 3189.  476.
 3194.  504.
 3199.  542.
 3204.  572.
 3209.  614.
 3214.  652.
 3219.  695.
 3224.  738.
 3229.  788.
 3234.  835.
 3239.  894.
 3244.  955.
 3249. 1018.
 3254. 1083.
 3259. 1157.
 3264. 1241.
 3269. 1323.
 3274. 1411.
 3279. 1509.
 3284. 1614.
