
  58  0.241607E+05
   1  5.9862  0.354   74459.   73971.  102774.
   2  5.9885  0.369   74466.   75012.  102725.
   3  5.9908  0.386   74508.   76051.  102677.
   4  5.9931  0.403   74590.   77090.  102628.
   5  5.9955  0.421   74712.   78128.  102580.
   6  5.9978  0.441   74881.   79166.  102531.
   7  6.0001  0.462   75090.   80188.  102483.
   8  6.0024  0.484   75331.   81212.  102435.
   9  6.0047  0.507   75604.   82224.  102386.
  10  6.0070  0.532   75906.   83213.  102338.
  11  6.0093  0.558   76239.   84173.  102290.
  12  6.0117  0.586   76603.   85106.  102173.
  13  6.0140  0.615   76998.   86010.  102007.
  14  6.0163  0.647   77418.   86876.  101789.
  15  6.0186  0.680   77856.   87687.  101522.
  16  6.0209  0.716   78314.   88432.  101207.
  17  6.0232  0.753   78787.   89110.  100851.
  18  6.0255  0.793   79272.   89718.  100464.
  19  6.0279  0.836   79765.   90257.  100061.
  20  6.0302  0.881   80257.   90731.   99661.
  21  6.0325  0.928   80749.   91137.   99283.
  22  6.0348  0.979   81241.   91479.   98943.
  23  6.0371  1.032   81728.   91769.   98659.
  24  6.0394  1.089   82205.   92016.   98444.
  25  6.0417  1.148   82673.   92230.   98310.
  26  6.0441  1.212   83127.   92416.   98265.
  27  6.0464  1.278   83568.   92586.   98314.
  28  6.0487  1.349   83999.   92757.   98460.
  29  6.0510  1.423   84419.   92941.   98700.
  30  6.0533  1.502   84827.   93149.   99031.
  31  6.0556  1.585   85227.   93392.   99443.
  32  6.0579  1.674   85620.   93668.   99926.
  33  6.0603  1.767   86012.   93978.  100467.
  34  6.0626  1.866   86403.   94324.  101055.
  35  6.0649  1.972   86797.   94706.  101676.
  36  6.0672  2.083   87196.   95119.  102318.
  37  6.0695  2.202   87596.   95556.  102967.
  38  6.0718  2.328   88000.   96013.  103615.
  39  6.0741  2.462   88409.   96487.  104252.
  40  6.0765  2.604   88824.   96973.  104871.
  41  6.0788  2.756   89248.   97467.  105468.
  42  6.0811  2.918   89678.   97966.  106040.
  43  6.0834  3.089   90114.   98467.  106586.
  44  6.0857  3.272   90558.   98963.  107103.
  45  6.0880  3.467   91005.   99454.  107587.
  46  6.0903  3.675   91457.   99938.  108036.
  47  6.0927  3.896   91911.  100418.  108449.
  48  6.0950  4.132   92369.  100894.  108825.
  49  6.0973  4.384   92831.  101366.  109196.
  50  6.0996  4.652   93295.  101838.  109566.
  51  6.1019  4.938   93762.  102309.  109936.
  52  6.1042  5.243   94231.  102780.  110306.
  53  6.1065  5.568   94704.  103251.  110675.
  54  6.1089  5.916   95178.  103721.  111044.
  55  6.1112  6.287   95655.  104191.  111413.
  56  6.1135  6.683   96134.  104660.  111782.
  57  6.1158  7.107   96615.  105130.  112150.
  58  6.1181  7.560   97097.  105599.  112518.
  55  0.241607E+05
   1  6.5023  0.351   75453.   69339.   86959.
   2  6.5046  0.366   75203.   70082.   87536.
   3  6.5069  0.383   74984.   70825.   88111.
   4  6.5093  0.400   74805.   71567.   88687.
   5  6.5116  0.418   74672.   72309.   89262.
   6  6.5139  0.438   74585.   73050.   89836.
   7  6.5162  0.458   74540.   73777.   90411.
   8  6.5185  0.480   74527.   74517.   90985.
   9  6.5208  0.503   74545.   75253.   91558.
  10  6.5231  0.527   74593.   75982.   92131.
  11  6.5255  0.553   74671.   76717.   92703.
  12  6.5278  0.581   74780.   77466.   93251.
  13  6.5301  0.610   74920.   78234.   93825.
  14  6.5324  0.640   75086.   79013.   94418.
  15  6.5347  0.673   75283.   79799.   95020.
  16  6.5370  0.707   75513.   80583.   95620.
  17  6.5393  0.744   75772.   81361.   96206.
  18  6.5417  0.783   76054.   82129.   96770.
  19  6.5440  0.825   76359.   82892.   97305.
  20  6.5463  0.869   76686.   83648.   97808.
  21  6.5486  0.916   77031.   84401.   98274.
  22  6.5509  0.966   77396.   85158.   98700.
  23  6.5532  1.020   77781.   85921.   99081.
  24  6.5555  1.076   78187.   86683.   99414.
  25  6.5579  1.137   78615.   87436.   99700.
  26  6.5602  1.201   79067.   88171.   99937.
  27  6.5625  1.270   79535.   88881.  100127.
  28  6.5648  1.344   80019.   89554.  100273.
  29  6.5671  1.422   80515.   90190.  100380.
  30  6.5694  1.505   81016.   90785.  100453.
  31  6.5717  1.594   81522.   91341.  100498.
  32  6.5741  1.689   82034.   91861.  100524.
  33  6.5764  1.790   82547.   92348.  100538.
  34  6.5787  1.898   83064.   92806.  100547.
  35  6.5810  2.012   83581.   93240.  100560.
  36  6.5833  2.135   84096.   93633.  100583.
  37  6.5856  2.265   84606.   93991.  100624.
  38  6.5880  2.404   85110.   94322.  100689.
  39  6.5903  2.552   85610.   94632.  100780.
  40  6.5926  2.709   86105.   94931.  100902.
  41  6.5949  2.877   86575.   95225.  101053.
  42  6.5972  3.055   87041.   95521.  101229.
  43  6.5995  3.246   87502.   95823.  101425.
  44  6.6018  3.449   87960.   96134.  101633.
  45  6.6042  3.665   88414.   96457.  101848.
  46  6.6065  3.896   88864.   96797.  102103.
  47  6.6088  4.143   89310.   97137.  102358.
  48  6.6111  4.406   89753.   97476.  102612.
  49  6.6134  4.687   90192.   97816.  102867.
  50  6.6157  4.988   90628.   98155.  103121.
  51  6.6180  5.308   91061.   98493.  103375.
  52  6.6204  5.651   91490.   98832.  103629.
  53  6.6227  6.017   91917.   99170.  103882.
  54  6.6250  6.409   92341.   99508.  104136.
  55  6.6273  6.828   92761.   99846.  104389.
  50  0.241607E+05
   1  7.0258  0.364   77552.   74895.   59761.
   2  7.0282  0.383   77443.   74530.   61717.
   3  7.0305  0.402   77309.   74165.   63672.
   4  7.0328  0.423   77142.   73801.   65625.
   5  7.0351  0.444   76951.   73437.   67577.
   6  7.0374  0.467   76753.   73073.   69528.
   7  7.0397  0.490   76541.   72772.   71477.
   8  7.0420  0.515   76326.   72580.   73426.
   9  7.0444  0.540   76118.   72504.   75373.
  10  7.0467  0.567   75922.   72542.   77318.
  11  7.0490  0.596   75741.   72695.   79263.
  12  7.0513  0.625   75579.   72972.   81096.
  13  7.0536  0.657   75442.   73374.   82997.
  14  7.0559  0.690   75331.   73901.   84930.
  15  7.0582  0.726   75254.   74554.   86855.
  16  7.0606  0.763   75217.   75331.   88730.
  17  7.0629  0.803   75224.   76220.   90510.
  18  7.0652  0.846   75284.   77207.   92168.
  19  7.0675  0.891   75396.   78264.   93677.
  20  7.0698  0.940   75563.   79361.   95015.
  21  7.0721  0.992   75782.   80472.   96165.
  22  7.0744  1.049   76051.   81575.   97121.
  23  7.0768  1.109   76368.   82648.   97885.
  24  7.0791  1.173   76720.   83680.   98465.
  25  7.0814  1.242   77106.   84660.   98875.
  26  7.0837  1.316   77522.   85584.   99135.
  27  7.0860  1.395   77968.   86451.   99268.
  28  7.0883  1.480   78436.   87261.   99298.
  29  7.0906  1.571   78924.   88015.   99251.
  30  7.0930  1.669   79428.   88709.   99153.
  31  7.0953  1.773   79945.   89304.   99029.
  32  7.0976  1.885   80469.   89812.   98901.
  33  7.0999  2.004   80998.   90250.   98791.
  34  7.1022  2.132   81525.   90634.   98714.
  35  7.1045  2.269   82051.   90980.   98682.
  36  7.1069  2.413   82526.   91304.   98702.
  37  7.1092  2.568   83002.   91624.   98772.
  38  7.1115  2.733   83478.   91954.   98888.
  39  7.1138  2.910   83953.   92308.   99043.
  40  7.1161  3.099   84429.   92692.   99230.
  41  7.1184  3.302   84904.   93117.   99496.
  42  7.1207  3.519   85379.   93541.   99762.
  43  7.1231  3.752   85855.   93964.  100028.
  44  7.1254  4.001   86329.   94387.  100293.
  45  7.1277  4.267   86804.   94811.  100559.
  46  7.1300  4.554   87278.   95233.  100824.
  47  7.1323  4.860   87752.   95656.  101089.
  48  7.1346  5.189   88226.   96078.  101353.
  49  7.1369  5.543   88699.   96500.  101618.
  50  7.1393  5.922   89172.   96922.  101882.
