
 137 274.3
  181. 3627.
  457.    3.
  462.    2.
  467.    2.
  472.    1.
  477.    1.
  482.    1.
  487.    1.
  492.    1.
  497.    2.
  502.    3.
  507.    3.
  512.    5.
  517.    6.
  522.    6.
  527.    7.
  532.    8.
  537.    8.
  542.    7.
  547.    7.
  552.    7.
  557.    7.
  562.    7.
  567.    7.
  572.    7.
  577.    8.
  582.    9.
  587.    9.
  592.   11.
  597.   11.
  602.   12.
  607.   13.
  612.   14.
  617.   15.
  622.   15.
  627.   16.
  632.   16.
  637.   16.
  642.   16.
  647.   17.
  652.   18.
  657.   18.
  662.   19.
  667.   21.
  672.   22.
  677.   23.
  682.   23.
  687.   24.
  692.   25.
  697.   26.
  702.   26.
  707.   27.
  712.   28.
  717.   29.
  722.   30.
  727.   32.
  732.   33.
  737.   34.
  742.   35.
  747.   37.
  752.   38.
  757.   39.
  762.   41.
  767.   43.
  772.   44.
  777.   45.
  782.   47.
  787.   49.
  792.   51.
  797.   53.
  802.   54.
  807.   56.
  812.   59.
  817.   62.
  822.   65.
  827.   67.
  832.   69.
  837.   72.
  842.   74.
  847.   77.
  852.   80.
  857.   84.
  862.   87.
  867.   91.
  872.   96.
  877.   99.
  882.  105.
  887.  110.
  892.  116.
  897.  122.
  902.  129.
  907.  137.
  912.  142.
  917.  153.
  922.  158.
  927.  168.
  932.  176.
  937.  182.
  942.  193.
  947.  206.
  952.  215.
  957.  227.
  962.  239.
  967.  254.
  972.  268.
  977.  282.
  982.  304.
  987.  318.
  992.  334.
  997.  354.
 1002.  374.
 1007.  394.
 1012.  419.
 1017.  445.
 1022.  467.
 1027.  497.
 1032.  528.
 1037.  562.
 1042.  596.
 1047.  630.
 1052.  669.
 1057.  713.
 1062.  757.
 1067.  799.
 1072.  855.
 1077.  905.
 1082.  962.
 1087. 1025.
 1092. 1086.
 1097. 1162.
 1102. 1225.
 1107. 1305.
 1112. 1395.
 1117. 1471.
 1122. 1578.
 1127. 1682.
 1132. 1778.
 1137. 1899.
 135 273.9
  181. 3627.
 1589.    1.
 1594.    2.
 1599.    2.
 1604.    3.
 1609.    3.
 1614.    3.
 1619.    3.
 1624.    4.
 1629.    4.
 1634.    5.
 1639.    6.
 1644.    7.
 1649.    7.
 1654.    8.
 1659.    8.
 1664.    9.
 1669.    9.
 1674.    9.
 1679.   10.
 1684.   10.
 1689.   10.
 1694.   11.
 1699.   12.
 1704.   13.
 1709.   13.
 1714.   13.
 1719.   14.
 1724.   14.
 1729.   14.
 1734.   15.
 1739.   15.
 1744.   15.
 1749.   15.
 1754.   15.
 1759.   16.
 1764.   17.
 1769.   18.
 1774.   19.
 1779.   20.
 1784.   21.
 1789.   22.
 1794.   23.
 1799.   23.
 1804.   24.
 1809.   25.
 1814.   26.
 1819.   26.
 1824.   27.
 1829.   28.
 1834.   29.
 1839.   31.
 1844.   32.
 1849.   33.
 1854.   34.
 1859.   36.
 1864.   37.
 1869.   39.
 1874.   40.
 1879.   41.
 1884.   43.
 1889.   44.
 1894.   46.
 1899.   48.
 1904.   49.
 1909.   50.
 1914.   52.
 1919.   53.
 1924.   55.
 1929.   57.
 1934.   59.
 1939.   61.
 1944.   64.
 1949.   67.
 1954.   71.
 1959.   74.
 1964.   78.
 1969.   81.
 1974.   84.
 1979.   87.
 1984.   90.
 1989.   93.
 1994.   98.
 1999.  102.
 2004.  108.
 2009.  112.
 2014.  118.
 2019.  123.
 2024.  125.
 2029.  133.
 2034.  138.
 2039.  149.
 2044.  159.
 2049.  170.
 2054.  178.
 2059.  186.
 2064.  196.
 2069.  208.
 2074.  219.
 2079.  228.
 2084.  245.
 2089.  258.
 2094.  275.
 2099.  290.
 2104.  306.
 2109.  325.
 2114.  347.
 2119.  367.
 2124.  387.
 2129.  411.
 2134.  439.
 2139.  464.
 2144.  495.
 2149.  527.
 2154.  560.
 2159.  597.
 2164.  636.
 2169.  674.
 2174.  718.
 2179.  764.
 2184.  814.
 2189.  868.
 2194.  925.
 2199.  984.
 2204. 1051.
 2209. 1122.
 2214. 1195.
 2219. 1275.
 2224. 1365.
 2229. 1454.
 2234. 1548.
 2239. 1656.
 2244. 1754.
 2249. 1890.
 2254. 2019.
 2259. 2138.
 120 274.1
  181. 3627.
 2756.    1.
 2761.    1.
 2766.    2.
 2771.    2.
 2776.    2.
 2781.    2.
 2786.    3.
 2791.    3.
 2796.    4.
 2801.    4.
 2806.    4.
 2811.    5.
 2816.    5.
 2821.    6.
 2826.    7.
 2831.    8.
 2836.    8.
 2841.    9.
 2846.   10.
 2851.   11.
 2856.   12.
 2861.   12.
 2866.   13.
 2871.   14.
 2876.   14.
 2881.   15.
 2886.   17.
 2891.   18.
 2896.   18.
 2901.   20.
 2906.   20.
 2911.   21.
 2916.   22.
 2921.   23.
 2926.   24.
 2931.   25.
 2936.   27.
 2941.   28.
 2946.   29.
 2951.   31.
 2956.   32.
 2961.   33.
 2966.   34.
 2971.   36.
 2976.   37.
 2981.   39.
 2986.   41.
 2991.   42.
 2996.   44.
 3001.   45.
 3006.   46.
 3011.   48.
 3016.   48.
 3021.   50.
 3026.   51.
 3031.   53.
 3036.   55.
 3041.   59.
 3046.   61.
 3051.   64.
 3056.   66.
 3061.   69.
 3066.   72.
 3071.   74.
 3076.   77.
 3081.   81.
 3086.   84.
 3091.   88.
 3096.   92.
 3101.   96.
 3106.   99.
 3111.  102.
 3116.  107.
 3121.  115.
 3126.  117.
 3131.  124.
 3136.  127.
 3141.  135.
 3146.  138.
 3151.  148.
 3156.  154.
 3161.  159.
 3166.  168.
 3171.  179.
 3176.  184.
 3181.  198.
 3186.  207.
 3191.  224.
 3196.  234.
 3201.  245.
 3206.  259.
 3211.  273.
 3216.  294.
 3221.  312.
 3226.  332.
 3231.  354.
 3236.  371.
 3241.  391.
 3246.  411.
 3251.  443.
 3256.  467.
 3261.  500.
 3266.  531.
 3271.  570.
 3276.  607.
 3281.  650.
 3286.  694.
 3291.  740.
 3296.  791.
 3301.  845.
 3306.  890.
 3311.  949.
 3316. 1034.
 3321. 1097.
 3326. 1178.
 3331. 1264.
 3336. 1353.
 3341. 1457.
 3346. 1549.
 3351. 1656.
