
  180. 3626.
   51.   25.1
 3677.   11.5
  453.   8 274
  458.  -1 274
  463.   0 274
  468.   2 274
  473.   1 274
  478.   2 274
  483.  -1 275
  488.   1 274
  493.   1 273
  498.   3 274
  503.   3 274
  508.   4 273
  513.   6 274
  518.   4 274
  523.   4 274
  528.   9 274
  533.   8 274
  538.   6 274
  543.   8 274
  548.  11 274
  553.  11 274
  558.  13 274
  563.  13 274
  568.  15 274
  573.  14 274
  578.  16 274
  583.  15 274
  588.  20 274
  593.  22 274
  598.  23 274
  603.  24 274
  608.  25 274
  613.  25 274
  618.  28 274
  623.  26 273
  628.  27 274
  633.  29 274
  638.  29 274
  643.  30 274
  648.  32 274
  653.  32 274
  658.  35 275
  663.  35 274
  668.  36 274
  673.  37 275
  678.  39 274
  683.  41 273
  688.  43 274
  693.  44 274
  698.  42 274
  703.  48 275
  708.  46 275
  713.  49 273
  718.  48 274
  723.  51 274
  728.  55 274
  733.  56 274
  738.  60 274
  743.  63 274
  748.  64 274
  753.  68 275
  758.  70 274
  763.  73 274
  768.  77 275
  773.  79 274
  778.  80 274
  783.  87 274
  788.  90 274
  793.  92 274
  798.  96 274
  803. 100 274
  808. 105 275
  813. 110 274
  818. 110 274
  823. 112 274
  828. 120 274
  833. 124 274
  838. 126 274
  843. 131 274
  848. 135 274
  853.-131 274
  858.-128 274
  863.-123 274
  868.-117 274
  873.-110 274
  878.-106 273
  883. -99 274
  888. -92 275
  893. -86 274
  898. -74 275
  903. -69 274
  908. -56 274
  913. -51 274
  918. -40 274
  923. -31 274
  928. -20 274
  933. -11 274
  938.   2 274
  943.  15 274
  948.  29 273
  953.  43 274
  958.  56 274
  963.  70 275
  968.  86 275
  973.  98 275
  978. 119 275
  983.-135 274
  988.-120 275
  993. -97 275
  998. -79 274
 1003. -55 275
 1008. -34 274
 1013.  -8 274
 1018.  18 274
 1023.  40 275
 1028.  71 274
 1033.  98 275
 1038. 130 275
 1043.-113 275
 1048. -81 274
 1053. -45 274
 1058. -12 275
 1063.  30 274
 1068.  71 275
 1073. 113 276
 1078.-116 275
 1083. -70 276
 1088. -23 276
 1093.  34 275
 1098.  87 278
 1103.-130 276
 1108. -72 277
 1113. -11 276
 1118.  60 275
 1123. 131 276
 1128. -66 277
 1133.   8 277
 1138.  96 278
 1143.-106 283
 1148.   1 276
 1153.  94 280
 1158. -79 280
 1163.  45 274
 9999. 999 999
  180. 3626.
   51.   25.1
 3677.   11.5
 1582.  26 273
 1587.  16 274
 1592.  17 274
 1597.  16 273
 1602.  16 272
 1607.  14 273
 1612.  15 273
 1617.  18 273
 1622.  15 274
 1627.  19 274
 1632.  18 273
 1637.  20 273
 1642.  19 273
 1647.  20 273
 1652.  20 274
 1657.  18 273
 1662.  21 273
 1667.  15 273
 1672.  19 273
 1677.  20 274
 1682.  19 274
 1687.  22 273
 1692.  24 274
 1697.  23 274
 1702.  21 274
 1707.  21 274
 1712.  24 274
 1717.  23 274
 1722.  24 274
 1727.  24 274
 1732.  24 273
 1737.  30 274
 1742.  28 274
 1747.  26 274
 1752.  30 273
 1757.  31 274
 1762.  31 274
 1767.  31 274
 1772.  32 273
 1777.  34 274
 1782.  37 274
 1787.  36 273
 1792.  37 275
 1797.  41 274
 1802.  42 274
 1807.  44 274
 1812.  44 274
 1817.  51 274
 1822.  48 272
 1827.  49 273
 1832.  50 274
 1837.  52 274
 1842.  57 273
 1847.  55 274
 1852.  60 274
 1857.  59 274
 1862.  65 274
 1867.  62 274
 1872.  65 274
 1877.  65 274
 1882.  68 273
 1887.  71 274
 1892.  74 274
 1897.  76 274
 1902.  79 274
 1907.  81 274
 1912.  85 274
 1917.  87 274
 1922.  90 274
 1927.  91 273
 1932.  95 273
 1937. 101 274
 1942. 105 273
 1947. 108 274
 1952. 110 273
 1957. 116 274
 1962. 121 274
 1967. 126 274
 1972. 129 274
 1977.-136 274
 1982.-133 275
 1987.-123 275
 1992.-116 274
 1997.-111 274
 2002.-105 275
 2007. -98 274
 2012. -86 274
 2017. -81 274
 2022. -70 274
 2027. -64 274
 2032. -55 275
 2037. -45 274
 2042. -30 274
 2047. -20 273
 2052.  -7 273
 2057.   1 274
 2062.  17 275
 2067.  32 274
 2072.  43 274
 2077.  59 274
 2082.  72 275
 2087.  88 274
 2092. 109 275
 2097. 126 275
 2102.-127 275
 2107.-106 276
 2112. -84 274
 2117. -57 274
 2122. -35 275
 2127.  -6 274
 2132.  18 274
 2137.  49 275
 2142.  78 275
 2147. 112 274
 2152.-131 275
 2157. -94 275
 2162. -53 274
 2167. -16 273
 2172.  26 275
 2177.  74 275
 2182. 118 274
 2187.-102 275
 2192. -57 274
 2197.   2 275
 2202.  63 275
 2207. 124 276
 2212. -88 276
 2217. -20 275
 2222.  49 275
 2227. 127 277
 2232. -65 275
 2237.  14 277
 2242. 102 281
 2247. -78 279
 2252.  31 276
 2257.-140 280
 2262. -14 274
 2267.-240 516
 2272. -67 278
 2277.  83 273
 2282. -42 268
 9999. 999 999
  180. 3626.
   51.   25.1
 3677.   11.5
 2735.  19 273
 2740.  12 274
 2745.  13 274
 2750.  15 273
 2755.  17 274
 2760.  15 273
 2765.  14 273
 2770.  17 272
 2775.  17 273
 2780.  20 273
 2785.  18 274
 2790.  21 273
 2795.  23 273
 2800.  24 273
 2805.  23 274
 2810.  21 274
 2815.  26 274
 2820.  26 274
 2825.  23 274
 2830.  25 273
 2835.  28 273
 2840.  26 274
 2845.  30 272
 2850.  28 275
 2855.  27 274
 2860.  30 273
 2865.  31 274
 2870.  29 274
 2875.  34 273
 2880.  31 273
 2885.  34 274
 2890.  38 274
 2895.  31 274
 2900.  32 274
 2905.  37 275
 2910.  36 273
 2915.  36 273
 2920.  39 274
 2925.  44 273
 2930.  40 274
 2935.  43 273
 2940.  43 274
 2945.  45 274
 2950.  47 273
 2955.  52 273
 2960.  50 273
 2965.  56 274
 2970.  54 273
 2975.  56 275
 2980.  58 272
 2985.  65 275
 2990.  65 273
 2995.  69 275
 3000.  73 276
 3005.  75 274
 3010.  79 274
 3015.  81 275
 3020.  81 274
 3025.  89 274
 3030.  89 274
 3035.  96 274
 3040. 104 273
 3045. 103 274
 3050. 107 275
 3055. 112 274
 3060. 115 275
 3065. 119 274
 3070. 127 275
 3075. 133 275
 3080. 135 274
 3085.-132 274
 3090.-126 274
 3095.-124 275
 3100.-116 275
 3105.-103 275
 3110. -99 275
 3115. -93 274
 3120. -86 274
 3125. -77 275
 3130. -65 275
 3135. -56 274
 3140. -43 274
 3145. -31 274
 3150. -25 274
 3155. -13 274
 3160.   1 275
 3165.  14 274
 3170.  27 274
 3175.  44 275
 3180.  60 275
 3185.  75 274
 3190.  88 274
 3195. 114 274
 3200. 126 273
 3205.-123 274
 3210.-105 276
 3215. -81 276
 3220. -58 275
 3225. -36 274
 3230. -12 275
 3235.  20 274
 3240.  46 275
 3245.  73 275
 3250. 110 276
 3255.-130 275
 3260. -93 274
 3265. -57 275
 3270. -16 274
 3275.  29 275
 3280.  78 275
 3285. 128 277
 3290. -93 276
 3295. -42 277
 3300.  14 276
 3305.  74 276
 3310. 135 278
 3315. -71 276
 3320.   5 275
 3325.  82 276
 3330.-109 274
 3335. -28 275
 3340.  69 277
 3345.-108 275
 3350. -11 275
 3355.  94 276
 3360. -72 285
 3365.  38 284
 9999. 999 999
