
  54  0.242260E+05
   1  6.0223  0.357   68465.   78766.  105579.
   2  6.0246  0.373   68857.   79863.  105321.
   3  6.0269  0.391   69294.   80960.  105064.
   4  6.0292  0.410   69773.   82055.  104807.
   5  6.0316  0.430   70289.   83150.  104550.
   6  6.0339  0.451   70837.   84244.  104293.
   7  6.0362  0.474   71411.   85286.  104036.
   8  6.0385  0.498   72008.   86233.  103780.
   9  6.0408  0.523   72620.   87085.  103524.
  10  6.0431  0.550   73244.   87859.  103268.
  11  6.0454  0.579   73872.   88569.  103012.
  12  6.0478  0.610   74510.   89222.  102824.
  13  6.0501  0.642   75151.   89832.  102669.
  14  6.0524  0.677   75792.   90408.  102559.
  15  6.0547  0.713   76438.   90953.  102500.
  16  6.0570  0.752   77087.   91471.  102501.
  17  6.0593  0.793   77732.   91961.  102569.
  18  6.0616  0.836   78377.   92435.  102698.
  19  6.0640  0.882   79019.   92894.  102890.
  20  6.0663  0.931   79654.   93342.  103142.
  21  6.0686  0.983   80283.   93792.  103450.
  22  6.0709  1.038   80908.   94256.  103804.
  23  6.0732  1.097   81534.   94734.  104193.
  24  6.0755  1.159   82153.   95236.  104603.
  25  6.0778  1.225   82773.   95762.  105023.
  26  6.0802  1.295   83397.   96307.  105442.
  27  6.0825  1.370   84023.   96866.  105850.
  28  6.0848  1.449   84652.   97434.  106240.
  29  6.0871  1.534   85285.   98005.  106607.
  30  6.0894  1.624   85920.   98565.  106948.
  31  6.0917  1.721   86556.   99107.  107262.
  32  6.0940  1.823   87193.   99627.  107550.
  33  6.0964  1.933   87832.  100120.  107813.
  34  6.0987  2.049   88466.  100583.  108057.
  35  6.1010  2.173   89095.  101011.  108286.
  36  6.1033  2.305   89717.  101411.  108506.
  37  6.1056  2.446   90331.  101786.  108723.
  38  6.1079  2.596   90935.  102146.  108943.
  39  6.1102  2.756   91530.  102499.  109172.
  40  6.1126  2.926   92109.  102850.  109411.
  41  6.1149  3.108   92681.  103204.  109657.
  42  6.1172  3.301   93247.  103562.  109909.
  43  6.1195  3.507   93807.  103929.  110164.
  44  6.1218  3.728   94361.  104303.  110416.
  45  6.1241  3.963   94908.  104685.  110703.
  46  6.1264  4.213   95451.  105066.  110989.
  47  6.1288  4.481   95987.  105448.  111275.
  48  6.1311  4.767   96518.  105828.  111561.
  49  6.1334  5.073   97044.  106209.  111847.
  50  6.1357  5.399   97565.  106589.  112133.
  51  6.1380  5.748   98081.  106969.  112418.
  52  6.1403  6.121   98592.  107349.  112703.
  53  6.1426  6.519   99098.  107728.  112988.
  54  6.1450  6.946   99600.  108107.  113273.
  54  0.242260E+05
   1  6.5417  0.365   60389.   68817.  101501.
   2  6.5440  0.381   60736.   70068.  101673.
   3  6.5463  0.399   61117.   71318.  101846.
   4  6.5486  0.417   61526.   72568.  102018.
   5  6.5509  0.437   61966.   73816.  102190.
   6  6.5532  0.457   62434.   75064.  102362.
   7  6.5555  0.479   62934.   76310.  102534.
   8  6.5579  0.503   63475.   77557.  102706.
   9  6.5602  0.528   64054.   78798.  102877.
  10  6.5625  0.555   64671.   80022.  103049.
  11  6.5648  0.584   65320.   81217.  103220.
  12  6.5671  0.615   65992.   82374.  103341.
  13  6.5694  0.648   66683.   83480.  103441.
  14  6.5717  0.683   67398.   84545.  103518.
  15  6.5741  0.721   68136.   85569.  103569.
  16  6.5764  0.761   68895.   86557.  103593.
  17  6.5787  0.803   69673.   87505.  103588.
  18  6.5810  0.849   70467.   88404.  103560.
  19  6.5833  0.898   71278.   89240.  103516.
  20  6.5856  0.950   72099.   90012.  103466.
  21  6.5879  1.006   72925.   90721.  103416.
  22  6.5903  1.065   73750.   91373.  103375.
  23  6.5926  1.129   74573.   91978.  103348.
  24  6.5949  1.196   75391.   92547.  103342.
  25  6.5972  1.268   76205.   93093.  103358.
  26  6.5995  1.345   77013.   93626.  103399.
  27  6.6018  1.427   77816.   94149.  103464.
  28  6.6041  1.515   78615.   94664.  103550.
  29  6.6065  1.608   79410.   95169.  103655.
  30  6.6088  1.708   80199.   95664.  103779.
  31  6.6111  1.815   80982.   96149.  103918.
  32  6.6134  1.929   81755.   96625.  104072.
  33  6.6157  2.051   82519.   97093.  104237.
  34  6.6180  2.181   83274.   97552.  104413.
  35  6.6204  2.320   84020.   97982.  104597.
  36  6.6227  2.468   84758.   98386.  104790.
  37  6.6250  2.627   85489.   98768.  104991.
  38  6.6273  2.798   86214.   99129.  105202.
  39  6.6296  2.980   86926.   99474.  105422.
  40  6.6319  3.173   87601.   99805.  105652.
  41  6.6342  3.381   88265.  100128.  105887.
  42  6.6366  3.602   88917.  100447.  106125.
  43  6.6389  3.839   89558.  100772.  106362.
  44  6.6412  4.093   90188.  101112.  106595.
  45  6.6435  4.365   90808.  101471.  106856.
  46  6.6458  4.656   91417.  101830.  107117.
  47  6.6481  4.967   92016.  102189.  107377.
  48  6.6504  5.301   92605.  102547.  107638.
  49  6.6528  5.658   93185.  102905.  107898.
  50  6.6551  6.041   93756.  103263.  108158.
  51  6.6574  6.452   94318.  103621.  108418.
  52  6.6597  6.892   94872.  103978.  108678.
  53  6.6620  7.364   95417.  104335.  108937.
  54  6.6643  7.871   95954.  104692.  109197.
  51  0.242260E+05
   1  7.0541  0.364   56345.   58489.   78558.
   2  7.0564  0.378   56448.   59276.   79929.
   3  7.0587  0.394   56573.   60062.   81299.
   4  7.0610  0.410   56722.   60848.   82669.
   5  7.0633  0.428   56894.   61633.   84038.
   6  7.0657  0.446   57081.   62418.   85405.
   7  7.0680  0.465   57292.   63252.   86772.
   8  7.0703  0.486   57524.   64149.   88138.
   9  7.0726  0.507   57784.   65126.   89503.
  10  7.0749  0.530   58073.   66198.   90868.
  11  7.0772  0.554   58400.   67364.   92231.
  12  7.0795  0.580   58760.   68615.   93414.
  13  7.0819  0.608   59159.   69937.   94573.
  14  7.0842  0.638   59604.   71307.   95683.
  15  7.0865  0.670   60098.   72692.   96718.
  16  7.0888  0.704   60631.   74070.   97656.
  17  7.0911  0.740   61212.   75426.   98472.
  18  7.0934  0.780   61829.   76744.   99166.
  19  7.0957  0.822   62482.   78011.   99741.
  20  7.0981  0.867   63159.   79226.  100206.
  21  7.1004  0.915   63862.   80391.  100571.
  22  7.1027  0.967   64594.   81499.  100852.
  23  7.1050  1.022   65353.   82557.  101067.
  24  7.1073  1.082   66135.   83567.  101235.
  25  7.1096  1.146   66935.   84532.  101375.
  26  7.1119  1.214   67752.   85449.  101504.
  27  7.1143  1.287   68580.   86320.  101638.
  28  7.1166  1.365   69415.   87152.  101791.
  29  7.1189  1.449   70258.   87952.  101971.
  30  7.1212  1.539   71108.   88725.  102185.
  31  7.1235  1.635   71965.   89474.  102440.
  32  7.1258  1.738   72827.   90200.  102736.
  33  7.1281  1.849   73695.   90909.  103075.
  34  7.1305  1.968   74565.   91602.  103455.
  35  7.1328  2.095   75434.   92284.  103875.
  36  7.1351  2.231   76300.   92959.  104332.
  37  7.1374  2.378   77162.   93632.  104818.
  38  7.1397  2.535   78025.   94306.  105322.
  39  7.1420  2.704   78889.   94988.  105833.
  40  7.1443  2.886   79755.   95678.  106340.
  41  7.1467  3.081   80622.   96378.  106835.
  42  7.1490  3.292   81489.   97083.  107370.
  43  7.1513  3.518   82357.   97787.  107904.
  44  7.1536  3.762   83225.   98491.  108438.
  45  7.1559  4.025   84094.   99195.  108972.
  46  7.1582  4.309   84961.   99898.  109506.
  47  7.1605  4.615   85829.  100601.  110039.
  48  7.1629  4.945   86696.  101303.  110572.
  49  7.1652  5.301   87562.  102005.  111104.
  50  7.1675  5.686   88427.  102707.  111636.
  51  7.1698  6.102   89291.  103408.  112168.
