
  182. 3630.
   51.   24.3
 3681.   16.4
  449.  21 274
  454.  15 274
  459.  19 274
  464.  21 273
  469.  21 275
  474.  21 275
  479.  20 274
  484.  20 274
  489.  20 274
  494.  19 274
  499.  21 274
  504.  23 274
  509.  22 275
  514.  23 275
  519.  21 274
  524.  20 275
  529.  22 275
  534.  22 274
  539.  26 275
  544.  22 274
  549.  24 275
  554.  24 274
  559.  26 274
  564.  26 275
  569.  29 274
  574.  26 274
  579.  25 275
  584.  26 275
  589.  28 274
  594.  29 275
  599.  28 274
  604.  29 274
  609.  26 273
  614.  27 275
  619.  27 274
  624.  31 274
  629.  31 274
  634.  30 273
  639.  30 276
  644.  33 274
  649.  32 273
  654.  33 274
  659.  32 274
  664.  34 274
  669.  32 274
  674.  32 275
  679.  35 273
  684.  32 275
  689.  32 274
  694.  33 274
  699.  31 274
  704.  34 274
  709.  33 274
  714.  29 274
  719.  30 274
  724.  34 274
  729.  33 274
  734.  30 274
  739.  31 275
  744.  35 273
  749.  34 273
  754.  40 274
  759.  39 275
  764.  37 274
  769.  36 274
  774.  37 274
  779.  38 275
  784.  40 273
  789.  41 274
  794.  40 274
  799.  41 275
  804.  42 274
  809.  40 274
  814.  46 274
  819.  44 274
  824.  47 275
  829.  42 274
  834.  45 274
  839.  48 275
  844.  45 274
  849.  45 274
  854.  45 274
  859.  45 275
  864.  47 274
  869.  46 275
  874.  46 274
  879.  45 276
  884.  46 274
  889.  47 275
  894.  45 273
  899.  45 273
  904.  47 274
  909.  49 274
  914.  46 274
  919.  47 275
  924.  52 274
  929.  47 274
  934.  48 274
  939.  50 274
  944.  52 274
  949.  49 273
  954.  51 274
  959.  51 274
  964.  53 274
  969.  53 275
  974.  52 274
  979.  52 274
  984.  52 274
  989.  56 275
  994.  56 275
  999.  58 274
 1004.  57 274
 1009.  61 274
 1014.  56 273
 1019.  62 274
 1024.  58 275
 1029.  60 274
 1034.  63 274
 1039.  62 274
 1044.  61 275
 1049.  64 274
 1054.  57 274
 1059.  63 275
 1064.  61 273
 1069.  64 275
 1074.  64 275
 1079.  64 274
 1084.  65 275
 1089.  65 275
 1094.  67 275
 1099.  68 276
 1104.  65 275
 1109.  67 275
 1114.  63 274
 1119.  64 275
 1124.  67 275
 1129.  67 275
 1134.  69 275
 1139.  65 275
 1144.  71 275
 1149.  67 274
 1154.  67 274
 1159.  66 274
 1164.  62 274
 9999. 999 999
  182. 3630.
   51.   24.3
 3681.   16.4
 1579.  18 274
 1584.  11 275
 1589.   9 273
 1594.  13 273
 1599.  11 274
 1604.   8 273
 1609.  12 275
 1614.  14 274
 1619.   9 273
 1624.  12 273
 1629.  11 274
 1634.   9 272
 1639.  12 274
 1644.   8 274
 1649.  13 272
 1654.  12 273
 1659.   6 274
 1664.   9 274
 1669.  11 272
 1674.  12 273
 1679.   8 274
 1684.  11 273
 1689.  11 274
 1694.  10 273
 1699.   8 273
 1704.   5 274
 1709.   8 273
 1714.   5 274
 1719.   7 273
 1724.   5 274
 1729.   8 274
 1734.   7 273
 1739.   9 274
 1744.   5 272
 1749.   8 274
 1754.   5 276
 1759.   8 273
 1764.   8 274
 1769.   8 273
 1774.   4 274
 1779.  10 274
 1784.   7 273
 1789.   8 274
 1794.   6 273
 1799.  12 274
 1804.   8 273
 1809.   9 273
 1814.   8 274
 1819.   7 273
 1824.   9 273
 1829.  11 274
 1834.   7 274
 1839.  13 275
 1844.  15 274
 1849.  11 274
 1854.  11 274
 1859.  13 274
 1864.  11 273
 1869.  10 274
 1874.  15 274
 1879.  14 273
 1884.  10 274
 1889.   7 275
 1894.   9 273
 1899.   9 274
 1904.  11 274
 1909.  10 274
 1914.  11 274
 1919.  12 274
 1924.   7 274
 1929.   8 274
 1934.   6 273
 1939.   7 274
 1944.  10 274
 1949.   8 273
 1954.   8 273
 1959.   7 273
 1964.   8 273
 1969.   5 274
 1974.   7 275
 1979.   6 275
 1984.   6 275
 1989.   7 274
 1994.   5 274
 1999.  10 274
 2004.   5 273
 2009.   7 274
 2014.   7 274
 2019.   4 274
 2024.   7 274
 2029.   6 274
 2034.   8 273
 2039.  14 273
 2044.   8 275
 2049.  10 275
 2054.   8 273
 2059.  10 273
 2064.   8 274
 2069.  11 273
 2074.   7 274
 2079.   8 273
 2084.   9 274
 2089.  12 274
 2094.   6 275
 2099.   7 274
 2104.   8 274
 2109.   6 275
 2114.   6 273
 2119.  11 274
 2124.   8 274
 2129.   7 273
 2134.   9 275
 2139.   9 273
 2144.   5 274
 2149.   8 273
 2154.   9 273
 2159.  10 274
 2164.   9 274
 2169.   9 275
 2174.   9 273
 2179.   9 272
 2184.   9 274
 2189.   9 273
 2194.  12 274
 2199.  10 274
 2204.  12 274
 2209.   7 275
 2214.  15 274
 2219.  11 275
 2224.  11 273
 2229.  15 274
 2234.  14 274
 2239.  14 273
 2244.  15 274
 2249.  14 273
 2254.  16 273
 2259.  14 274
 2264.  18 274
 2269.  15 274
 2274.  15 274
 2279.  13 272
 2284.  17 274
 2289.  13 273
 2294.  13 274
 2299.  18 274
 2304.  17 275
 2309.  20 273
 2314.  30 274
 9999. 999 999
  182. 3630.
   51.   24.3
 3681.   16.4
 2734.  30 272
 2739.  17 273
 2744.  20 273
 2749.  20 274
 2754.  21 274
 2759.  21 273
 2764.  21 275
 2769.  22 275
 2774.  22 273
 2779.  25 275
 2784.  20 274
 2789.  21 273
 2794.  22 274
 2799.  29 274
 2804.  22 275
 2809.  24 273
 2814.  24 274
 2819.  26 273
 2824.  27 274
 2829.  22 274
 2834.  26 274
 2839.  21 274
 2844.  23 273
 2849.  23 274
 2854.  23 274
 2859.  20 274
 2864.  22 272
 2869.  24 274
 2874.  25 275
 2879.  18 274
 2884.  24 274
 2889.  19 274
 2894.  20 274
 2899.  19 273
 2904.  19 274
 2909.  15 274
 2914.  17 274
 2919.  17 273
 2924.  18 274
 2929.  17 276
 2934.  20 274
 2939.  17 275
 2944.  15 273
 2949.  15 275
 2954.  22 275
 2959.  14 273
 2964.  17 274
 2969.  19 274
 2974.  15 274
 2979.  15 273
 2984.  19 274
 2989.  16 274
 2994.  22 275
 2999.  16 275
 3004.  16 274
 3009.  17 273
 3014.  19 275
 3019.  18 274
 3024.  20 274
 3029.  20 273
 3034.  23 276
 3039.  18 276
 3044.  22 274
 3049.  19 273
 3054.  21 275
 3059.  23 274
 3064.  20 275
 3069.  21 274
 3074.  25 272
 3079.  22 274
 3084.  25 274
 3089.  25 274
 3094.  27 273
 3099.  24 274
 3104.  23 274
 3109.  25 275
 3114.  25 275
 3119.  21 274
 3124.  23 273
 3129.  28 274
 3134.  25 274
 3139.  19 274
 3144.  22 273
 3149.  29 275
 3154.  28 276
 3159.  25 274
 3164.  29 274
 3169.  30 276
 3174.  28 273
 3179.  31 277
 3184.  31 273
 3189.  31 274
 3194.  31 274
 3199.  30 273
 3204.  31 274
 3209.  33 274
 3214.  34 273
 3219.  29 274
 3224.  30 274
 3229.  30 274
 3234.  37 274
 3239.  35 274
 3244.  31 274
 3249.  36 275
 3254.  32 274
 3259.  38 274
 3264.  34 274
 3269.  31 274
 3274.  35 275
 3279.  31 274
 3284.  34 276
 3289.  38 274
 3294.  33 274
 3299.  33 274
 3304.  42 275
 3309.  38 274
 3314.  40 274
 3319.  38 275
 3324.  40 275
 3329.  40 274
 3334.  38 274
 3339.  37 274
 3344.  41 273
 3349.  38 275
 3354.  40 275
 3359.  41 274
 3364.  42 274
 3369.  39 274
 3374.  40 275
 3379.  40 274
 3384.  40 273
 3389.  41 273
 3394.  43 275
 3399.  40 273
 3404.  41 273
 3409.  39 274
 3414.  44 273
 3419.  42 274
 3424.  40 273
 3429.  45 273
 3434.  42 273
 3439.  46 273
 3444.  40 272
 3449.  45 274
 3454.  45 274
 9999. 999 999
