
  182. 3630.
   51.   30.6
 3681.    6.1
  448.  14 273
  453.   6 274
  458.   7 274
  463.   7 274
  468.   8 275
  473.   9 275
  478.  10 273
  483.  10 275
  488.  11 275
  493.  13 275
  498.  10 274
  503.   9 274
  508.   9 273
  513.  11 274
  518.  12 275
  523.  11 274
  528.  10 274
  533.  11 275
  538.  13 274
  543.  15 274
  548.  14 274
  553.  13 274
  558.  14 274
  563.  15 274
  568.  14 274
  573.  15 274
  578.  16 274
  583.  16 274
  588.  15 274
  593.  18 274
  598.  18 274
  603.  17 274
  608.  14 274
  613.  16 274
  618.  17 274
  623.  15 274
  628.  16 274
  633.  19 274
  638.  18 274
  643.  18 274
  648.  17 274
  653.  18 274
  658.  21 274
  663.  19 274
  668.  20 274
  673.  17 274
  678.  18 274
  683.  19 274
  688.  21 274
  693.  22 274
  698.  18 274
  703.  19 274
  708.  19 274
  713.  20 274
  718.  18 275
  723.  21 274
  728.  23 274
  733.  22 274
  738.  20 274
  743.  23 274
  748.  22 275
  753.  24 274
  758.  26 273
  763.  26 275
  768.  25 274
  773.  26 274
  778.  25 274
  783.  28 274
  788.  29 274
  793.  30 274
  798.  30 275
  803.  28 274
  808.  30 275
  813.  30 274
  818.  30 274
  823.  29 275
  828.  29 274
  833.  31 274
  838.  32 275
  843.  32 274
  848.  33 274
  853.  33 274
  858.  31 274
  863.  31 274
  868.  30 274
  873.  34 274
  878.  33 275
  883.  31 274
  888.  33 274
  893.  32 274
  898.  34 274
  903.  35 274
  908.  33 274
  913.  33 274
  918.  34 274
  923.  35 274
  928.  33 274
  933.  36 273
  938.  37 274
  943.  38 274
  948.  38 274
  953.  36 274
  958.  39 274
  963.  38 275
  968.  38 274
  973.  41 274
  978.  42 275
  983.  40 274
  988.  40 274
  993.  43 274
  998.  45 273
 1003.  44 274
 1008.  45 274
 1013.  44 274
 1018.  47 274
 1023.  45 275
 1028.  47 274
 1033.  45 274
 1038.  46 274
 1043.  45 274
 1048.  44 274
 1053.  44 274
 1058.  48 274
 1063.  45 274
 1068.  48 274
 1073.  46 274
 1078.  46 274
 1083.  45 274
 1088.  50 275
 1093.  50 273
 1098.  51 274
 1103.  51 274
 1108.  48 274
 1113.  51 275
 1118.  49 274
 1123.  49 274
 1128.  54 275
 1133.  51 273
 1138.  53 274
 1143.  56 275
 1148.  54 274
 1153.  54 274
 1158.  58 275
 1163.  51 273
 9999. 999 999
  182. 3630.
   51.   30.6
 3681.    6.1
 1576.  21 273
 1581.   9 274
 1586.   8 274
 1591.   7 274
 1596.   9 273
 1601.   4 274
 1606.   2 273
 1611.   1 273
 1616.   3 273
 1621.   4 273
 1626.   4 273
 1631.   7 273
 1636.   5 273
 1641.   3 274
 1646.   3 272
 1651.   0 274
 1656.   1 273
 1661.  -2 273
 1666.   0 273
 1671.   1 273
 1676.  -1 274
 1681.   1 274
 1686.  -1 273
 1691.  -2 273
 1696.   1 273
 1701.  -2 273
 1706.   0 273
 1711.  -2 274
 1716.   0 273
 1721.  -1 273
 1726.   1 274
 1731.  -1 274
 1736.  -2 274
 1741.   0 274
 1746.   0 273
 1751.   0 273
 1756.   3 273
 1761.   0 273
 1766.   1 274
 1771.   2 274
 1776.   1 274
 1781.   2 274
 1786.   0 273
 1791.   1 274
 1796.   0 274
 1801.  -1 273
 1806.   2 274
 1811.   3 274
 1816.   0 274
 1821.   2 273
 1826.   2 274
 1831.   1 273
 1836.   3 274
 1841.   1 274
 1846.   0 273
 1851.  -2 273
 1856.   2 274
 1861.   1 274
 1866.  -2 273
 1871.  -3 274
 1876.   1 274
 1881.   1 274
 1886.  -1 274
 1891.   1 273
 1896.  -1 274
 1901.  -1 274
 1906.  -1 273
 1911.   0 274
 1916.   0 273
 1921.  -1 274
 1926.   1 273
 1931.   1 275
 1936.   0 272
 1941.  -2 273
 1946.   0 273
 1951.  -2 274
 1956.  -3 274
 1961.  -1 274
 1966.  -3 274
 1971.  -2 274
 1976.  -5 274
 1981.  -3 273
 1986.   1 275
 1991.  -1 274
 1996.  -2 273
 2001.  -2 274
 2006.   2 273
 2011.  -2 274
 2016.   0 274
 2021.   0 274
 2026.  -2 274
 2031.   1 274
 2036.   1 274
 2041.  -2 274
 2046.  -1 274
 2051.  -3 274
 2056.  -3 274
 2061.  -3 274
 2066.  -4 274
 2071.  -2 275
 2076.   0 275
 2081.   0 273
 2086.  -3 273
 2091.  -4 273
 2096.  -2 274
 2101.  -2 274
 2106.  -2 273
 2111.  -1 274
 2116.  -2 274
 2121.   0 274
 2126.   0 273
 2131.  -1 273
 2136.  -1 274
 2141.   0 274
 2146.   2 274
 2151.   2 274
 2156.  -1 274
 2161.  -1 274
 2166.   2 274
 2171.   2 274
 2176.   0 273
 2181.   1 274
 2186.  -1 275
 2191.   2 274
 2196.  -1 274
 2201.   2 273
 2206.   3 274
 2211.   6 273
 2216.   2 274
 2221.   1 274
 2226.   5 273
 2231.   3 274
 2236.  -1 274
 2241.   1 274
 2246.   4 274
 2251.   2 274
 2256.   0 273
 2261.   1 274
 2266.   2 274
 2271.   4 273
 2276.   7 274
 2281.   4 274
 2286.   8 273
 2291.   8 274
 2296.  11 274
 2301.   7 273
 2306.   9 274
 2311.  13 273
 2316.  19 272
 9999. 999 999
  182. 3630.
   51.   30.6
 3681.    6.1
 2735.  25 274
 2740.  14 274
 2745.  15 274
 2750.  18 274
 2755.  18 274
 2760.  18 274
 2765.  13 273
 2770.  19 274
 2775.  18 274
 2780.  18 274
 2785.  17 274
 2790.  19 273
 2795.  19 275
 2800.  19 274
 2805.  22 274
 2810.  22 275
 2815.  19 273
 2820.  20 274
 2825.  19 274
 2830.  21 274
 2835.  15 273
 2840.  18 273
 2845.  19 275
 2850.  20 274
 2855.  15 274
 2860.  17 274
 2865.  16 273
 2870.  16 274
 2875.  16 273
 2880.  16 274
 2885.  17 274
 2890.  16 274
 2895.  18 274
 2900.  14 274
 2905.  12 273
 2910.  12 273
 2915.  12 274
 2920.  12 276
 2925.  12 274
 2930.  13 274
 2935.  12 274
 2940.  14 274
 2945.  12 274
 2950.  12 274
 2955.  10 273
 2960.  13 274
 2965.  13 273
 2970.  15 273
 2975.  11 274
 2980.  12 274
 2985.  16 275
 2990.  14 274
 2995.  12 274
 3000.  11 273
 3005.  10 274
 3010.  11 274
 3015.  14 273
 3020.  12 274
 3025.  14 273
 3030.  14 275
 3035.  17 274
 3040.  15 274
 3045.  14 274
 3050.  15 273
 3055.  16 274
 3060.  16 274
 3065.  17 274
 3070.  17 273
 3075.  17 275
 3080.  19 275
 3085.  17 273
 3090.  17 275
 3095.  16 272
 3100.  20 275
 3105.  14 274
 3110.  20 274
 3115.  21 274
 3120.  18 274
 3125.  20 274
 3130.  22 274
 3135.  19 273
 3140.  18 275
 3145.  18 274
 3150.  22 273
 3155.  19 274
 3160.  23 275
 3165.  24 273
 3170.  24 274
 3175.  28 274
 3180.  27 274
 3185.  23 274
 3190.  26 275
 3195.  22 275
 3200.  25 274
 3205.  24 274
 3210.  25 274
 3215.  24 274
 3220.  24 274
 3225.  23 274
 3230.  25 275
 3235.  28 275
 3240.  24 275
 3245.  28 274
 3250.  28 275
 3255.  29 275
 3260.  29 273
 3265.  27 275
 3270.  24 274
 3275.  28 274
 3280.  30 274
 3285.  29 275
 3290.  31 273
 3295.  26 274
 3300.  32 274
 3305.  28 274
 3310.  30 275
 3315.  35 275
 3320.  31 275
 3325.  32 275
 3330.  32 274
 3335.  33 273
 3340.  33 275
 3345.  33 274
 3350.  33 275
 3355.  29 274
 3360.  30 274
 3365.  33 274
 3370.  31 274
 3375.  31 274
 3380.  32 274
 3385.  34 274
 3390.  33 275
 3395.  37 274
 3400.  34 274
 3405.  36 274
 3410.  34 274
 3415.  36 274
 3420.  33 273
 3425.  39 274
 3430.  39 275
 3435.  39 274
 3440.  38 274
 3445.  38 274
 3450.  39 275
 3455.  37 275
 9999. 999 999
