
  180. 3635.
   51.   18.8
 3686.    1.5
  454.  21 273
  459.  15 273
  464.  16 274
  469.  22 274
  474.  21 274
  479.  21 274
  484.  22 274
  489.  18 274
  494.  22 273
  499.  20 275
  504.  26 274
  509.  25 274
  514.  23 273
  519.  26 275
  524.  27 273
  529.  27 274
  534.  29 274
  539.  30 274
  544.  29 274
  549.  29 273
  554.  31 274
  559.  31 274
  564.  32 274
  569.  30 274
  574.  32 274
  579.  33 274
  584.  35 273
  589.  37 273
  594.  40 273
  599.  38 274
  604.  40 274
  609.  41 274
  614.  43 274
  619.  42 274
  624.  44 274
  629.  43 274
  634.  42 274
  639.  45 274
  644.  45 274
  649.  46 274
  654.  46 274
  659.  45 274
  664.  49 274
  669.  50 274
  674.  52 273
  679.  50 274
  684.  53 274
  689.  52 275
  694.  51 274
  699.  54 275
  704.  57 274
  709.  53 274
  714.  58 274
  719.  56 274
  724.  61 273
  729.  60 274
  734.  64 273
  739.  63 274
  744.  68 274
  749.  68 274
  754.  70 274
  759.  73 274
  764.  76 274
  769.  77 273
  774.  77 273
  779.  82 274
  784.  83 273
  789.  86 274
  794.  88 274
  799.  94 274
  804.  91 275
  809.  95 274
  814. 100 275
  819. 104 275
  824. 106 275
  829. 108 275
  834. 109 275
  839. 113 274
  844. 117 274
  849. 122 275
  854. 121 273
  859. 127 275
  864. 132 275
  869. 135 274
  874.-132 273
  879.-127 275
  884.-121 274
  889.-122 275
  894.-113 274
  899.-107 274
  904.-101 274
  909. -91 274
  914. -85 275
  919. -77 274
  924. -69 273
  929. -57 274
  934. -53 274
  939. -38 273
  944. -30 274
  949. -20 275
  954.  -5 274
  959.   8 273
  964.  20 274
  969.  37 274
  974.  51 274
  979.  67 274
  984.  84 274
  989. 103 274
  994. 119 274
  999.-133 274
 1004.-108 273
 1009. -89 275
 1014. -64 274
 1019. -30 273
 1024. -10 274
 1029.  20 275
 1034.  53 275
 1039.  84 275
 1044. 120 275
 1049.-116 275
 1054. -73 275
 1059. -32 275
 1064.  12 276
 1069.  62 276
 1074. 111 277
 1079.-107 277
 1084. -51 276
 1089.  19 274
 1094.  82 276
 1099.-125 278
 1104. -46 278
 1109.  32 276
 1114. 102 293
 1119. -62 280
 1124.  37 278
 1129.-128 275
 1134. -20 282
 1139.  81 282
 1144. -25 275
 1149.  70 282
 1154. -71 276
 9999. 999 999
  180. 3635.
   51.   18.8
 3686.    1.5
 1584.  13 273
 1589.  10 273
 1594.  11 272
 1599.  12 273
 1604.  10 272
 1609.  13 272
 1614.  11 273
 1619.  13 273
 1624.  17 273
 1629.  15 273
 1634.  15 273
 1639.  14 273
 1644.  14 273
 1649.  16 273
 1654.  15 273
 1659.  12 273
 1664.  12 274
 1669.  12 273
 1674.  12 273
 1679.  13 273
 1684.  13 273
 1689.  14 274
 1694.  17 273
 1699.  15 272
 1704.  14 274
 1709.  16 273
 1714.  18 274
 1719.  13 274
 1724.  15 272
 1729.  15 273
 1734.  20 273
 1739.  16 274
 1744.  19 274
 1749.  19 274
 1754.  21 274
 1759.  20 274
 1764.  21 273
 1769.  23 273
 1774.  24 274
 1779.  25 273
 1784.  22 273
 1789.  21 273
 1794.  28 274
 1799.  29 274
 1804.  25 274
 1809.  27 273
 1814.  27 273
 1819.  31 273
 1824.  35 274
 1829.  33 273
 1834.  36 273
 1839.  38 273
 1844.  36 274
 1849.  36 273
 1854.  36 273
 1859.  42 273
 1864.  43 274
 1869.  44 274
 1874.  45 274
 1879.  42 274
 1884.  48 273
 1889.  48 274
 1894.  47 273
 1899.  50 274
 1904.  50 273
 1909.  53 273
 1914.  54 273
 1919.  59 273
 1924.  61 273
 1929.  64 272
 1934.  61 273
 1939.  63 272
 1944.  67 273
 1949.  66 273
 1954.  76 274
 1959.  75 272
 1964.  75 274
 1969.  81 273
 1974.  84 274
 1979.  89 274
 1984.  94 273
 1989.  98 273
 1994. 102 274
 1999. 104 274
 2004. 111 273
 2009. 115 274
 2014. 124 274
 2019. 128 274
 2024. 135 274
 2029.-136 274
 2034.-129 275
 2039.-123 274
 2044.-112 274
 2049.-102 273
 2054. -92 273
 2059. -86 275
 2064. -74 274
 2069. -62 274
 2074. -51 274
 2079. -42 274
 2084. -26 274
 2089.  -9 273
 2094.   2 274
 2099.  19 273
 2104.  37 275
 2109.  53 274
 2114.  76 276
 2119.  96 274
 2124. 121 275
 2129.-129 275
 2134.-107 276
 2139. -77 274
 2144. -45 273
 2149. -15 275
 2154.  21 274
 2159.  57 276
 2164.  95 276
 2169. 133 277
 2174. -94 275
 2179. -45 274
 2184.   6 276
 2189.  64 276
 2194. 118 277
 2199. -90 275
 2204. -35 275
 2209.  40 275
 2214. 132 269
 2219. -78 276
 2224.  13 274
 2229.  96 279
 2234. -60 275
 2239.  45 271
 2244. -99 254
 2249. -35 284
 2254. -78 273
 9999. 999 999
  180. 3635.
   51.   18.8
 3686.    1.5
 2738.   8 273
 2743.  10 273
 2748.  14 272
 2753.  17 272
 2758.  15 274
 2763.  17 273
 2768.  16 273
 2773.  16 275
 2778.  19 270
 2783.  16 273
 2788.  20 273
 2793.  17 274
 2798.  19 274
 2803.  22 273
 2808.  20 274
 2813.  21 273
 2818.  20 273
 2823.  24 272
 2828.  26 274
 2833.  25 273
 2838.  26 273
 2843.  21 274
 2848.  25 272
 2853.  25 273
 2858.  25 273
 2863.  28 274
 2868.  27 274
 2873.  30 273
 2878.  27 272
 2883.  29 272
 2888.  27 271
 2893.  29 273
 2898.  31 271
 2903.  30 274
 2908.  32 273
 2913.  29 274
 2918.  31 274
 2923.  34 274
 2928.  33 274
 2933.  40 272
 2938.  35 274
 2943.  36 272
 2948.  40 274
 2953.  37 274
 2958.  40 273
 2963.  43 274
 2968.  42 273
 2973.  41 272
 2978.  50 274
 2983.  48 273
 2988.  49 274
 2993.  52 273
 2998.  54 273
 3003.  56 273
 3008.  56 273
 3013.  55 274
 3018.  56 273
 3023.  63 273
 3028.  65 274
 3033.  71 275
 3038.  72 273
 3043.  73 275
 3048.  77 275
 3053.  76 275
 3058.  80 272
 3063.  83 273
 3068.  85 273
 3073.  90 275
 3078.  91 274
 3083.  95 273
 3088. 102 274
 3093. 104 275
 3098. 108 276
 3103. 109 277
 3108. 114 275
 3113. 120 274
 3118. 126 274
 3123. 132 273
 3128. 137 276
 3133.-127 274
 3138.-127 273
 3143.-115 274
 3148.-114 276
 3153.-104 274
 3158.-101 273
 3163. -90 274
 3168. -78 275
 3173. -71 273
 3178. -55 274
 3183. -46 273
 3188. -32 273
 3193. -24 274
 3198. -14 273
 3203.   5 274
 3208.  21 272
 3213.  33 274
 3218.  53 275
 3223.  72 275
 3228.  85 274
 3233. 112 275
 3238. 129 275
 3243.-115 273
 3248. -97 275
 3253. -64 275
 3258. -40 276
 3263.  -7 275
 3268.  31 275
 3273.  69 277
 3278. 110 272
 3283.-128 276
 3288. -85 276
 3293. -28 275
 3298.  24 275
 3303.  76 276
 3308. 131 278
 3313. -75 276
 3318.  -6 276
 3323.  72 277
 3328.-127 277
 3333. -39 276
 3338.  52 277
 3343. -51 249
 3348.  -6 272
 3353. 101 270
 9999. 999 999
