
  55  0.242260E+05
   1  6.0216  0.362   69406.   79770.  104598.
   2  6.0239  0.379   69827.   80792.  104496.
   3  6.0262  0.397   70275.   81814.  104395.
   4  6.0285  0.417   70743.   82835.  104293.
   5  6.0309  0.437   71250.   83855.  104192.
   6  6.0332  0.459   71787.   84874.  104091.
   7  6.0355  0.482   72351.   85846.  103989.
   8  6.0378  0.507   72938.   86759.  103888.
   9  6.0401  0.533   73534.   87618.  103787.
  10  6.0424  0.561   74147.   88402.  103686.
  11  6.0447  0.590   74768.   89128.  103585.
  12  6.0471  0.622   75398.   89809.  103517.
  13  6.0494  0.655   76027.   90453.  103467.
  14  6.0517  0.690   76670.   91071.  103438.
  15  6.0540  0.728   77312.   91660.  103434.
  16  6.0563  0.767   77956.   92228.  103458.
  17  6.0586  0.810   78605.   92775.  103511.
  18  6.0609  0.855   79253.   93305.  103590.
  19  6.0633  0.902   79898.   93812.  103697.
  20  6.0656  0.953   80544.   94311.  103833.
  21  6.0679  1.006   81187.   94800.  103998.
  22  6.0702  1.063   81826.   95282.  104189.
  23  6.0725  1.124   82463.   95760.  104403.
  24  6.0748  1.188   83096.   96233.  104635.
  25  6.0772  1.257   83728.   96698.  104882.
  26  6.0795  1.330   84360.   97151.  105139.
  27  6.0818  1.407   84989.   97593.  105403.
  28  6.0841  1.489   85612.   98022.  105673.
  29  6.0864  1.577   86229.   98442.  105946.
  30  6.0887  1.670   86841.   98859.  106222.
  31  6.0910  1.769   87443.   99274.  106500.
  32  6.0934  1.875   88039.   99688.  106780.
  33  6.0957  1.987   88630.  100102.  107061.
  34  6.0980  2.106   89217.  100513.  107344.
  35  6.1003  2.234   89808.  100923.  107629.
  36  6.1026  2.370   90391.  101325.  107916.
  37  6.1049  2.514   90968.  101715.  108206.
  38  6.1072  2.668   91536.  102092.  108501.
  39  6.1096  2.832   92096.  102457.  108800.
  40  6.1119  3.007   92653.  102814.  109103.
  41  6.1142  3.194   93197.  103171.  109410.
  42  6.1165  3.393   93734.  103530.  109715.
  43  6.1188  3.604   94267.  103892.  110014.
  44  6.1211  3.831   94794.  104258.  110303.
  45  6.1234  4.072   95315.  104624.  110578.
  46  6.1258  4.329   95832.  104997.  110871.
  47  6.1281  4.604   96343.  105370.  111163.
  48  6.1304  4.898   96850.  105742.  111455.
  49  6.1327  5.212   97352.  106114.  111747.
  50  6.1350  5.547   97849.  106486.  112038.
  51  6.1373  5.904   98342.  106858.  112330.
  52  6.1396  6.287   98831.  107229.  112621.
  53  6.1420  6.696   99316.  107600.  112912.
  54  6.1443  7.133   99796.  107970.  113203.
  55  6.1466  7.601  100273.  108341.  113493.
  51  0.242260E+05
   1  6.5400  0.359   65746.   72224.   91837.
   2  6.5424  0.376   66026.   73019.   92745.
   3  6.5447  0.394   66333.   73813.   93653.
   4  6.5470  0.412   66660.   74606.   94560.
   5  6.5493  0.432   67005.   75399.   95466.
   6  6.5516  0.453   67360.   76191.   96372.
   7  6.5539  0.475   67730.   77060.   97277.
   8  6.5562  0.499   68112.   77986.   98181.
   9  6.5586  0.524   68527.   78968.   99085.
  10  6.5609  0.550   68979.   80010.   99988.
  11  6.5632  0.579   69474.   81104.  100890.
  12  6.5655  0.609   70002.   82226.  101668.
  13  6.5678  0.642   70557.   83353.  102424.
  14  6.5701  0.677   71134.   84464.  103139.
  15  6.5724  0.714   71743.   85551.  103793.
  16  6.5748  0.753   72378.   86613.  104369.
  17  6.5771  0.796   73036.   87660.  104847.
  18  6.5794  0.841   73717.   88691.  105225.
  19  6.5817  0.890   74426.   89698.  105506.
  20  6.5840  0.942   75154.   90663.  105696.
  21  6.5863  0.997   75899.   91584.  105801.
  22  6.5886  1.057   76662.   92453.  105834.
  23  6.5910  1.121   77438.   93262.  105808.
  24  6.5933  1.189   78222.   94005.  105737.
  25  6.5956  1.262   79010.   94690.  105636.
  26  6.5979  1.340   79797.   95316.  105519.
  27  6.6002  1.423   80581.   95884.  105401.
  28  6.6025  1.512   81360.   96404.  105293.
  29  6.6048  1.607   82132.   96877.  105204.
  30  6.6072  1.709   82895.   97308.  105141.
  31  6.6095  1.817   83647.   97701.  105114.
  32  6.6118  1.933   84386.   98066.  105125.
  33  6.6141  2.057   85113.   98411.  105181.
  34  6.6164  2.190   85820.   98745.  105282.
  35  6.6187  2.331   86510.   99076.  105429.
  36  6.6210  2.481   87182.   99410.  105618.
  37  6.6234  2.643   87844.   99753.  105845.
  38  6.6257  2.815   88495.  100106.  106101.
  39  6.6280  2.999   89137.  100473.  106374.
  40  6.6303  3.197   89770.  100850.  106658.
  41  6.6326  3.408   90393.  101233.  106942.
  42  6.6349  3.634   91007.  101615.  107263.
  43  6.6372  3.876   91612.  101996.  107583.
  44  6.6396  4.136   92208.  102378.  107903.
  45  6.6419  4.414   92796.  102759.  108224.
  46  6.6442  4.712   93376.  103140.  108543.
  47  6.6465  5.031   93949.  103521.  108863.
  48  6.6488  5.374   94513.  103902.  109182.
  49  6.6511  5.741   95071.  104282.  109502.
  50  6.6534  6.135   95621.  104662.  109821.
  51  6.6558  6.557   96164.  105042.  110139.
  48  0.242260E+05
   1  7.0534  0.359   59325.   63136.   80132.
   2  7.0557  0.375   59467.   63859.   81055.
   3  7.0580  0.392   59649.   64581.   81977.
   4  7.0603  0.409   59862.   65303.   82898.
   5  7.0626  0.428   60099.   66025.   83819.
   6  7.0650  0.447   60359.   66746.   84740.
   7  7.0673  0.468   60633.   67500.   85659.
   8  7.0696  0.490   60913.   68263.   86578.
   9  7.0719  0.513   61218.   69061.   87497.
  10  7.0742  0.538   61540.   69903.   88414.
  11  7.0765  0.564   61890.   70795.   89332.
  12  7.0788  0.592   62266.   71729.   90196.
  13  7.0812  0.621   62680.   72690.   91094.
  14  7.0835  0.653   63123.   73651.   92011.
  15  7.0858  0.687   63590.   74613.   92935.
  16  7.0881  0.722   64084.   75567.   93849.
  17  7.0904  0.761   64594.   76516.   94736.
  18  7.0927  0.801   65123.   77458.   95587.
  19  7.0950  0.845   65670.   78411.   96398.
  20  7.0974  0.891   66243.   79382.   97165.
  21  7.0997  0.941   66843.   80366.   97887.
  22  7.1020  0.994   67467.   81370.   98562.
  23  7.1043  1.050   68115.   82381.   99191.
  24  7.1066  1.111   68788.   83390.   99776.
  25  7.1089  1.176   69484.   84385.  100322.
  26  7.1112  1.246   70198.   85361.  100832.
  27  7.1136  1.321   70934.   86317.  101313.
  28  7.1159  1.401   71688.   87245.  101772.
  29  7.1182  1.488   72459.   88121.  102216.
  30  7.1205  1.580   73242.   88951.  102650.
  31  7.1228  1.679   74040.   89740.  103083.
  32  7.1251  1.786   74846.   90493.  103519.
  33  7.1274  1.900   75658.   91221.  103966.
  34  7.1298  2.022   76453.   91931.  104424.
  35  7.1321  2.153   77253.   92635.  104890.
  36  7.1344  2.294   78060.   93339.  105358.
  37  7.1367  2.445   78872.   94054.  105826.
  38  7.1390  2.608   79690.   94786.  106286.
  39  7.1413  2.783   80513.   95539.  106798.
  40  7.1436  2.971   81340.   96291.  107311.
  41  7.1460  3.174   82172.   97043.  107823.
  42  7.1483  3.392   83008.   97794.  108334.
  43  7.1506  3.627   83848.   98545.  108845.
  44  7.1529  3.881   84691.   99295.  109356.
  45  7.1552  4.155   85538.  100045.  109867.
  46  7.1575  4.450   86388.  100794.  110377.
  47  7.1599  4.769   87240.  101543.  110887.
  48  7.1622  5.113   88094.  102291.  111397.
