
  69  0.306100E+05
   1  5.9982  0.360   74755.   81396.   99569.
   2  6.0005  0.373   74981.   82015.  100287.
   3  6.0029  0.388   75228.   82633.  101005.
   4  6.0052  0.403   75491.   83252.  101722.
   5  6.0075  0.418   75768.   83869.  102438.
   6  6.0098  0.435   76055.   84487.  103154.
   7  6.0121  0.452   76354.   85126.  103870.
   8  6.0144  0.469   76662.   85774.  104585.
   9  6.0167  0.488   76979.   86443.  105299.
  10  6.0191  0.508   77315.   87151.  106013.
  11  6.0214  0.528   77668.   87917.  106726.
  12  6.0237  0.550   78033.   88741.  107255.
  13  6.0260  0.573   78418.   89621.  107715.
  14  6.0283  0.597   78819.   90544.  108087.
  15  6.0306  0.622   79245.   91478.  108356.
  16  6.0329  0.649   79701.   92396.  108511.
  17  6.0353  0.677   80181.   93273.  108541.
  18  6.0376  0.706   80682.   94078.  108454.
  19  6.0399  0.738   81203.   94794.  108260.
  20  6.0422  0.771   81728.   95409.  107978.
  21  6.0445  0.805   82254.   95923.  107627.
  22  6.0468  0.841   82774.   96348.  107227.
  23  6.0491  0.879   83291.   96705.  106802.
  24  6.0515  0.919   83802.   97019.  106375.
  25  6.0538  0.961   84311.   97317.  105967.
  26  6.0561  1.005   84812.   97605.  105596.
  27  6.0584  1.051   85305.   97887.  105280.
  28  6.0607  1.099   85794.   98157.  105027.
  29  6.0630  1.150   86281.   98415.  104846.
  30  6.0653  1.203   86763.   98658.  104738.
  31  6.0677  1.259   87238.   98888.  104702.
  32  6.0700  1.318   87706.   99108.  104733.
  33  6.0723  1.379   88163.   99317.  104825.
  34  6.0746  1.443   88611.   99522.  104968.
  35  6.0769  1.511   89051.   99733.  105152.
  36  6.0792  1.582   89482.   99952.  105369.
  37  6.0815  1.656   89909.  100178.  105610.
  38  6.0839  1.734   90331.  100417.  105869.
  39  6.0862  1.817   90750.  100668.  106140.
  40  6.0885  1.903   91165.  100932.  106421.
  41  6.0908  1.993   91574.  101208.  106709.
  42  6.0931  2.089   91975.  101489.  107002.
  43  6.0954  2.189   92376.  101771.  107298.
  44  6.0977  2.294   92775.  102050.  107595.
  45  6.1001  2.405   93173.  102322.  107892.
  46  6.1024  2.521   93571.  102587.  108189.
  47  6.1047  2.644   93964.  102845.  108485.
  48  6.1070  2.773   94351.  103096.  108781.
  49  6.1093  2.908   94733.  103344.  109076.
  50  6.1116  3.050   95105.  103595.  109371.
  51  6.1140  3.200   95473.  103855.  109666.
  52  6.1163  3.357   95840.  104127.  109960.
  53  6.1186  3.523   96207.  104413.  110255.
  54  6.1209  3.698   96572.  104708.  110550.
  55  6.1232  3.882   96938.  105010.  110842.
  56  6.1255  4.076   97303.  105313.  111127.
  57  6.1278  4.280   97666.  105611.  111401.
  58  6.1302  4.495   98026.  105904.  111660.
  59  6.1325  4.721   98385.  106195.  111900.
  60  6.1348  4.960   98743.  106481.  112145.
  61  6.1371  5.211   99098.  106768.  112389.
  62  6.1394  5.477   99452.  107053.  112633.
  63  6.1417  5.756   99804.  107339.  112877.
  64  6.1440  6.051  100154.  107625.  113121.
  65  6.1464  6.361  100502.  107910.  113365.
  66  6.1487  6.689  100850.  108196.  113608.
  67  6.1510  7.035  101195.  108481.  113851.
  68  6.1533  7.399  101539.  108765.  114094.
  69  6.1556  7.784  101882.  109050.  114337.
  66  0.306100E+05
   1  6.5176  0.357   80323.   89206.   81372.
   2  6.5199  0.373   80653.   89033.   82358.
   3  6.5222  0.389   80973.   88860.   83343.
   4  6.5245  0.407   81284.   88687.   84328.
   5  6.5268  0.425   81584.   88514.   85312.
   6  6.5292  0.444   81851.   88341.   86295.
   7  6.5315  0.464   82107.   88219.   87278.
   8  6.5338  0.484   82340.   88124.   88259.
   9  6.5361  0.506   82553.   88075.   89241.
  10  6.5384  0.528   82761.   88085.   90221.
  11  6.5407  0.552   82968.   88163.   91201.
  12  6.5430  0.576   83175.   88286.   92174.
  13  6.5454  0.602   83384.   88459.   93220.
  14  6.5477  0.629   83595.   88671.   94326.
  15  6.5500  0.657   83805.   88913.   95479.
  16  6.5523  0.687   84015.   89192.   96660.
  17  6.5546  0.718   84223.   89517.   97850.
  18  6.5569  0.751   84437.   89897.   99034.
  19  6.5593  0.785   84658.   90333.  100196.
  20  6.5616  0.821   84894.   90831.  101322.
  21  6.5639  0.859   85144.   91383.  102394.
  22  6.5662  0.899   85411.   91975.  103398.
  23  6.5685  0.941   85697.   92594.  104322.
  24  6.5708  0.985   85997.   93235.  105154.
  25  6.5731  1.032   86315.   93891.  105884.
  26  6.5755  1.082   86649.   94555.  106508.
  27  6.5778  1.134   86992.   95221.  107021.
  28  6.5801  1.189   87352.   95888.  107423.
  29  6.5824  1.247   87731.   96549.  107713.
  30  6.5847  1.309   88127.   97189.  107896.
  31  6.5870  1.374   88534.   97797.  107979.
  32  6.5893  1.443   88954.   98374.  107971.
  33  6.5917  1.516   89386.   98899.  107886.
  34  6.5940  1.593   89821.   99368.  107736.
  35  6.5963  1.674   90257.   99788.  107538.
  36  6.5986  1.760   90687.  100161.  107306.
  37  6.6009  1.850   91123.  100487.  107056.
  38  6.6032  1.946   91550.  100770.  106801.
  39  6.6055  2.046   91971.  101020.  106553.
  40  6.6079  2.152   92390.  101239.  106323.
  41  6.6102  2.264   92800.  101428.  106120.
  42  6.6125  2.382   93198.  101591.  105949.
  43  6.6148  2.507   93588.  101745.  105816.
  44  6.6171  2.638   93965.  101891.  105723.
  45  6.6194  2.776   94331.  102032.  105670.
  46  6.6217  2.921   94686.  102176.  105656.
  47  6.6241  3.075   95035.  102325.  105679.
  48  6.6264  3.236   95378.  102478.  105734.
  49  6.6287  3.407   95715.  102636.  105817.
  50  6.6310  3.587   96045.  102798.  105922.
  51  6.6333  3.777   96368.  102960.  106046.
  52  6.6356  3.978   96682.  103119.  106182.
  53  6.6379  4.189   96991.  103275.  106325.
  54  6.6403  4.412   97293.  103432.  106468.
  55  6.6426  4.647   97590.  103590.  106607.
  56  6.6449  4.896   97881.  103750.  106740.
  57  6.6472  5.158   98167.  103911.  106879.
  58  6.6495  5.435   98448.  104072.  107018.
  59  6.6518  5.727   98724.  104233.  107156.
  60  6.6541  6.036   98995.  104393.  107295.
  61  6.6565  6.362   99262.  104554.  107433.
  62  6.6588  6.706   99524.  104714.  107572.
  63  6.6611  7.069   99782.  104874.  107710.
  64  6.6634  7.453  100036.  105035.  107848.
  65  6.6657  7.858  100286.  105195.  107986.
  66  6.6680  8.287  100532.  105355.  108124.
  66  0.306100E+05
   1  7.0300  0.364   75772.   76181.   95606.
   2  7.0323  0.379   75806.   76842.   95395.
   3  7.0346  0.395   75856.   77504.   95185.
   4  7.0370  0.411   75941.   78164.   94975.
   5  7.0393  0.429   76043.   78825.   94765.
   6  7.0416  0.447   76157.   79485.   94556.
   7  7.0439  0.467   76297.   80146.   94346.
   8  7.0462  0.487   76459.   80799.   94137.
   9  7.0485  0.509   76645.   81420.   93927.
  10  7.0508  0.531   76857.   82013.   93718.
  11  7.0532  0.555   77087.   82566.   93509.
  12  7.0555  0.580   77329.   83055.   93387.
  13  7.0578  0.607   77577.   83483.   93312.
  14  7.0601  0.634   77827.   83847.   93298.
  15  7.0624  0.664   78080.   84157.   93353.
  16  7.0647  0.694   78339.   84428.   93486.
  17  7.0670  0.726   78593.   84675.   93704.
  18  7.0694  0.760   78850.   84916.   94008.
  19  7.0717  0.795   79105.   85169.   94398.
  20  7.0740  0.832   79357.   85453.   94874.
  21  7.0763  0.871   79608.   85784.   95426.
  22  7.0786  0.912   79860.   86178.   96044.
  23  7.0809  0.955   80118.   86627.   96715.
  24  7.0832  1.000   80389.   87134.   97423.
  25  7.0856  1.048   80679.   87688.   98151.
  26  7.0879  1.099   80988.   88273.   98881.
  27  7.0902  1.152   81314.   88876.   99597.
  28  7.0925  1.209   81651.   89480.  100284.
  29  7.0948  1.268   82001.   90075.  100927.
  30  7.0971  1.331   82361.   90648.  101517.
  31  7.0994  1.398   82730.   91205.  102048.
  32  7.1018  1.468   83111.   91758.  102518.
  33  7.1041  1.543   83501.   92312.  102925.
  34  7.1064  1.621   83902.   92869.  103275.
  35  7.1087  1.705   84303.   93427.  103572.
  36  7.1110  1.792   84715.   93978.  103821.
  37  7.1133  1.886   85141.   94515.  104032.
  38  7.1156  1.984   85575.   95032.  104211.
  39  7.1180  2.089   86020.   95526.  104369.
  40  7.1203  2.200   86468.   95996.  104512.
  41  7.1226  2.317   86916.   96432.  104650.
  42  7.1249  2.440   87363.   96833.  104787.
  43  7.1272  2.571   87808.   97212.  104930.
  44  7.1295  2.710   88250.   97570.  105083.
  45  7.1318  2.857   88692.   97917.  105250.
  46  7.1342  3.012   89131.   98257.  105433.
  47  7.1365  3.176   89566.   98595.  105635.
  48  7.1388  3.350   90002.   98934.  105858.
  49  7.1411  3.534   90432.   99276.  106103.
  50  7.1434  3.729   90858.   99619.  106368.
  51  7.1457  3.935   91282.   99968.  106653.
  52  7.1480  4.154   91707.  100321.  106952.
  53  7.1504  4.386   92131.  100678.  107260.
  54  7.1527  4.631   92555.  101040.  107568.
  55  7.1550  4.892   92977.  101405.  107870.
  56  7.1573  5.168   93398.  101770.  108160.
  57  7.1596  5.461   93819.  102132.  108467.
  58  7.1619  5.772   94238.  102494.  108774.
  59  7.1642  6.102   94657.  102856.  109080.
  60  7.1666  6.452   95075.  103218.  109386.
  61  7.1689  6.824   95492.  103579.  109692.
  62  7.1712  7.219   95907.  103940.  109998.
  63  7.1735  7.638   96322.  104301.  110304.
  64  7.1758  8.083   96736.  104662.  110609.
  65  7.1781  8.556   97150.  105022.  110914.
  66  7.1804  9.059   97562.  105383.  111219.
