
 133 274.2
  180. 3626.
  498.    1.
  503.    2.
  508.    3.
  513.    3.
  518.    3.
  523.    3.
  528.    4.
  533.    4.
  538.    4.
  543.    5.
  548.    5.
  553.    6.
  558.    6.
  563.    7.
  568.    8.
  573.    8.
  578.    9.
  583.   10.
  588.   11.
  593.   13.
  598.   15.
  603.   16.
  608.   17.
  613.   18.
  618.   18.
  623.   19.
  628.   19.
  633.   20.
  638.   20.
  643.   21.
  648.   21.
  653.   22.
  658.   23.
  663.   24.
  668.   26.
  673.   27.
  678.   28.
  683.   29.
  688.   31.
  693.   32.
  698.   33.
  703.   34.
  708.   35.
  713.   36.
  718.   38.
  723.   40.
  728.   42.
  733.   43.
  738.   45.
  743.   47.
  748.   50.
  753.   52.
  758.   54.
  763.   56.
  768.   58.
  773.   61.
  778.   63.
  783.   66.
  788.   69.
  793.   72.
  798.   75.
  803.   79.
  808.   82.
  813.   86.
  818.   89.
  823.   93.
  828.   96.
  833.  101.
  838.  102.
  843.  107.
  848.  111.
  853.  119.
  858.  122.
  863.  127.
  868.  133.
  873.  140.
  878.  144.
  883.  150.
  888.  157.
  893.  163.
  898.  174.
  903.  179.
  908.  192.
  913.  197.
  918.  208.
  923.  217.
  928.  227.
  933.  235.
  938.  247.
  943.  260.
  948.  273.
  953.  287.
  958.  300.
  963.  313.
  968.  328.
  973.  340.
  978.  360.
  983.  380.
  988.  394.
  993.  416.
  998.  433.
 1003.  457.
 1008.  477.
 1013.  503.
 1018.  528.
 1023.  550.
 1028.  581.
 1033.  608.
 1038.  640.
 1043.  672.
 1048.  703.
 1053.  740.
 1058.  772.
 1063.  814.
 1068.  854.
 1073.  897.
 1078.  941.
 1083.  987.
 1088. 1033.
 1093. 1089.
 1098. 1141.
 1103. 1198.
 1108. 1256.
 1113. 1318.
 1118. 1388.
 1123. 1458.
 1128. 1535.
 1133. 1608.
 1138. 1695.
 1143. 1767.
 1148. 1873.
 1153. 1966.
 1158. 2068.
 139 274.0
  180. 3626.
 1592.    1.
 1597.    2.
 1602.    2.
 1607.    3.
 1612.    3.
 1617.    4.
 1622.    4.
 1627.    5.
 1632.    6.
 1637.    7.
 1642.    8.
 1647.    8.
 1652.    9.
 1657.    9.
 1662.    9.
 1667.   10.
 1672.   11.
 1677.   11.
 1682.   12.
 1687.   13.
 1692.   13.
 1697.   14.
 1702.   14.
 1707.   14.
 1712.   15.
 1717.   15.
 1722.   15.
 1727.   16.
 1732.   17.
 1737.   18.
 1742.   18.
 1747.   19.
 1752.   19.
 1757.   20.
 1762.   21.
 1767.   21.
 1772.   22.
 1777.   24.
 1782.   25.
 1787.   26.
 1792.   28.
 1797.   30.
 1802.   32.
 1807.   33.
 1812.   35.
 1817.   36.
 1822.   38.
 1827.   39.
 1832.   40.
 1837.   43.
 1842.   45.
 1847.   46.
 1852.   49.
 1857.   51.
 1862.   53.
 1867.   54.
 1872.   56.
 1877.   58.
 1882.   59.
 1887.   62.
 1892.   64.
 1897.   67.
 1902.   70.
 1907.   72.
 1912.   74.
 1917.   77.
 1922.   80.
 1927.   83.
 1932.   87.
 1937.   90.
 1942.   95.
 1947.   99.
 1952.  102.
 1957.  108.
 1962.  114.
 1967.  119.
 1972.  122.
 1977.  130.
 1982.  133.
 1987.  143.
 1992.  149.
 1997.  154.
 2002.  160.
 2007.  167.
 2012.  178.
 2017.  183.
 2022.  194.
 2027.  200.
 2032.  209.
 2037.  220.
 2042.  235.
 2047.  246.
 2052.  259.
 2057.  268.
 2062.  284.
 2067.  298.
 2072.  309.
 2077.  325.
 2082.  338.
 2087.  354.
 2092.  375.
 2097.  392.
 2102.  413.
 2107.  433.
 2112.  455.
 2117.  482.
 2122.  503.
 2127.  532.
 2132.  556.
 2137.  587.
 2142.  615.
 2147.  649.
 2152.  680.
 2157.  717.
 2162.  758.
 2167.  795.
 2172.  837.
 2177.  885.
 2182.  929.
 2187.  983.
 2192. 1028.
 2197. 1086.
 2202. 1146.
 2207. 1207.
 2212. 1268.
 2217. 1336.
 2222. 1405.
 2227. 1484.
 2232. 1566.
 2237. 1645.
 2242. 1734.
 2247. 1828.
 2252. 1937.
 2257. 2039.
 2262. 2153.
 2267. 2272.
 2272. 2384.
 2277. 2533.
 2282. 2681.
 124 274.2
  180. 3626.
 2740.    1.
 2745.    1.
 2750.    1.
 2755.    2.
 2760.    2.
 2765.    2.
 2770.    3.
 2775.    3.
 2780.    4.
 2785.    4.
 2790.    5.
 2795.    6.
 2800.    6.
 2805.    6.
 2810.    7.
 2815.    7.
 2820.    8.
 2825.    9.
 2830.   10.
 2835.   11.
 2840.   12.
 2845.   12.
 2850.   14.
 2855.   15.
 2860.   15.
 2865.   17.
 2870.   18.
 2875.   18.
 2880.   19.
 2885.   20.
 2890.   21.
 2895.   21.
 2900.   23.
 2905.   24.
 2910.   26.
 2915.   28.
 2920.   29.
 2925.   31.
 2930.   32.
 2935.   33.
 2940.   35.
 2945.   37.
 2950.   38.
 2955.   39.
 2960.   41.
 2965.   43.
 2970.   45.
 2975.   47.
 2980.   49.
 2985.   52.
 2990.   56.
 2995.   59.
 3000.   63.
 3005.   65.
 3010.   68.
 3015.   71.
 3020.   74.
 3025.   77.
 3030.   80.
 3035.   83.
 3040.   87.
 3045.   90.
 3050.   95.
 3055.   98.
 3060.  101.
 3065.  105.
 3070.  112.
 3075.  118.
 3080.  120.
 3085.  127.
 3090.  133.
 3095.  136.
 3100.  143.
 3105.  155.
 3110.  159.
 3115.  165.
 3120.  170.
 3125.  179.
 3130.  192.
 3135.  201.
 3140.  213.
 3145.  226.
 3150.  231.
 3155.  242.
 3160.  255.
 3165.  267.
 3170.  278.
 3175.  295.
 3180.  311.
 3185.  326.
 3190.  340.
 3195.  366.
 3200.  378.
 3205.  403.
 3210.  421.
 3215.  445.
 3220.  468.
 3225.  489.
 3230.  513.
 3235.  545.
 3240.  570.
 3245.  596.
 3250.  633.
 3255.  666.
 3260.  704.
 3265.  740.
 3270.  781.
 3275.  826.
 3280.  874.
 3285.  924.
 3290.  976.
 3295. 1027.
 3300. 1083.
 3305. 1142.
 3310. 1202.
 3315. 1271.
 3320. 1346.
 3325. 1422.
 3330. 1506.
 3335. 1586.
 3340. 1683.
 3345. 1781.
 3350. 1879.
 3355. 1983.
