
 140 274.4
  180. 3628.
  465.    1.
  470.    2.
  475.    3.
  480.    3.
  485.    3.
  490.    3.
  495.    3.
  500.    3.
  505.    4.
  510.    4.
  515.    4.
  520.    5.
  525.    6.
  530.    6.
  535.    7.
  540.    7.
  545.    6.
  550.    6.
  555.    6.
  560.    7.
  565.    8.
  570.    8.
  575.   10.
  580.   11.
  585.   12.
  590.   13.
  595.   14.
  600.   16.
  605.   17.
  610.   18.
  615.   19.
  620.   19.
  625.   20.
  630.   20.
  635.   21.
  640.   21.
  645.   21.
  650.   22.
  655.   23.
  660.   24.
  665.   25.
  670.   26.
  675.   27.
  680.   28.
  685.   30.
  690.   31.
  695.   33.
  700.   35.
  705.   37.
  710.   39.
  715.   41.
  720.   42.
  725.   44.
  730.   46.
  735.   47.
  740.   48.
  745.   50.
  750.   51.
  755.   53.
  760.   55.
  765.   57.
  770.   60.
  775.   63.
  780.   66.
  785.   69.
  790.   73.
  795.   76.
  800.   79.
  805.   81.
  810.   84.
  815.   87.
  820.   90.
  825.   94.
  830.   98.
  835.  102.
  840.  108.
  845.  110.
  850.  116.
  855.  121.
  860.  124.
  865.  130.
  870.  139.
  875.  142.
  880.  150.
  885.  155.
  890.  160.
  895.  168.
  900.  177.
  905.  183.
  910.  197.
  915.  206.
  920.  216.
  925.  223.
  930.  234.
  935.  242.
  940.  255.
  945.  269.
  950.  280.
  955.  292.
  960.  308.
  965.  322.
  970.  338.
  975.  355.
  980.  371.
  985.  388.
  990.  407.
  995.  427.
 1000.  444.
 1005.  466.
 1010.  490.
 1015.  514.
 1020.  539.
 1025.  566.
 1030.  591.
 1035.  620.
 1040.  649.
 1045.  685.
 1050.  720.
 1055.  754.
 1060.  793.
 1065.  831.
 1070.  868.
 1075.  915.
 1080.  960.
 1085. 1004.
 1090. 1058.
 1095. 1109.
 1100. 1160.
 1105. 1222.
 1110. 1287.
 1115. 1354.
 1120. 1419.
 1125. 1492.
 1130. 1573.
 1135. 1650.
 1140. 1737.
 1145. 1829.
 1150. 1918.
 1155. 2029.
 1160. 2132.
 134 273.8
  180. 3628.
 1602.    1.
 1607.    1.
 1612.    1.
 1617.    2.
 1622.    2.
 1627.    3.
 1632.    3.
 1637.    4.
 1642.    5.
 1647.    5.
 1652.    5.
 1657.    5.
 1662.    5.
 1667.    5.
 1672.    5.
 1677.    5.
 1682.    5.
 1687.    6.
 1692.    6.
 1697.    7.
 1702.    8.
 1707.    9.
 1712.   10.
 1717.   11.
 1722.   11.
 1727.   12.
 1732.   13.
 1737.   14.
 1742.   15.
 1747.   16.
 1752.   16.
 1757.   17.
 1762.   18.
 1767.   20.
 1772.   21.
 1777.   22.
 1782.   23.
 1787.   24.
 1792.   25.
 1797.   27.
 1802.   29.
 1807.   30.
 1812.   32.
 1817.   33.
 1822.   36.
 1827.   37.
 1832.   38.
 1837.   39.
 1842.   39.
 1847.   40.
 1852.   41.
 1857.   43.
 1862.   44.
 1867.   46.
 1872.   48.
 1877.   51.
 1882.   54.
 1887.   56.
 1892.   59.
 1897.   61.
 1902.   64.
 1907.   67.
 1912.   70.
 1917.   73.
 1922.   77.
 1927.   81.
 1932.   84.
 1937.   89.
 1942.   93.
 1947.   96.
 1952.   99.
 1957.  104.
 1962.  114.
 1967.  113.
 1972.  121.
 1977.  129.
 1982.  132.
 1987.  138.
 1992.  146.
 1997.  152.
 2002.  159.
 2007.  168.
 2012.  177.
 2017.  185.
 2022.  191.
 2027.  199.
 2032.  207.
 2037.  218.
 2042.  228.
 2047.  239.
 2052.  252.
 2057.  262.
 2062.  276.
 2067.  294.
 2072.  302.
 2077.  316.
 2082.  334.
 2087.  352.
 2092.  371.
 2097.  389.
 2102.  413.
 2107.  431.
 2112.  454.
 2117.  477.
 2122.  503.
 2127.  528.
 2132.  553.
 2137.  583.
 2142.  616.
 2147.  646.
 2152.  680.
 2157.  716.
 2162.  754.
 2167.  792.
 2172.  835.
 2177.  880.
 2182.  926.
 2187.  977.
 2192. 1028.
 2197. 1090.
 2202. 1148.
 2207. 1206.
 2212. 1264.
 2217. 1336.
 2222. 1401.
 2227. 1481.
 2232. 1550.
 2237. 1656.
 2242. 1731.
 2247. 1828.
 2252. 1938.
 2257. 2038.
 2262. 2145.
 2267. 2260.
 126 274.3
  180. 3628.
 2749.    1.
 2754.    1.
 2759.    1.
 2764.    2.
 2769.    3.
 2774.    4.
 2779.    5.
 2784.    6.
 2789.    5.
 2794.    6.
 2799.    7.
 2804.    6.
 2809.    7.
 2814.    7.
 2819.    8.
 2824.   10.
 2829.   11.
 2834.   12.
 2839.   13.
 2844.   13.
 2849.   13.
 2854.   14.
 2859.   13.
 2864.   14.
 2869.   14.
 2874.   15.
 2879.   16.
 2884.   18.
 2889.   20.
 2894.   22.
 2899.   24.
 2904.   26.
 2909.   28.
 2914.   30.
 2919.   31.
 2924.   32.
 2929.   32.
 2934.   34.
 2939.   36.
 2944.   37.
 2949.   39.
 2954.   41.
 2959.   43.
 2964.   45.
 2969.   46.
 2974.   48.
 2979.   50.
 2984.   53.
 2989.   56.
 2994.   59.
 2999.   61.
 3004.   64.
 3009.   67.
 3014.   69.
 3019.   71.
 3024.   74.
 3029.   77.
 3034.   80.
 3039.   84.
 3044.   89.
 3049.   93.
 3054.   97.
 3059.   96.
 3064.  106.
 3069.  115.
 3074.  115.
 3079.  122.
 3084.  123.
 3089.  128.
 3094.  137.
 3099.  145.
 3104.  153.
 3109.  162.
 3114.  169.
 3119.  176.
 3124.  187.
 3129.  191.
 3134.  202.
 3139.  211.
 3144.  222.
 3149.  234.
 3154.  242.
 3159.  252.
 3164.  263.
 3169.  277.
 3174.  291.
 3179.  310.
 3184.  324.
 3189.  339.
 3194.  360.
 3199.  376.
 3204.  399.
 3209.  418.
 3214.  438.
 3219.  457.
 3224.  487.
 3229.  513.
 3234.  541.
 3239.  566.
 3244.  589.
 3249.  622.
 3254.  663.
 3259.  694.
 3264.  733.
 3269.  777.
 3274.  822.
 3279.  865.
 3284.  919.
 3289.  969.
 3294. 1018.
 3299. 1070.
 3304. 1135.
 3309. 1192.
 3314. 1255.
 3319. 1339.
 3324. 1410.
 3329. 1491.
 3334. 1576.
 3339. 1676.
 3344. 1759.
 3349. 1868.
 3354. 1975.
 3359. 2088.
 3364. 2196.
 3369. 2349.
 3374. 2470.
