
  180. 3628.
   51.   22.5
 3679.   24.7
  455.   4 273
  460.  -2 274
  465.   1 274
  470.   4 274
  475.   1 274
  480.   3 274
  485.   5 274
  490.   4 274
  495.   4 274
  500.   5 273
  505.   5 273
  510.   5 274
  515.   6 274
  520.   6 274
  525.   9 273
  530.  10 274
  535.   8 274
  540.  12 275
  545.  11 274
  550.  11 273
  555.  12 274
  560.  11 274
  565.  13 273
  570.  15 274
  575.  18 273
  580.  19 273
  585.  19 274
  590.  24 274
  595.  21 274
  600.  23 274
  605.  25 274
  610.  25 273
  615.  29 275
  620.  30 274
  625.  32 274
  630.  30 274
  635.  31 274
  640.  30 274
  645.  35 274
  650.  34 273
  655.  38 273
  660.  38 274
  665.  38 274
  670.  40 274
  675.  40 275
  680.  41 274
  685.  44 273
  690.  43 274
  695.  50 273
  700.  46 274
  705.  49 274
  710.  51 274
  715.  54 274
  720.  53 274
  725.  57 274
  730.  60 274
  735.  61 274
  740.  60 274
  745.  64 274
  750.  70 274
  755.  71 275
  760.  73 274
  765.  74 273
  770.  78 274
  775.  83 274
  780.  85 274
  785.  91 274
  790.  95 275
  795.  96 274
  800. 102 275
  805. 104 275
  810. 108 274
  815. 113 275
  820. 113 274
  825. 122 276
  830. 122 275
  835. 129 274
  840. 134 275
  845. 137 274
  850.-132 275
  855.-127 273
  860.-123 274
  865.-117 275
  870.-108 274
  875.-105 275
  880. -97 274
  885. -92 274
  890. -87 274
  895. -79 274
  900. -69 275
  905. -63 274
  910. -49 274
  915. -39 274
  920. -29 274
  925. -22 275
  930. -10 274
  935.  -1 274
  940.  12 273
  945.  26 273
  950.  38 273
  955.  50 275
  960.  67 275
  965.  81 275
  970.  97 275
  975. 115 275
  980. 131 275
  985.-125 274
  990.-105 274
  995. -84 275
 1000. -65 274
 1005. -43 275
 1010. -18 274
 1015.   6 275
 1020.  31 274
 1025.  59 275
 1030.  85 275
 1035. 114 275
 1040.-130 275
 1045. -95 276
 1050. -60 275
 1055. -26 275
 1060.  14 275
 1065.  52 275
 1070.  90 276
 1075.-137 275
 1080. -91 276
 1085. -46 276
 1090.   8 275
 1095.  60 277
 1100. 111 278
 1105.-102 277
 1110. -37 278
 1115.  29 276
 1120.  95 279
 1125.-106 277
 1130. -24 277
 1135.  54 277
 1140.-163 291
 1145. -42 276
 1150.  47 275
 1155.-117 279
 1160. -14 277
 1165.  76 279
 9999. 999 999
  180. 3628.
   51.   22.5
 3679.   24.7
 1582.  24 272
 1587.  12 273
 1592.  11 273
 1597.  11 271
 1602.  15 271
 1607.  14 270
 1612.  12 274
 1617.  16 273
 1622.  15 273
 1627.  17 273
 1632.  16 272
 1637.  15 272
 1642.  18 274
 1647.  17 273
 1652.  18 273
 1657.  16 272
 1662.  19 272
 1667.  17 273
 1672.  17 273
 1677.  18 273
 1682.  18 273
 1687.  18 274
 1692.  16 274
 1697.  17 274
 1702.  18 273
 1707.  18 274
 1712.  19 274
 1717.  19 274
 1722.  21 273
 1727.  21 273
 1732.  23 274
 1737.  22 274
 1742.  22 274
 1747.  25 273
 1752.  27 273
 1757.  29 273
 1762.  29 273
 1767.  26 274
 1772.  31 274
 1777.  31 273
 1782.  34 274
 1787.  36 274
 1792.  37 274
 1797.  36 273
 1802.  40 273
 1807.  40 274
 1812.  43 275
 1817.  47 274
 1822.  47 274
 1827.  48 274
 1832.  49 273
 1837.  55 272
 1842.  54 274
 1847.  56 274
 1852.  53 274
 1857.  58 274
 1862.  57 273
 1867.  63 274
 1872.  62 274
 1877.  65 273
 1882.  68 274
 1887.  70 274
 1892.  70 273
 1897.  75 273
 1902.  76 273
 1907.  81 273
 1912.  81 274
 1917.  89 274
 1922.  88 274
 1927.  92 274
 1932.  95 274
 1937. 100 274
 1942. 102 274
 1947. 110 274
 1952. 110 274
 1957. 115 273
 1962. 124 275
 1967. 123 273
 1972. 131 273
 1977.-135 274
 1982.-133 275
 1987.-126 275
 1992.-118 273
 1997.-112 273
 2002.-105 274
 2007. -96 274
 2012. -87 274
 2017. -80 273
 2022. -73 274
 2027. -64 274
 2032. -55 274
 2037. -44 273
 2042. -33 272
 2047. -22 274
 2052.  -9 273
 2057.   1 273
 2062.  15 274
 2067.  32 274
 2072.  40 275
 2077.  55 275
 2082.  72 275
 2087.  90 275
 2092. 109 274
 2097. 127 276
 2102.-124 274
 2107.-106 274
 2112. -82 276
 2117. -59 274
 2122. -33 274
 2127.  -8 274
 2132.  17 276
 2137.  47 274
 2142.  80 274
 2147. 110 274
 2152.-130 276
 2157. -93 275
 2162. -55 276
 2167. -17 274
 2172.  26 275
 2177.  71 275
 2182. 118 276
 2187.-105 275
 2192. -53 274
 2197.   9 274
 2202.  67 274
 2207. 126 276
 2212. -90 275
 2217. -18 275
 2222.  48 281
 2227. 129 275
 2232. -76 278
 2237.  31 275
 2242. 107 280
 2247. -70 280
 2252.  40 275
 2257.-133 276
 2262. -26 283
 2267.  89 293
 9999. 999 999
  180. 3628.
   51.   22.5
 3679.   24.7
 2734.  15 272
 2739.   3 274
 2744.  -1 273
 2749.   6 274
 2754.   4 274
 2759.   8 274
 2764.   8 274
 2769.   6 274
 2774.  12 274
 2779.  10 275
 2784.  11 274
 2789.  15 274
 2794.  15 273
 2799.  13 273
 2804.  15 273
 2809.  15 272
 2814.  14 274
 2819.  20 274
 2824.  17 274
 2829.  20 273
 2834.  22 274
 2839.  19 273
 2844.  24 274
 2849.  19 274
 2854.  20 273
 2859.  17 273
 2864.  20 273
 2869.  21 273
 2874.  25 274
 2879.  20 275
 2884.  23 274
 2889.  26 274
 2894.  23 275
 2899.  30 273
 2904.  28 275
 2909.  30 274
 2914.  31 274
 2919.  33 274
 2924.  33 274
 2929.  37 274
 2934.  33 274
 2939.  39 274
 2944.  36 273
 2949.  41 273
 2954.  45 273
 2959.  46 274
 2964.  46 274
 2969.  48 274
 2974.  50 274
 2979.  51 273
 2984.  53 274
 2989.  58 274
 2994.  59 275
 2999.  64 273
 3004.  70 274
 3009.  73 275
 3014.  69 274
 3019.  73 272
 3024.  78 274
 3029.  79 273
 3034.  86 273
 3039.  88 275
 3044.  97 275
 3049. 102 275
 3054. 103 275
 3059. 102 275
 3064. 113 275
 3069. 122 274
 3074. 123 274
 3079. 131 275
 3084. 133 273
 3089. 138 275
 3094.-128 274
 3099.-120 274
 3104.-112 274
 3109.-104 276
 3114. -97 274
 3119. -89 275
 3124. -78 276
 3129. -75 276
 3134. -64 274
 3139. -54 275
 3144. -43 273
 3149. -31 273
 3154. -21 274
 3159.  -9 274
 3164.   2 273
 3169.  16 275
 3174.  32 276
 3179.  51 275
 3184.  65 274
 3189.  81 274
 3194. 102 274
 3199. 118 274
 3204.-133 275
 3209.-114 275
 3214. -94 273
 3219. -75 280
 3224. -44 275
 3229. -18 273
 3234.  10 274
 3239.  36 274
 3244.  60 276
 3249.  93 279
 3254. 134 276
 3259.-109 277
 3264. -71 276
 3269. -27 276
 3274.  17 276
 3279.  61 277
 3284. 116 276
 3289.-109 277
 3294. -58 275
 3299.  -5 275
 3304.  60 276
 3309. 118 278
 3314. -92 281
 3319.  -8 275
 3324.  63 276
 3329.-165 289
 3334. -45 277
 3339.  54 275
 3344.-137 278
 3349. -27 271
 3354.  81 272
 3359. -81 276
 3364.  27 283
 3369. -94 277
 3374.  27 292
 9999. 999 999
