
 139 274.2
  180. 3635.
  454.    2.
  459.    1.
  464.    1.
  469.    1.
  474.    1.
  479.    2.
  484.    2.
  489.    3.
  494.    3.
  499.    3.
  504.    4.
  509.    4.
  514.    5.
  519.    7.
  524.    7.
  529.    8.
  534.    8.
  539.    8.
  544.    8.
  549.    8.
  554.    8.
  559.    7.
  564.    7.
  569.    8.
  574.    9.
  579.    9.
  584.   10.
  589.   11.
  594.   13.
  599.   14.
  604.   15.
  609.   16.
  614.   16.
  619.   16.
  624.   16.
  629.   16.
  634.   16.
  639.   15.
  644.   15.
  649.   16.
  654.   16.
  659.   17.
  664.   18.
  669.   19.
  674.   20.
  679.   21.
  684.   22.
  689.   23.
  694.   23.
  699.   24.
  704.   25.
  709.   26.
  714.   28.
  719.   29.
  724.   31.
  729.   32.
  734.   33.
  739.   34.
  744.   35.
  749.   36.
  754.   37.
  759.   39.
  764.   40.
  769.   42.
  774.   44.
  779.   46.
  784.   47.
  789.   49.
  794.   51.
  799.   53.
  804.   55.
  809.   57.
  814.   59.
  819.   61.
  824.   64.
  829.   66.
  834.   69.
  839.   71.
  844.   74.
  849.   77.
  854.   81.
  859.   85.
  864.   89.
  869.   94.
  874.   99.
  879.  104.
  884.  111.
  889.  110.
  894.  118.
  899.  124.
  904.  130.
  909.  140.
  914.  144.
  919.  152.
  924.  160.
  929.  172.
  934.  175.
  939.  190.
  944.  197.
  949.  207.
  954.  221.
  959.  234.
  964.  246.
  969.  262.
  974.  276.
  979.  292.
  984.  308.
  989.  326.
  994.  341.
  999.  361.
 1004.  386.
 1009.  404.
 1014.  429.
 1019.  462.
 1024.  482.
 1029.  511.
 1034.  544.
 1039.  574.
 1044.  610.
 1049.  649.
 1054.  692.
 1059.  732.
 1064.  776.
 1069.  825.
 1074.  874.
 1079.  929.
 1084.  984.
 1089. 1054.
 1094. 1116.
 1099. 1183.
 1104. 1263.
 1109. 1341.
 1114. 1411.
 1119. 1521.
 1124. 1620.
 1129. 1729.
 1134. 1835.
 1139. 1936.
 1144. 2104.
 133 273.7
  180. 3635.
 1584.    1.
 1589.    1.
 1594.    1.
 1599.    2.
 1604.    2.
 1609.    3.
 1614.    4.
 1619.    5.
 1624.    5.
 1629.    6.
 1634.    7.
 1639.    7.
 1644.    7.
 1649.    6.
 1654.    6.
 1659.    5.
 1664.    5.
 1669.    5.
 1674.    5.
 1679.    5.
 1684.    6.
 1689.    7.
 1694.    8.
 1699.    9.
 1704.   10.
 1709.   11.
 1714.   11.
 1719.   11.
 1724.   11.
 1729.   12.
 1734.   13.
 1739.   13.
 1744.   14.
 1749.   15.
 1754.   16.
 1759.   17.
 1764.   17.
 1769.   17.
 1774.   18.
 1779.   19.
 1784.   19.
 1789.   19.
 1794.   19.
 1799.   20.
 1804.   21.
 1809.   22.
 1814.   24.
 1819.   25.
 1824.   26.
 1829.   26.
 1834.   27.
 1839.   28.
 1844.   28.
 1849.   29.
 1854.   29.
 1859.   31.
 1864.   32.
 1869.   33.
 1874.   36.
 1879.   37.
 1884.   39.
 1889.   39.
 1894.   41.
 1899.   42.
 1904.   45.
 1909.   47.
 1914.   49.
 1919.   51.
 1924.   53.
 1929.   55.
 1934.   58.
 1939.   60.
 1944.   62.
 1949.   64.
 1954.   67.
 1959.   70.
 1964.   74.
 1969.   78.
 1974.   81.
 1979.   85.
 1984.   89.
 1989.   93.
 1994.   98.
 1999.  100.
 2004.  107.
 2009.  111.
 2014.  121.
 2019.  125.
 2024.  132.
 2029.  133.
 2034.  139.
 2039.  145.
 2044.  155.
 2049.  165.
 2054.  176.
 2059.  181.
 2064.  194.
 2069.  206.
 2074.  217.
 2079.  226.
 2084.  243.
 2089.  260.
 2094.  271.
 2099.  288.
 2104.  307.
 2109.  322.
 2114.  345.
 2119.  365.
 2124.  390.
 2129.  413.
 2134.  436.
 2139.  466.
 2144.  498.
 2149.  528.
 2154.  564.
 2159.  599.
 2164.  637.
 2169.  675.
 2174.  722.
 2179.  771.
 2184.  821.
 2189.  879.
 2194.  932.
 2199.  998.
 2204. 1052.
 2209. 1127.
 2214. 1219.
 2219. 1282.
 2224. 1372.
 2229. 1455.
 2234. 1572.
 2239. 1676.
 2244. 1806.
 119 273.9
  180. 3635.
 2748.    1.
 2753.    1.
 2758.    1.
 2763.    1.
 2768.    1.
 2773.    1.
 2778.    2.
 2783.    2.
 2788.    2.
 2793.    2.
 2798.    2.
 2803.    2.
 2808.    2.
 2813.    4.
 2818.    4.
 2823.    5.
 2828.    6.
 2833.    6.
 2838.    8.
 2843.    8.
 2848.    9.
 2853.    9.
 2858.   10.
 2863.   11.
 2868.   11.
 2873.   13.
 2878.   13.
 2883.   14.
 2888.   15.
 2893.   16.
 2898.   17.
 2903.   18.
 2908.   20.
 2913.   21.
 2918.   22.
 2923.   23.
 2928.   24.
 2933.   25.
 2938.   26.
 2943.   27.
 2948.   28.
 2953.   29.
 2958.   30.
 2963.   31.
 2968.   33.
 2973.   34.
 2978.   36.
 2983.   38.
 2988.   40.
 2993.   41.
 2998.   42.
 3003.   43.
 3008.   44.
 3013.   46.
 3018.   48.
 3023.   50.
 3028.   52.
 3033.   55.
 3038.   58.
 3043.   60.
 3048.   62.
 3053.   64.
 3058.   66.
 3063.   68.
 3068.   70.
 3073.   73.
 3078.   76.
 3083.   79.
 3088.   82.
 3093.   86.
 3098.   90.
 3103.   93.
 3108.   97.
 3113.  104.
 3118.  109.
 3123.  115.
 3128.  121.
 3133.  131.
 3138.  130.
 3143.  142.
 3148.  143.
 3153.  151.
 3158.  152.
 3163.  163.
 3168.  175.
 3173.  181.
 3178.  196.
 3183.  205.
 3188.  219.
 3193.  226.
 3198.  236.
 3203.  255.
 3208.  271.
 3213.  283.
 3218.  303.
 3223.  322.
 3228.  334.
 3233.  361.
 3238.  377.
 3243.  406.
 3248.  424.
 3253.  457.
 3258.  481.
 3263.  514.
 3268.  553.
 3273.  591.
 3278.  632.
 3283.  667.
 3288.  710.
 3293.  766.
 3298.  817.
 3303.  868.
 3308.  922.
 3313.  989.
 3318. 1058.
 3323. 1136.
 3328. 1211.
 3333. 1299.
 3338. 1390.
