
  181. 3627.
   51.   19.2
 3678.   13.0
  457.  14 274
  462.  13 274
  467.  16 274
  472.  15 274
  477.  17 275
  482.  15 275
  487.  15 274
  492.  16 273
  497.  18 274
  502.  17 274
  507.  20 274
  512.  20 274
  517.  20 273
  522.  25 274
  527.  22 274
  532.  23 274
  537.  26 274
  542.  28 274
  547.  25 274
  552.  27 273
  557.  27 274
  562.  23 274
  567.  27 274
  572.  30 274
  577.  30 274
  582.  30 275
  587.  30 274
  592.  31 274
  597.  32 274
  602.  35 275
  607.  36 275
  612.  35 274
  617.  37 274
  622.  37 274
  627.  38 274
  632.  39 274
  637.  38 274
  642.  41 274
  647.  40 274
  652.  41 274
  657.  44 274
  662.  44 274
  667.  44 274
  672.  48 274
  677.  47 274
  682.  47 274
  687.  51 274
  692.  52 275
  697.  50 274
  702.  52 274
  707.  50 274
  712.  54 275
  717.  56 274
  722.  58 274
  727.  58 274
  732.  62 274
  737.  60 274
  742.  63 274
  747.  67 274
  752.  69 274
  757.  70 274
  762.  72 275
  767.  74 274
  772.  76 274
  777.  80 275
  782.  80 274
  787.  85 274
  792.  83 274
  797.  89 274
  802.  91 274
  807.  92 275
  812.  98 275
  817.  96 274
  822.  99 274
  827. 103 274
  832. 109 275
  837. 112 274
  842. 112 275
  847. 115 275
  852. 117 274
  857. 121 274
  862. 127 274
  867. 131 274
  872. 135 275
  877.-136 275
  882.-130 274
  887.-125 275
  892.-118 274
  897.-112 275
  902.-105 274
  907. -97 274
  912. -91 274
  917. -81 273
  922. -75 274
  927. -64 275
  932. -56 274
  937. -49 274
  942. -37 273
  947. -24 274
  952. -14 274
  957.  -2 274
  962.  10 274
  967.  26 274
  972.  41 275
  977.  55 274
  982.  78 274
  987.  93 275
  992. 109 275
  997. 130 275
 1002.-123 275
 1007.-102 275
 1012. -77 275
 1017. -51 274
 1022. -28 274
 1027.   2 275
 1032.  33 274
 1037.  67 276
 1042. 100 276
 1047. 134 276
 1052.-101 274
 1057. -56 275
 1062. -12 274
 1067.  30 274
 1072.  86 276
 1077.-137 278
 1082. -80 277
 1087. -16 275
 1092.  46 277
 1097. 123 282
 1102. -88 277
 1107.  -8 278
 1112.  81 277
 1117.-116 280
 1122.  -9 275
 1127.  96 278
 1132. -81 279
 1137.  41 274
 1142. -86 274
 1147. -56 306
 1152. -85 278
 9999. 999 999
  181. 3627.
   51.   19.2
 3678.   13.0
 1589.  20 274
 1594.  22 274
 1599.  20 273
 1604.  17 273
 1609.  21 273
 1614.  17 273
 1619.  21 273
 1624.  17 273
 1629.  21 273
 1634.  20 273
 1639.  24 274
 1644.  23 274
 1649.  21 274
 1654.  20 273
 1659.  24 274
 1664.  20 272
 1669.  20 273
 1674.  20 274
 1679.  24 274
 1684.  22 273
 1689.  22 274
 1694.  23 273
 1699.  26 274
 1704.  22 273
 1709.  26 273
 1714.  24 273
 1719.  28 275
 1724.  26 273
 1729.  26 272
 1734.  26 273
 1739.  28 273
 1744.  27 274
 1749.  30 274
 1754.  29 273
 1759.  30 274
 1764.  29 274
 1769.  32 273
 1774.  33 273
 1779.  35 273
 1784.  35 273
 1789.  38 274
 1794.  35 274
 1799.  39 274
 1804.  38 273
 1809.  37 273
 1814.  38 274
 1819.  42 274
 1824.  44 274
 1829.  45 273
 1834.  43 274
 1839.  45 274
 1844.  44 273
 1849.  46 274
 1854.  48 273
 1859.  51 274
 1864.  49 274
 1869.  52 274
 1874.  53 273
 1879.  55 274
 1884.  56 273
 1889.  58 275
 1894.  59 274
 1899.  61 273
 1904.  61 274
 1909.  65 274
 1914.  65 274
 1919.  68 274
 1924.  68 274
 1929.  69 274
 1934.  75 274
 1939.  73 274
 1944.  76 274
 1949.  80 273
 1954.  83 275
 1959.  88 274
 1964.  89 274
 1969.  91 274
 1974.  95 274
 1979. 102 274
 1984. 102 274
 1989. 104 274
 1994. 108 274
 1999. 115 275
 2004. 121 275
 2009. 126 274
 2014. 132 274
 2019.-137 274
 2024.-135 274
 2029.-127 274
 2034.-122 274
 2039.-111 273
 2044.-102 275
 2049. -92 274
 2054. -84 274
 2059. -76 273
 2064. -66 274
 2069. -53 274
 2074. -42 274
 2079. -33 273
 2084. -16 274
 2089.  -3 274
 2094.  13 274
 2099.  28 274
 2104.  45 275
 2109.  64 276
 2114.  87 275
 2119. 107 275
 2124. 127 274
 2129.-122 275
 2134. -94 275
 2139. -69 274
 2144. -37 275
 2149.  -5 274
 2154.  28 274
 2159.  65 275
 2164. 104 275
 2169.-132 275
 2174. -88 274
 2179. -42 275
 2184.   8 274
 2189.  62 274
 2194. 119 275
 2199. -94 277
 2204. -27 275
 2209.  44 276
 2214. 118 277
 2219. -76 276
 2224.  14 274
 2229. 102 280
 2234. -78 273
 2239.  30 272
 2244. 128 283
 2249. -10 275
 2254. 119 283
 2259. -36 274
 9999. 999 999
  181. 3627.
   51.   19.2
 3678.   13.0
 2736.  19 273
 2741.  10 272
 2746.  11 275
 2751.  14 273
 2756.  16 274
 2761.  18 274
 2766.  16 273
 2771.  19 274
 2776.  16 273
 2781.  18 274
 2786.  22 274
 2791.  21 273
 2796.  22 274
 2801.  24 274
 2806.  23 275
 2811.  21 273
 2816.  27 274
 2821.  23 273
 2826.  23 272
 2831.  24 274
 2836.  29 274
 2841.  26 274
 2846.  27 274
 2851.  28 273
 2856.  26 274
 2861.  27 273
 2866.  30 274
 2871.  29 273
 2876.  30 273
 2881.  31 274
 2886.  31 274
 2891.  33 273
 2896.  31 274
 2901.  35 274
 2906.  34 274
 2911.  33 273
 2916.  34 274
 2921.  33 273
 2926.  36 274
 2931.  36 273
 2936.  39 274
 2941.  38 273
 2946.  43 274
 2951.  43 274
 2956.  43 273
 2961.  44 273
 2966.  44 273
 2971.  50 274
 2976.  51 274
 2981.  50 274
 2986.  54 274
 2991.  54 273
 2996.  57 273
 3001.  56 273
 3006.  61 275
 3011.  55 273
 3016.  63 274
 3021.  62 274
 3026.  67 275
 3031.  65 275
 3036.  69 274
 3041.  73 274
 3046.  78 275
 3051.  78 273
 3056.  83 275
 3061.  89 276
 3066.  88 275
 3071.  90 273
 3076.  93 274
 3081.  96 274
 3086. 105 274
 3091. 107 275
 3096. 108 274
 3101. 116 275
 3106. 118 275
 3111. 121 274
 3116. 126 275
 3121. 136 276
 3126. 137 275
 3131.-130 274
 3136.-127 274
 3141.-119 274
 3146.-116 275
 3151.-105 277
 3156. -98 274
 3161. -92 275
 3166. -82 275
 3171. -69 274
 3176. -64 273
 3181. -50 273
 3186. -41 273
 3191. -25 275
 3196. -15 273
 3201.  -4 274
 3206.  10 274
 3211.  24 274
 3216.  45 274
 3221.  63 275
 3226.  84 275
 3231. 106 274
 3236. 124 275
 3241.-130 274
 3246.-109 277
 3251. -77 275
 3256. -52 275
 3261. -20 274
 3266.  11 274
 3271.  50 274
 3276.  88 277
 3281. 131 277
 3286. -98 275
 3291. -52 275
 3296.  -1 275
 3301.  53 275
 3306.  99 274
 3311.-115 283
 3316. -30 276
 3321.  34 275
 3326. 115 280
 3331. -73 274
 3336.  16 277
 3341. 121 289
 3346. -62 275
 3351.  44 273
 3356. -28 262
 3361.  -5 273
 9999. 999 999
