
  181. 3636.
   51.   16.4
 3687.    4.6
  452.  16 274
  457.   6 274
  462.   5 274
  467.  11 274
  472.   6 274
  477.   7 274
  482.   9 275
  487.  13 274
  492.  10 274
  497.   9 274
  502.  10 274
  507.  12 274
  512.  11 274
  517.  12 274
  522.  17 274
  527.  14 273
  532.  14 274
  537.  12 275
  542.  13 274
  547.  19 274
  552.  16 274
  557.  20 274
  562.  21 274
  567.  21 273
  572.  23 273
  577.  25 273
  582.  25 274
  587.  22 274
  592.  24 274
  597.  24 275
  602.  23 273
  607.  25 274
  612.  27 273
  617.  30 274
  622.  26 274
  627.  29 274
  632.  28 274
  637.  30 272
  642.  32 274
  647.  32 274
  652.  33 274
  657.  34 274
  662.  32 274
  667.  37 275
  672.  35 273
  677.  36 274
  682.  39 273
  687.  36 274
  692.  42 274
  697.  40 273
  702.  40 275
  707.  43 274
  712.  43 274
  717.  47 275
  722.  45 273
  727.  48 273
  732.  52 274
  737.  52 274
  742.  55 274
  747.  56 274
  752.  58 274
  757.  61 274
  762.  63 273
  767.  62 274
  772.  70 275
  777.  72 274
  782.  70 275
  787.  72 275
  792.  76 274
  797.  78 274
  802.  83 274
  807.  84 274
  812.  86 275
  817.  93 275
  822.  95 274
  827.  99 274
  832.  99 274
  837. 103 274
  842. 106 274
  847. 110 274
  852. 110 274
  857. 120 274
  862. 124 274
  867. 123 274
  872. 133 274
  877. 134 273
  882.-131 275
  887.-128 273
  892.-120 274
  897.-114 273
  902.-105 273
  907. -97 274
  912. -92 274
  917. -82 273
  922. -76 275
  927. -64 274
  932. -54 274
  937. -46 274
  942. -33 276
  947. -24 275
  952.  -7 273
  957.   5 274
  962.  15 274
  967.  29 274
  972.  45 274
  977.  64 274
  982.  80 273
  987.  96 274
  992. 117 275
  997.-136 274
 1002.-116 274
 1007. -92 275
 1012. -70 274
 1017. -43 274
 1022. -17 274
 1027.  13 274
 1032.  40 274
 1037.  70 276
 1042. 107 274
 1047.-133 276
 1052. -95 275
 1057. -60 276
 1062. -10 276
 1067.  28 276
 1072.  80 276
 1077. 132 277
 1082. -88 277
 1087. -31 275
 1092.  25 275
 1097.  90 276
 1102.-124 274
 1107. -45 274
 1112.  40 275
 1117. 126 278
 1122. -74 280
 1127.  18 275
 1132. 129 281
 1137. -24 276
 1142.  73 281
 9999. 999 999
  181. 3636.
   51.   16.4
 3687.    4.6
 1579.  27 272
 1584.  14 274
 1589.  19 273
 1594.  17 274
 1599.  16 271
 1604.  18 272
 1609.  12 275
 1614.  14 274
 1619.  17 273
 1624.  19 272
 1629.  20 273
 1634.  16 274
 1639.  16 273
 1644.  17 274
 1649.  16 273
 1654.  17 273
 1659.  19 273
 1664.  15 273
 1669.  16 273
 1674.  15 272
 1679.  18 273
 1684.  16 274
 1689.  17 272
 1694.  16 273
 1699.  18 273
 1704.  18 274
 1709.  15 274
 1714.  21 272
 1719.  22 273
 1724.  19 272
 1729.  20 273
 1734.  22 272
 1739.  23 272
 1744.  23 273
 1749.  19 273
 1754.  23 274
 1759.  23 273
 1764.  27 274
 1769.  23 273
 1774.  24 274
 1779.  29 272
 1784.  30 274
 1789.  27 273
 1794.  29 273
 1799.  29 274
 1804.  30 273
 1809.  30 275
 1814.  31 273
 1819.  36 273
 1824.  37 273
 1829.  38 272
 1834.  36 274
 1839.  40 273
 1844.  41 273
 1849.  41 274
 1854.  42 274
 1859.  38 273
 1864.  45 272
 1869.  45 272
 1874.  45 274
 1879.  50 273
 1884.  48 273
 1889.  49 274
 1894.  52 273
 1899.  56 273
 1904.  56 273
 1909.  59 274
 1914.  60 274
 1919.  59 274
 1924.  60 274
 1929.  64 273
 1934.  69 274
 1939.  71 274
 1944.  72 273
 1949.  80 272
 1954.  81 273
 1959.  85 274
 1964.  89 274
 1969.  92 273
 1974.  93 274
 1979. 101 274
 1984. 101 273
 1989. 105 273
 1994. 114 274
 1999. 112 274
 2004. 124 274
 2009. 129 274
 2014. 136 272
 2019.-134 274
 2024.-124 273
 2029.-120 274
 2034.-114 273
 2039.-102 275
 2044. -93 273
 2049. -88 274
 2054. -76 273
 2059. -63 274
 2064. -58 273
 2069. -45 275
 2074. -29 273
 2079. -18 274
 2084.  -5 274
 2089.   9 275
 2094.  29 274
 2099.  47 274
 2104.  62 273
 2109.  85 274
 2114. 106 275
 2119. 125 274
 2124.-129 274
 2129.-102 273
 2134. -73 274
 2139. -47 275
 2144. -13 274
 2149.  11 274
 2154.  52 273
 2159.  85 277
 2164. 127 276
 2169.-106 276
 2174. -64 276
 2179. -19 275
 2184.  36 274
 2189.  89 275
 2194.-134 276
 2199. -67 276
 2204. -15 276
 2209.  61 274
 2214. 127 275
 2219. -78 278
 2224.  12 277
 2229. 107 278
 2234. -77 272
 2239.   7 280
 2244. 117 283
 2249.  10 275
 9999. 999 999
  181. 3636.
   51.   16.4
 3687.    4.6
 2732.   8 272
 2737.  -1 273
 2742.  -3 274
 2747.  -2 274
 2752.   0 272
 2757.   4 273
 2762.   2 275
 2767.   3 273
 2772.   4 274
 2777.   5 274
 2782.   5 273
 2787.  11 274
 2792.   7 274
 2797.   9 274
 2802.   6 273
 2807.  10 273
 2812.   8 273
 2817.  10 274
 2822.   8 274
 2827.   9 274
 2832.  12 273
 2837.   7 274
 2842.   8 274
 2847.   9 275
 2852.  12 273
 2857.   6 273
 2862.  12 273
 2867.  11 273
 2872.  10 274
 2877.  11 273
 2882.  15 274
 2887.  10 275
 2892.  15 274
 2897.  16 274
 2902.  16 273
 2907.  17 273
 2912.  20 273
 2917.  19 273
 2922.  17 273
 2927.  19 275
 2932.  18 273
 2937.  21 274
 2942.  22 273
 2947.  23 272
 2952.  23 275
 2957.  29 273
 2962.  26 274
 2967.  31 274
 2972.  29 273
 2977.  35 274
 2982.  34 274
 2987.  32 275
 2992.  40 273
 2997.  41 274
 3002.  40 274
 3007.  48 274
 3012.  44 275
 3017.  51 276
 3022.  50 274
 3027.  52 276
 3032.  53 274
 3037.  57 274
 3042.  63 275
 3047.  63 275
 3052.  66 274
 3057.  66 274
 3062.  67 277
 3067.  73 272
 3072.  76 274
 3077.  80 275
 3082.  85 273
 3087.  90 274
 3092.  90 273
 3097.  93 275
 3102. 100 274
 3107. 104 274
 3112. 108 273
 3117. 118 273
 3122. 125 274
 3127. 132 273
 3132.-137 274
 3137.-136 278
 3142.-119 273
 3147.-118 276
 3152.-110 275
 3157. -94 275
 3162. -90 275
 3167. -73 273
 3172. -70 274
 3177. -51 276
 3182. -42 274
 3187. -31 272
 3192. -18 274
 3197.  -5 275
 3202.   8 273
 3207.  25 274
 3212.  42 274
 3217.  60 274
 3222.  80 274
 3227. 103 273
 3232. 121 276
 3237.-128 275
 3242. -97 275
 3247. -75 275
 3252. -46 275
 3257. -15 275
 3262.  11 276
 3267.  49 276
 3272.  85 275
 3277. 126 277
 3282.-104 277
 3287. -50 275
 3292.  -4 275
 3297.  47 276
 3302. 101 280
 3307.-116 280
 3312. -51 276
 3317.  31 274
 3322.  92 278
 3327.-112 278
 3332. -23 274
 3337.  64 280
 3342.-113 279
 3347. -14 276
 3352. 792 449
 9999. 999 999
