
  183. 3627.
   51.   22.2
 3678.   23.4
  454.  15 274
  459.  12 274
  464.  13 274
  469.  13 274
  474.  13 273
  479.  14 273
  484.  13 274
  489.  15 274
  494.  15 274
  499.  17 274
  504.  18 274
  509.  17 273
  514.  20 274
  519.  20 273
  524.  20 274
  529.  21 274
  534.  20 274
  539.  22 274
  544.  25 274
  549.  25 274
  554.  23 274
  559.  27 274
  564.  28 274
  569.  28 274
  574.  27 274
  579.  30 274
  584.  29 274
  589.  30 274
  594.  32 274
  599.  33 274
  604.  37 274
  609.  35 274
  614.  35 274
  619.  36 274
  624.  38 274
  629.  40 274
  634.  41 274
  639.  43 274
  644.  44 274
  649.  45 274
  654.  47 274
  659.  47 274
  664.  49 274
  669.  48 273
  674.  53 274
  679.  55 274
  684.  55 274
  689.  58 274
  694.  59 274
  699.  60 274
  704.  59 274
  709.  63 274
  714.  66 274
  719.  68 274
  724.  67 274
  729.  69 274
  734.  74 274
  739.  73 274
  744.  79 274
  749.  79 274
  754.  84 274
  759.  86 274
  764.  89 274
  769.  94 274
  774.  96 274
  779.  98 274
  784. 101 274
  789. 107 274
  794. 111 274
  799. 114 274
  804. 117 274
  809. 124 274
  814. 125 274
  819. 129 275
  824. 134 274
  829.-136 274
  834.-130 274
  839.-128 275
  844.-123 274
  849.-116 273
  854.-112 274
  859.-106 274
  864.-102 274
  869. -94 274
  874. -86 274
  879. -80 274
  884. -73 273
  889. -64 274
  894. -56 274
  899. -49 274
  904. -40 274
  909. -31 274
  914. -22 274
  919. -11 274
  924.   0 274
  929.   9 273
  934.  19 274
  939.  32 274
  944.  44 274
  949.  54 274
  954.  70 274
  959.  84 274
  964.  99 274
  969. 114 275
  974. 131 274
  979.-126 274
  984.-107 274
  989. -92 274
  994. -72 275
  999. -51 274
 1004. -30 274
 1009. -10 274
 1014.  13 274
 1019.  39 274
 1024.  63 275
 1029.  91 274
 1034. 118 275
 1039.-130 275
 1044. -99 275
 1049. -69 276
 1054. -35 275
 1059.   0 275
 1064.  33 275
 1069.  74 275
 1074. 111 276
 1079.-119 275
 1084. -76 276
 1089. -28 275
 1094.  18 275
 1099.  74 276
 1104. 126 277
 1109. -92 275
 1114. -34 275
 1119.  26 275
 1124.  90 277
 1129.-119 277
 1134. -46 276
 1139.  33 276
 1144. 111 277
 1149. -82 277
 1154.  11 276
 1159.  99 277
 1164. -92 282
 1169.  30 275
 9999. 999 999
  183. 3627.
   51.   22.2
 3678.   23.4
 1581.  23 273
 1586.  18 273
 1591.  17 273
 1596.  17 273
 1601.  17 272
 1606.  13 273
 1611.  11 273
 1616.  12 273
 1621.  13 273
 1626.  15 273
 1631.  16 273
 1636.  16 273
 1641.  17 273
 1646.  17 273
 1651.  15 273
 1656.  18 273
 1661.  17 273
 1666.  18 273
 1671.  19 273
 1676.  18 274
 1681.  18 273
 1686.  20 273
 1691.  20 274
 1696.  21 274
 1701.  23 274
 1706.  24 273
 1711.  22 274
 1716.  24 273
 1721.  26 274
 1726.  28 273
 1731.  27 274
 1736.  27 273
 1741.  28 273
 1746.  28 274
 1751.  31 274
 1756.  32 274
 1761.  34 273
 1766.  36 274
 1771.  35 273
 1776.  39 273
 1781.  39 274
 1786.  42 273
 1791.  42 273
 1796.  44 273
 1801.  46 274
 1806.  43 274
 1811.  47 274
 1816.  47 273
 1821.  50 273
 1826.  53 274
 1831.  54 274
 1836.  57 274
 1841.  57 274
 1846.  57 273
 1851.  61 274
 1856.  64 273
 1861.  65 274
 1866.  66 273
 1871.  67 274
 1876.  72 274
 1881.  70 274
 1886.  76 273
 1891.  76 274
 1896.  80 274
 1901.  84 273
 1906.  87 273
 1911.  91 274
 1916.  93 274
 1921.  97 274
 1926. 101 274
 1931. 104 273
 1936. 108 274
 1941. 112 273
 1946. 116 273
 1951. 121 274
 1956. 125 273
 1961. 129 274
 1966. 136 274
 1971.-133 274
 1976.-129 274
 1981.-122 274
 1986.-115 274
 1991.-110 274
 1996.-104 274
 2001. -93 274
 2006. -87 273
 2011. -77 274
 2016. -70 274
 2021. -61 274
 2026. -51 274
 2031. -43 274
 2036. -32 274
 2041. -19 273
 2046. -10 274
 2051.   3 274
 2056.  17 274
 2061.  29 273
 2066.  43 274
 2071.  58 274
 2076.  74 275
 2081.  89 274
 2086. 107 275
 2091. 125 274
 2096.-132 274
 2101.-112 275
 2106. -89 274
 2111. -70 275
 2116. -44 275
 2121. -21 274
 2126.   5 274
 2131.  35 274
 2136.  62 274
 2141.  91 275
 2146. 126 274
 2151.-116 274
 2156. -83 275
 2161. -46 274
 2166.  -8 274
 2171.  31 274
 2176.  68 275
 2181. 113 275
 2186.-113 276
 2191. -62 275
 2196. -15 275
 2201.  39 276
 2206.  94 275
 2211.-120 276
 2216. -56 276
 2221.  12 275
 2226.  79 276
 2231.-123 276
 2236. -48 277
 2241.  32 276
 2246. 124 277
 2251. -64 276
 2256.  40 275
 2261.-137 278
 2266. -30 275
 2271.  77 276
 2276. -77 276
 2281.  45 280
 2286.-111 277
 2291.  30 277
 9999. 999 999
  183. 3627.
   51.   22.2
 3678.   23.4
 2731.  22 273
 2736.   9 273
 2741.  10 274
 2746.  11 274
 2751.  13 274
 2756.  12 273
 2761.  13 274
 2766.  15 273
 2771.  15 273
 2776.  14 273
 2781.  14 273
 2786.  17 273
 2791.  18 273
 2796.  19 274
 2801.  20 273
 2806.  20 274
 2811.  23 273
 2816.  20 273
 2821.  22 273
 2826.  23 274
 2831.  24 273
 2836.  22 274
 2841.  24 273
 2846.  25 273
 2851.  25 274
 2856.  26 274
 2861.  23 273
 2866.  28 274
 2871.  28 273
 2876.  29 273
 2881.  32 274
 2886.  31 274
 2891.  32 273
 2896.  33 273
 2901.  36 274
 2906.  39 274
 2911.  37 273
 2916.  39 274
 2921.  41 273
 2926.  43 274
 2931.  44 274
 2936.  45 274
 2941.  47 274
 2946.  49 274
 2951.  53 275
 2956.  52 274
 2961.  56 274
 2966.  56 273
 2971.  60 274
 2976.  62 274
 2981.  66 275
 2986.  69 274
 2991.  70 274
 2996.  76 274
 3001.  77 274
 3006.  81 274
 3011.  84 274
 3016.  88 274
 3021.  91 275
 3026.  96 275
 3031.  98 274
 3036. 105 274
 3041. 109 275
 3046. 114 274
 3051. 120 274
 3056. 123 274
 3061. 130 275
 3066. 135 274
 3071.-135 274
 3076.-130 274
 3081.-121 275
 3086.-115 275
 3091.-108 274
 3096.-102 274
 3101. -93 274
 3106. -87 275
 3111. -78 274
 3116. -70 274
 3121. -60 274
 3126. -52 274
 3131. -39 274
 3136. -30 274
 3141. -19 274
 3146. -10 274
 3151.   5 274
 3156.  15 274
 3161.  28 274
 3166.  46 274
 3171.  58 275
 3176.  72 274
 3181.  89 275
 3186. 106 276
 3191. 123 275
 3196.-134 275
 3201.-110 274
 3206. -90 275
 3211. -69 275
 3216. -46 275
 3221. -21 275
 3226.   6 275
 3231.  31 275
 3236.  60 275
 3241.  92 276
 3246. 120 275
 3251.-120 275
 3256. -85 275
 3261. -49 275
 3266.  -8 275
 3271.  34 276
 3276.  78 276
 3281. 127 276
 3286.-103 275
 3291. -51 276
 3296.   3 275
 3301.  62 276
 3306. 121 276
 3311. -90 275
 3316. -19 275
 3321.  52 276
 3326. 121 277
 3331. -74 276
 3336.  10 276
 3341. 100 279
 3346. -85 278
 3351.  11 278
 3356. 114 276
 3361. -57 277
 3366.  57 279
 3371. -89 279
 3376.  30 281
 3381.-100 275
 9999. 999 999
