
  181. 3627.
   51.   16.1
 3678.   15.0
  451.  28 273
  456.  18 273
  461.  17 274
  466.  18 274
  471.  18 273
  476.  18 274
  481.  18 274
  486.  20 274
  491.  22 274
  496.  22 274
  501.  21 274
  506.  21 274
  511.  21 275
  516.  22 273
  521.  24 274
  526.  25 273
  531.  24 274
  536.  24 274
  541.  26 274
  546.  24 274
  551.  31 274
  556.  28 274
  561.  30 274
  566.  30 274
  571.  32 274
  576.  32 273
  581.  35 274
  586.  33 274
  591.  36 274
  596.  36 274
  601.  37 274
  606.  37 274
  611.  36 274
  616.  36 274
  621.  39 275
  626.  40 273
  631.  38 274
  636.  39 273
  641.  39 274
  646.  42 274
  651.  43 275
  656.  44 275
  661.  44 274
  666.  45 274
  671.  47 274
  676.  47 274
  681.  49 274
  686.  50 274
  691.  51 273
  696.  53 274
  701.  51 274
  706.  54 274
  711.  53 274
  716.  56 274
  721.  57 274
  726.  57 274
  731.  61 274
  736.  60 274
  741.  63 274
  746.  65 273
  751.  71 274
  756.  73 274
  761.  71 275
  766.  75 274
  771.  77 274
  776.  78 274
  781.  84 274
  786.  86 275
  791.  88 274
  796.  92 275
  801.  93 275
  806.  97 275
  811. 100 274
  816. 101 275
  821. 101 274
  826. 109 274
  831. 112 274
  836. 113 274
  841. 119 274
  846. 123 274
  851. 122 274
  856. 126 274
  861. 132 274
  866. 136 275
  871.-133 274
  876.-124 274
  881.-121 274
  886.-117 274
  891.-108 274
  896.-102 274
  901. -98 273
  906. -88 274
  911. -84 274
  916. -73 274
  921. -66 274
  926. -55 273
  931. -44 273
  936. -36 274
  941. -28 274
  946. -14 274
  951.  -1 274
  956.  10 274
  961.  25 274
  966.  36 273
  971.  53 275
  976.  70 274
  981.  85 274
  986. 104 275
  991. 123 274
  996.-131 275
 1001.-112 274
 1006. -90 275
 1011. -67 275
 1016. -39 274
 1021. -16 275
 1026.  14 275
 1031.  44 274
 1036.  74 274
 1041. 107 276
 1046.-135 276
 1051. -99 275
 1056. -58 274
 1061. -16 274
 1066.  25 275
 1071.  78 276
 1076. 123 278
 1081. -99 275
 1086. -43 275
 1091.  17 276
 1096.  79 276
 1101.-133 277
 1106. -59 277
 1111.  17 274
 1116.  93 279
 1121. -84 276
 1126.  -4 275
 1131.  78 276
 1136. -80 277
 1141.  30 272
 1146. 191 193
 1151. 106 272
 9999. 999 999
  181. 3627.
   51.   16.1
 3678.   15.0
 1581.  29 272
 1586.  23 274
 1591.  19 273
 1596.  19 273
 1601.  23 272
 1606.  21 273
 1611.  24 273
 1616.  19 273
 1621.  23 274
 1626.  22 273
 1631.  24 273
 1636.  23 273
 1641.  25 273
 1646.  25 274
 1651.  25 273
 1656.  26 273
 1661.  24 274
 1666.  23 273
 1671.  23 273
 1676.  23 273
 1681.  26 273
 1686.  22 273
 1691.  24 273
 1696.  25 272
 1701.  22 274
 1706.  23 274
 1711.  27 273
 1716.  27 274
 1721.  25 273
 1726.  26 274
 1731.  29 273
 1736.  28 273
 1741.  29 274
 1746.  29 274
 1751.  28 273
 1756.  29 272
 1761.  32 274
 1766.  32 274
 1771.  33 274
 1776.  35 273
 1781.  36 273
 1786.  38 274
 1791.  36 274
 1796.  35 273
 1801.  41 274
 1806.  41 273
 1811.  42 274
 1816.  40 273
 1821.  45 274
 1826.  43 272
 1831.  46 272
 1836.  46 273
 1841.  48 274
 1846.  51 275
 1851.  51 275
 1856.  51 274
 1861.  53 273
 1866.  56 274
 1871.  57 274
 1876.  55 273
 1881.  57 273
 1886.  58 274
 1891.  60 273
 1896.  58 272
 1901.  63 274
 1906.  65 273
 1911.  65 274
 1916.  68 274
 1921.  71 274
 1926.  75 275
 1931.  76 274
 1936.  74 273
 1941.  81 273
 1946.  83 274
 1951.  87 274
 1956.  90 274
 1961.  96 274
 1966.  98 274
 1971. 103 274
 1976. 106 275
 1981. 110 274
 1986. 116 273
 1991. 115 274
 1996. 120 274
 2001. 129 274
 2006. 132 275
 2011.-136 273
 2016.-130 274
 2021.-123 274
 2026.-118 275
 2031.-108 274
 2036.-101 274
 2041. -91 274
 2046. -84 273
 2051. -73 274
 2056. -61 274
 2061. -54 274
 2066. -43 273
 2071. -32 274
 2076. -18 274
 2081.  -7 274
 2086.   8 273
 2091.  21 274
 2096.  39 274
 2101.  60 275
 2106.  77 274
 2111.  94 276
 2116. 116 274
 2121.-137 276
 2126.-115 275
 2131. -86 274
 2136. -59 275
 2141. -32 275
 2146.  -1 274
 2151.  35 274
 2156.  65 275
 2161. 107 275
 2166.-130 274
 2171. -87 276
 2176. -41 274
 2181.   2 275
 2186.  56 275
 2191. 109 275
 2196.-103 277
 2201. -47 276
 2206.  16 274
 2211.  84 274
 2216.-126 278
 2221. -38 275
 2226.  46 275
 2231. 130 290
 2236. -49 275
 2241.  61 282
 2246.  13 276
 2251. 877 197
 9999. 999 999
  181. 3627.
   51.   16.1
 3678.   15.0
 2731.  33 272
 2736.  22 273
 2741.  20 275
 2746.  18 273
 2751.  22 273
 2756.  22 274
 2761.  23 273
 2766.  23 273
 2771.  23 273
 2776.  24 273
 2781.  25 273
 2786.  27 274
 2791.  26 272
 2796.  26 273
 2801.  33 274
 2806.  32 274
 2811.  29 273
 2816.  30 273
 2821.  30 274
 2826.  31 274
 2831.  32 274
 2836.  32 275
 2841.  29 273
 2846.  33 275
 2851.  29 274
 2856.  32 273
 2861.  32 274
 2866.  34 275
 2871.  36 274
 2876.  36 273
 2881.  34 273
 2886.  35 273
 2891.  36 273
 2896.  37 274
 2901.  35 274
 2906.  35 273
 2911.  39 274
 2916.  40 274
 2921.  39 274
 2926.  41 274
 2931.  45 273
 2936.  40 273
 2941.  44 273
 2946.  44 273
 2951.  42 274
 2956.  47 274
 2961.  51 274
 2966.  53 274
 2971.  52 273
 2976.  56 273
 2981.  56 273
 2986.  58 274
 2991.  58 273
 2996.  64 274
 3001.  60 273
 3006.  62 273
 3011.  65 274
 3016.  68 274
 3021.  71 274
 3026.  72 275
 3031.  73 274
 3036.  75 274
 3041.  81 274
 3046.  83 273
 3051.  85 274
 3056.  93 275
 3061.  89 274
 3066.  97 274
 3071.  97 274
 3076. 101 273
 3081. 106 274
 3086. 114 275
 3091. 119 275
 3096. 120 274
 3101. 126 274
 3106. 132 275
 3111. 132 275
 3116. 137 274
 3121.-130 274
 3126.-122 274
 3131.-120 274
 3136.-109 275
 3141.-105 273
 3146. -95 275
 3151. -86 274
 3156. -77 274
 3161. -68 274
 3166. -59 274
 3171. -50 274
 3176. -36 274
 3181. -27 274
 3186. -12 273
 3191.  -3 274
 3196.  10 274
 3201.  27 273
 3206.  43 274
 3211.  59 274
 3216.  78 274
 3221.  95 276
 3226. 113 276
 3231. 135 275
 3236.-115 275
 3241. -91 275
 3246. -63 275
 3251. -36 275
 3256. -10 276
 3261.  24 275
 3266.  60 275
 3271. 102 277
 3276. 140 279
 3281. -92 275
 3286. -53 276
 3291.  -5 275
 3296.  46 277
 3301.  98 277
 3306.-122 277
 3311. -53 275
 3316.  18 275
 3321.  90 277
 3326.-113 280
 3331. -25 276
 3336.  57 275
 3341. -16 228
 3346. -30 273
 3351.  95 287
 9999. 999 999
