
  183. 3626.
   51.   27.2
 3677.   19.8
  453.  14 273
  458.  10 274
  463.  13 274
  468.  12 274
  473.  15 273
  478.  15 274
  483.  17 274
  488.  15 274
  493.  17 274
  498.  19 274
  503.  17 274
  508.  17 274
  513.  18 274
  518.  18 274
  523.  20 274
  528.  17 274
  533.  20 274
  538.  20 274
  543.  21 274
  548.  24 274
  553.  24 274
  558.  25 274
  563.  25 273
  568.  27 274
  573.  27 274
  578.  30 274
  583.  30 274
  588.  30 274
  593.  32 274
  598.  33 274
  603.  34 274
  608.  35 274
  613.  35 274
  618.  37 274
  623.  38 274
  628.  40 274
  633.  41 274
  638.  41 274
  643.  42 274
  648.  41 273
  653.  43 274
  658.  46 274
  663.  47 274
  668.  49 274
  673.  51 274
  678.  50 273
  683.  52 274
  688.  56 274
  693.  59 274
  698.  57 274
  703.  58 274
  708.  61 274
  713.  65 274
  718.  68 274
  723.  67 274
  728.  71 274
  733.  74 274
  738.  75 274
  743.  77 274
  748.  80 274
  753.  83 274
  758.  84 274
  763.  89 274
  768.  92 274
  773.  96 274
  778.  98 274
  783. 101 274
  788. 106 274
  793. 109 274
  798. 111 274
  803. 116 274
  808. 121 274
  813. 126 274
  818. 131 274
  823. 135 274
  828. 136 274
  833.-133 274
  838.-127 274
  843.-123 274
  848.-119 274
  853.-112 274
  858.-106 274
  863.-101 274
  868. -95 274
  873. -90 274
  878. -82 274
  883. -76 273
  888. -67 273
  893. -59 274
  898. -53 273
  903. -45 274
  908. -37 273
  913. -29 273
  918. -18 274
  923.  -6 274
  928.   5 274
  933.  15 273
  938.  28 274
  943.  41 274
  948.  54 274
  953.  67 274
  958.  80 274
  963.  96 274
  968. 111 274
  973. 126 275
  978.-132 275
  983.-112 274
  988. -96 274
  993. -76 274
  998. -58 274
 1003. -35 274
 1008. -13 274
 1013.   9 274
 1018.  32 275
 1023.  58 275
 1028.  85 275
 1033. 110 275
 1038.-135 275
 1043.-104 275
 1048. -72 275
 1053. -39 274
 1058.  -6 275
 1063.  33 275
 1068.  69 276
 1073. 109 276
 1078.-126 276
 1083. -80 275
 1088. -36 275
 1093.  14 276
 1098.  63 275
 1103. 119 276
 1108. -99 276
 1113. -43 276
 1118.  20 276
 1123.  85 276
 1128.-125 277
 1133. -51 276
 1138.  20 276
 1143. 100 277
 1148. -91 278
 1153.  -7 277
 1158.  85 278
 1163.-104 283
 1168.  19 277
 9999. 999 999
  183. 3626.
   51.   27.2
 3677.   19.8
 1578.  24 273
 1583.  12 273
 1588.   9 273
 1593.  10 274
 1598.   9 272
 1603.   9 272
 1608.   8 273
 1613.   5 272
 1618.   5 273
 1623.   7 273
 1628.  11 273
 1633.  10 273
 1638.   8 273
 1643.  12 273
 1648.  10 273
 1653.   8 274
 1658.   9 273
 1663.  12 273
 1668.  10 274
 1673.  12 274
 1678.  12 273
 1683.  15 273
 1688.  14 273
 1693.  14 273
 1698.  15 274
 1703.  15 274
 1708.  16 273
 1713.  16 273
 1718.  18 273
 1723.  19 274
 1728.  19 274
 1733.  20 273
 1738.  21 274
 1743.  22 274
 1748.  23 274
 1753.  25 274
 1758.  26 273
 1763.  29 273
 1768.  29 274
 1773.  30 274
 1778.  33 274
 1783.  33 274
 1788.  34 274
 1793.  37 274
 1798.  36 273
 1803.  37 274
 1808.  39 274
 1813.  41 274
 1818.  42 274
 1823.  45 274
 1828.  49 274
 1833.  47 273
 1838.  50 274
 1843.  51 274
 1848.  52 274
 1853.  57 274
 1858.  56 274
 1863.  62 274
 1868.  62 274
 1873.  62 274
 1878.  66 274
 1883.  71 274
 1888.  71 274
 1893.  72 274
 1898.  74 274
 1903.  78 274
 1908.  81 274
 1913.  86 273
 1918.  89 274
 1923.  92 273
 1928.  96 274
 1933. 100 274
 1938. 105 274
 1943. 107 274
 1948. 111 274
 1953. 116 274
 1958. 122 274
 1963. 127 273
 1968. 131 273
 1973. 136 274
 1978.-131 274
 1983.-125 274
 1988.-119 274
 1993.-112 273
 1998.-104 274
 2003. -97 273
 2008. -89 274
 2013. -81 274
 2018. -72 273
 2023. -63 273
 2028. -54 273
 2033. -44 273
 2038. -33 273
 2043. -23 274
 2048.  -8 273
 2053.   4 274
 2058.  17 274
 2063.  30 273
 2068.  43 274
 2073.  58 274
 2078.  73 275
 2083.  92 275
 2088. 108 275
 2093. 127 274
 2098.-129 274
 2103.-108 274
 2108. -86 274
 2113. -66 274
 2118. -41 274
 2123. -14 274
 2128.   9 274
 2133.  39 275
 2138.  70 275
 2143.  97 274
 2148. 131 275
 2153.-110 274
 2158. -76 275
 2163. -38 274
 2168.   1 274
 2173.  42 274
 2178.  83 274
 2183. 132 275
 2188. -97 274
 2193. -45 275
 2198.   7 275
 2203.  63 275
 2208. 119 275
 2213. -94 275
 2218. -29 275
 2223.  39 276
 2228. 111 276
 2233. -88 275
 2238. -10 276
 2243.  74 277
 2248.-114 277
 2253. -20 277
 2258.  81 277
 2263. -91 277
 2268.  18 279
 2273. 136 278
 2278. -21 279
 2283. 104 276
 2288. -25 276
 9999. 999 999
  183. 3626.
   51.   27.2
 3677.   19.8
 2732.  14 273
 2737.   5 273
 2742.   7 273
 2747.   7 273
 2752.   7 274
 2757.  11 274
 2762.  10 273
 2767.  11 273
 2772.  12 273
 2777.  13 274
 2782.  15 273
 2787.  14 273
 2792.  18 274
 2797.  17 274
 2802.  15 274
 2807.  16 273
 2812.  19 273
 2817.  18 274
 2822.  17 274
 2827.  19 273
 2832.  21 274
 2837.  21 275
 2842.  20 273
 2847.  22 274
 2852.  21 273
 2857.  23 273
 2862.  24 274
 2867.  24 273
 2872.  24 273
 2877.  25 274
 2882.  28 274
 2887.  28 273
 2892.  30 273
 2897.  32 274
 2902.  33 274
 2907.  35 274
 2912.  34 273
 2917.  34 273
 2922.  36 273
 2927.  39 273
 2932.  42 273
 2937.  43 273
 2942.  44 275
 2947.  47 274
 2952.  48 273
 2957.  49 274
 2962.  53 274
 2967.  53 273
 2972.  55 274
 2977.  61 273
 2982.  60 273
 2987.  62 274
 2992.  68 273
 2997.  69 274
 3002.  69 274
 3007.  76 274
 3012.  82 275
 3017.  83 275
 3022.  88 275
 3027.  91 274
 3032.  94 274
 3037.  99 274
 3042. 103 275
 3047. 111 274
 3052. 113 274
 3057. 120 274
 3062. 125 274
 3067. 129 274
 3072. 135 274
 3077.-132 275
 3082.-124 274
 3087.-120 273
 3092.-116 274
 3097.-106 274
 3102.-100 275
 3107. -91 273
 3112. -82 274
 3117. -73 274
 3122. -65 274
 3127. -56 274
 3132. -43 274
 3137. -32 274
 3142. -22 274
 3147. -11 274
 3152.   1 274
 3157.  12 274
 3162.  29 275
 3167.  41 274
 3172.  55 274
 3177.  71 274
 3182.  89 275
 3187. 108 275
 3192. 126 275
 3197.-131 274
 3202.-113 275
 3207. -92 275
 3212. -67 274
 3217. -44 275
 3222. -21 274
 3227.   4 275
 3232.  29 275
 3237.  60 275
 3242.  91 274
 3247. 124 276
 3252.-118 276
 3257. -84 276
 3262. -46 275
 3267.  -4 276
 3272.  39 275
 3277.  79 275
 3282. 128 274
 3287. -96 275
 3292. -46 275
 3297.  12 275
 3302.  68 276
 3307. 130 275
 3312. -78 275
 3317.  -9 276
 3322.  58 275
 3327. 137 276
 3332. -65 277
 3337.  17 278
 3342. 102 277
 3347. -71 275
 3352.  13 278
 3357. 115 278
 3362. -48 276
 3367.  72 277
 3372. -87 280
 3377.  53 279
 3382. -50 273
 9999. 999 999
