
 CONA,CT,OXYHB,ADH,ELASPO
  1326
    ALA       N   CA  C   O   CB                                     
  111  364  454  118 1461 2467    0    0    0    0    0    0    0    0    0
 1468 2132  2621964555253    0    0    0    0    0    0    0    0    0
   4864 214126    524   2648
    ARG       N   CA  C   O   CB  CG  CD  NE  CZ  NH1 NH2            
   33   88   88   32  396  251  256  328  188   96  711  660    0    0    0
  354  316   64 4966 2039 2212 3422 1184  3161546113498    0    0    0
   3094 290866    353   3869
    ASN       N   CA  C   O   CB  CG  AD1 AD2                        
   57  139  138   58  684  567  160  875 1133    0    0    0    0    0    0
  507  416  110 8470 5837  5221434122993    0    0    0    0    0    0
   3754 248182    400   2964
    ASP       N   CA  C   O   CB  CG  OD1 OD2                        
   68  144  183   67  855  720  296 1119 1065    0    0    0    0    0    0
  514  669  12711101 7878 14281920117771    0    0    0    0    0    0
   4449 291811    483   3583
    CYS       N   CA  C   O   CB  SG                                 
   32   90  102   42  389  344  739    0    0    0    0    0    0    0    0
  372  402   80 4865 382617343    0    0    0    0    0    0    0    0
   1706  91396    207   1393
    GLN       N   CA  C   O   CB  CG  CD  AE1 AE2                    
   43  105  113   46  535  328  397  157  731  886    0    0    0    0    0
  409  431   94 6887 2676 3931  7151265118730    0    0    0    0    0
   3298 254156    357   3035
    GLU       N   CA  C   O   CB  CG  CD  OE1 OE2                    
   50  138  136   53  614  408  497  287  853  825    0    0    0    0    0
  514  562  111 7750 3648 5273 17551526314125    0    0    0    0    0
   3811 291755    404   3418
    GLY       N   CA  C   O                                          
  124  573 1722  275 1697    0    0    0    0    0    0    0    0    0    0
 290324376  79123887    0    0    0    0    0    0    0    0    0    0
   4267 148011    431   1691
    HIS       N   CA  C   O   CB  CG  NDN CDC CEC NEN                
   39   82   87   34  461  401   39  301  421  626  473    0    0    0    0
  260  273   52 5653 4227   61 2561 479110180 5833    0    0    0    0
   2925 220155    337   2991
    ILE       N   CA  C   O   CB  CG1 CG2 CD1                        
   58  110  124   52  676  191  484  911 1232    0    0    0    0    0    0
  320  422  100 8212  755 44641454926724    0    0    0    0    0    0
   3780 247332    456   3738
    LEU       N   CA  C   O   CB  CG  CD1 CD2                        
  118  255  199   93 1437  834  437 2444 2356    0    0    0    0    0    0
  807  707  18518067 6314 20095199448492    0    0    0    0    0    0
   8055 551621    917   7419
    LYS       N   CA  C   O   CB  CG  CD  CE  NZ                     
   80  186  222   80  931  648  659  835 1237 1615    0    0    0    0    0
  684  890  14811395 5608 6037 92371960933077    0    0    0    0    0
   6413 516025    722   6712
    MET       N   CA  C   O   CB  CG  SD  CE                         
   17   37   32   16  208  136  146  247  417    0    0    0    0    0    0
  123  112   28 2702 1186 1418 364910347    0    0    0    0    0    0
   1239  90651    150   1348
    PHE       N   CA  C   O   CB  CG  CD1 CD2 CE1 CE2 CZ             
   51  111   87   60  593  468   37  377  407  653  636  687    0    0    0
  383  223  120 7271 4458   45 2963 3531 8499 8088 9333    0    0    0
   4116 333056    511   5287
    PRO       N   CA  C   O   CB  CG  CD                             
   57   12  239   46  682  674  851  566    0    0    0    0    0    0    0
   14 1103   76 8530 811812805 5738    0    0    0    0    0    0    0
   3070 166202    405   2949
    SER       N   CA  C   O   CB  OG                                 
  117  316  415  126 1484 1700 1871    0    0    0    0    0    0    0    0
 1126 1699  280194822513430937    0    0    0    0    0    0    0    0
   5912 300610    631   3631
    THR       N   CA  C   O   CB  OGO CGC                            
   92  183  257   97 1145  483 1317 1915    0    0    0    0    0    0    0
  547  985  20114781 27111942740317    0    0    0    0    0    0    0
   5397 318463    583   3851
    TRP       N   CA  C   O   CB  CG  CD1 CD2 NE1 CE2 CE3 CZ2 CZ3 CH2
   24   49   41   29  284  209   22  244   34  266   52  176  306  303  310
  127  101   53 3472 1869   28 2580   56 2978  130 1414 3932 3893 4056
   2325 225731    254   2864
    TYR       N   CA  C   O   CB  CG  CD1 CD2 CE1 CE2 CZ  OH         
   28   53   56   36  345  255   27  226  214  341  343   98  577    0    0
  173  172   78 4377 2379   33 1966 1764 4219 4261  36811915    0    0
   2571 236811    283   3007
    VAL       N   CA  C   O   CB  CG1 CG2                            
  127  228  289  109 1519  430 2360 2493    0    0    0    0    0    0    0
  760  973  20518839 16864464249563    0    0    0    0    0    0    0
   7428 436204    865   6087
 341  343   98  577    0    0
  173  172   78 4377 2379   33 1966 1764 4219 4261  36811915    0    0
   2571 236811    283   3007
    VAL       N   CA  C   O   CB  CG1 CG2                            
  127  228  289  109 1519  430 2360 2493    0    0    0    0    0    0    0
  760  973  20518839 16864464249563    0    0    0    0   