
THERMOLYSIN, CYT C
   414
    ALA       N   CA  C   O   CB                                     
   35  100  149   29  437  802    0    0    0    0    0    0    0    0    0
  372  733   53 559518472    0    0    0    0    0    0    0    0    0
   1517  65983    164    792
    ARG       N   CA  C   O   CB  CG  CD  NE  CZ  NH1 NH2            
   12   26   33   10  138   98   74  110   74   32  234  257    0    0    0
   74  127   16 1642  838  612 1114  494   94 4692 5549    0    0    0
   1086  98582    124   1310
    ASN       N   CA  C   O   CB  CG  AD1 AD2                        
   25   61   70   27  280  229   82  373  524    0    0    0    0    0    0
  211  248   61 3258 2257  306 600711258    0    0    0    0    0    0
   1646 108704    180   1324
    ASP       N   CA  C   O   CB  CG  OD1 OD2                        
   29   53   72   27  352  327  153  472  476    0    0    0    0    0    0
  155  224   53 4390 3763  937 8116 8202    0    0    0    0    0    0
   1932 129130    201   1477
    CYS       N   CA  C   O   CB  SG                                 
    2    1    4    3   28   19   48    0    0    0    0    0    0    0    0
    1    8    5  394  181 1154    0    0    0    0    0    0    0    0
    103   5305     13     85
    GLN       N   CA  C   O   CB  CG  CD  AE1 AE2                    
   17   41   38   13  198  134  157   63  250  367    0    0    0    0    0
  131  120   29 2384 1120 1579  305 3940 8049    0    0    0    0    0
   1261  93707    132   1052
    GLU       N   CA  C   O   CB  CG  CD  OE1 OE2                    
   13   30   45   10  162  108  150   57  212  224    0    0    0    0    0
  120  183   14 2096  936 1820  313 3608 3976    0    0    0    0    0
    998  76902    117   1075
    GLY       N   CA  C   O                                          
   49  238  678  110  651    0    0    0    0    0    0    0    0    0    0
 1338 9494  312 9015    0    0    0    0    0    0    0    0    0    0
   1677  57855    176    702
    HIS       N   CA  C   O   CB  CG  ND1 CD2 CE1 NE2                
   10   23   31    8  118   92   17   86  115  163  124    0    0    0    0
   73  113   16 1438  912   35  808 1359 2685 1556    0    0    0    0
    777  60569     90    862
    ILE       N   CA  C   O   CB  CG1 CG2 CD1                        
   21   20   42   18  225   56  182  368  470    0    0    0    0    0    0
   40  114   30 2521  202 1680 653610624    0    0    0    0    0    0
   1381  91073    156   1186
    LEU       N   CA  C   O   CB  CG  CD1 CD2                        
   22   53   35   23  258  167   79  463  469    0    0    0    0    0    0
  211  105   49 3124 1329  367 991310247    0    0    0    0    0    0
   1547 109073    182   1564
    LYS       N   CA  C   O   CB  CG  CD  CE  NZ                     
   26   64   90   26  290  214  200  269  380  530    0    0    0    0    0
  230  366   46 3372 1878 1694 2961 571010944    0    0    0    0    0
   2063 164257    239   2279
    MET       N   CA  C   O   CB  CG  SD  CE                         
    4   11    9    2   50   31   37   59  101    0    0    0    0    0    0
   31   33    2  636  245  355  875 2565    0    0    0    0    0    0
    300  22556     29    213
    PHE       N   CA  C   O   CB  CG  CD1 CD2 CE1 CE2 CZ             
   13   23   24   11  164  119   13  121   99  165  155  176    0    0    0
   65   58   19 2142 1129   27 1167  815 2131 1893 2408    0    0    0
   1070  88512    133   1401
    PRO       N   CA  C   O   CB  CG  CD                             
   11    4   49    6  141  143  166  104    0    0    0    0    0    0    0
    4  233    8 1847 1907 2524 1002    0    0    0    0    0    0    0
    613  34299     81    603
    SER       N   CA  C   O   CB  OG                                 
   29   91  103   24  372  444  492    0    0    0    0    0    0    0    0
  393  433   38 4912 7008 9384    0    0    0    0    0    0    0    0
   1526  82520    169   1057
    THR       N   CA  C   O   CB  OG1 CG2                            
   31   70   85   24  362  184  430  642    0    0    0    0    0    0    0
  242  301   40 4408 1156 612813414    0    0    0    0    0    0    0
   1797 104757    199   1347
    TRP       N   CA  C   O   CB  CG  CD1 CD2 NE1 CE2 CE3 CZ2 CZ3 CH2
    5   17    9    5   64   48    5   50    6   57   12   43   64   72   62
   63   23   17  838  464    7  514    8  655   32  383  830 1050  790
    514  52906     59    723
    TYR       N   CA  C   O   CB  CG  CD1 CD2 CE1 CE2 CZ  OH         
   33   76   60   21  383  303   40  260  257  384  383  123  667    0    0
  256  172   39 4591 2901  144 2216 2133 4582 4519  50313545    0    0
   2957 265457    348   3800
    VAL       N   CA  C   O   CB  CG1 CG2                            
   27   50   64   10  317   89  495  541    0    0    0    0    0    0    0
  126  218   10 3827  377 917910895    0    0    0    0    0    0    0
   1566  91108    190   1370
 384  383  123  667    0    0
  256  172   39 4591 2901  144 2216 2133 4582 4519  50313545    0    0
   2957 265457    348   3800
    VAL       N   CA  C   O   CB  CG1 CG2                            
   27   50   64   10  317   89  495  541    0    0    0    0    0    0    0
  126  218   10 3827  377 917910895    0    0    0    0    0    0