
 LDH,CPA,LYSOZ,TRYPSIN,PTI
  1006
    ALA       N   CA  C   O   CB                                     
   65  199  276   63  845 1439    0    0    0    0    0    0    0    0    0
  697 1304  1231117132099    0    0    0    0    0    0    0    0    0
   2822 123078    308   1568
    ARG       N   CA  C   O   CB  CG  CD  NE  CZ  NH1 NH2            
   35   78   96   38  416  258  275  356  213  110  827  629    0    0    0
  258  310   78 5178 2140 2445 3896 1511  3821696914037    0    0    0
   3296 311812    356   3770
    ASN       N   CA  C   O   CB  CG  AD1 AD2                        
   57  131  137   48  664  567  139 1250  835    0    0    0    0    0    0
  437  471   80 8140 5833  4412252217083    0    0    0    0    0    0
   3771 250381    401   2961
    ASP       N   CA  C   O   CB  CG  OD1 OD2                        
   54  125  148   63  620  566  231  860  809    0    0    0    0    0    0
  449  508  121 7332 6100 10931469013995    0    0    0    0    0    0
   3521 230289    355   2435
    CYS       N   CA  C   O   CB  SG                                 
   36   80   93   35  447  375  870    0    0    0    0    0    0    0    0
  252  293   61 5639 400121116    0    0    0    0    0    0    0    0
   1900 100526    201   1171
    GLN       N   CA  C   O   CB  CG  CD  AE1 AE2                    
   37   69   84   27  445  268  377  103  887  518    0    0    0    0    0
  251  256   37 5671 2030 4147  3451702310646    0    0    0    0    0
   2778 209160    305   2615
    GLU       N   CA  C   O   CB  CG  CD  OE1 OE2                    
   33   66   82   23  386  250  358  169  506  554    0    0    0    0    0
  228  302   31 4716 2040 4104  949 8504 9836    0    0    0    0    0
   2431 179711    270   2260
    GLY       N   CA  C   O                                          
   83  387 1110  190 1140    0    0    0    0    0    0    0    0    0    0
 205715104  54416178    0    0    0    0    0    0    0    0    0    0
   2827  97261    281   1057
    HIS       N   CA  C   O   CB  CG  ND1 CD2 CE1 NE2                
   23   55   58   28  274  219   26  182  230  353  278    0    0    0    0
  179  198   58 3396 2157   38 1612 2440 5489 3406    0    0    0    0
   1703 126303    200   1782
    ILE       N   CA  C   O   CB  CG1 CG2 CD1                        
   61   95  106   32  689  165  541  977 1382    0    0    0    0    0    0
  249  264   50 8063  513 52731595731854    0    0    0    0    0    0
   3987 261491    465   3699
    LEU       N   CA  C   O   CB  CG  CD1 CD2                        
   80  174  149   80  920  530  287 1627 1580    0    0    0    0    0    0
  544  451  13411094 3748 12373393332160    0    0    0    0    0    0
   5347 358547    610   4816
    LYS       N   CA  C   O   CB  CG  CD  CE  NZ                     
   65  148  171   47  769  518  527  660  982 1332    0    0    0    0    0
  464  599   77 9511 4372 4525 70481508427464    0    0    0    0    0
   5154 409980    605   5835
    MET       N   CA  C   O   CB  CG  SD  CE                         
   17   41   51   12  197  132  132  249  417    0    0    0    0    0    0
  125  169   20 2351 1060 1160 369710293    0    0    0    0    0    0
   1231  89289    144   1254
    PHE       N   CA  C   O   CB  CG  CD1 CD2 CE1 CE2 CZ             
   32   60   63   25  387  296   28  220  266  404  400  420    0    0    0
  234  177   35 4853 2796   40 1636 2388 5200 5062 5578    0    0    0
   2569 207499    317   3225
    PRO       N   CA  C   O   CB  CG  CD                             
   33    7  126   23  387  426  459  327    0    0    0    0    0    0    0
    7  550   35 4749 5628 6511 3337    0    0    0    0    0    0    0
   1755  93759    228   1620
    SER       N   CA  C   O   CB  OG                                 
   98  291  337  101 1230 1402 1595    0    0    0    0    0    0    0    0
 1113 1323  175158302039026459    0    0    0    0    0    0    0    0
   4956 251640    508   2802
    THR       N   CA  C   O   CB  OG1 CG2                            
   56   87  145   47  686  312  793 1162    0    0    0    0    0    0    0
  241  455   77 8602 18681148524400    0    0    0    0    0    0    0
   3232 187310    352   2318
    TRP       N   CA  C   O   CB  CG  CD1 CD2 NE1 CE2 CE3 CZ2 CZ3 CH2
   24   46   45   21  267  221   27  189   95  255   95  132  302  298  317
  144  123   41 3185 2137   41 1989  853 2745  621  918 3870 3738 4219
   2310 222958    276   3232
    TYR       N   CA  C   O   CB  CG  CD1 CD2 CE1 CE2 CZ  OH         
   42   86   91   42  505  400   31  320  309  504  491  141  837    0    0
  258  281   68 6267 3900   35 2578 2435 6114 5829  50316723    0    0
   3757 337017    413   4177
    VAL       N   CA  C   O   CB  CG1 CG2                            
   75  129  165   39  862  227 1456 1471    0    0    0    0    0    0    0
  375  489   5710182  7912862429175    0    0    0    0    0    0    0
   4349 253031    500   3432
 504  491  141  837    0    0
  258  281   68 6267 3900   35 2578 2435 6114 5829  50316723    0    0
   3757 337017    413   4177
    VAL       N   CA  C   O   CB  CG1 CG2                            
   75  129  165   39  862  227 1456 1471    0    0    0    0    0    0    0
  375  489   5710182  7912862429175    0    0    0    0  