 CONA,CT,OXYHB,ADH,ELASPO,LDH,CPA,LYSOZ,TRYPSIN,PTI,THERMOLYSIN, CYT C
  2746
    ALA       N   CA  C   O   CB                                     
     211     663     879     210    2743    4708       0       0       0       0       0       0       0       0       0
    2537    4169     438   36411  105824       0       0       0       0       0       0       0       0       0
   9203.0      0.40319E+06   996.00       5008.0    
    ARG       N   CA  C   O   CB  CG  CD  NE  CZ  NH1 NH2            
      80     192     217      80     950     607     605     794     475     238    1772    1546       0       0       0
     686     753     158   11786    5017    5269    8432    3189     792   37122   33084       0       0       0
   7476.0      0.70126E+06   833.00       8949.0    
    ASN       N   CA  C   O   CB  CG  AD1 AD2                        
     139     331     345     133    1628    1363     381    2498    2492       0       0       0       0       0       0
    1155    1135     251   19868   13927    1269   42870   51334       0       0       0       0       0       0
   9171.0      0.60727E+06   981.00       7249.0    
    ASP       N   CA  C   O   CB  CG  OD1 OD2                        
     151     322     403     157    1827    1613     680    2451    2350       0       0       0       0       0       0
    1118    1401     301   22823   17741    3458   42007   39968       0       0       0       0       0       0
   9902.0      0.65123E+06   1039.0       7495.0    
    CYS       N   CA  C   O   CB  SG                                 
      70     171     199      80     864     738    1657       0       0       0       0       0       0       0       0
     625     703     146   10898    8008   39613       0       0       0       0       0       0       0       0
   3709.0      0.19723E+06   421.00       2649.0    
    GLN       N   CA  C   O   CB  CG  CD  AE1 AE2                    
      97     215     235      86    1178     730     931     323    1868    1771       0       0       0       0       0
     791     807     160   14942    5826    9657    1365   33614   37425       0       0       0       0       0
   7337.0      0.55702E+06   794.00       6702.0    
    GLU       N   CA  C   O   CB  CG  CD  OE1 OE2                    
      96     234     263      86    1162     766    1005     513    1571    1603       0       0       0       0       0
     862    1047     156   14562    6624   11197    3017   27375   27937       0       0       0       0       0
   7240.0      0.54837E+06   791.00       6753.0    
    GLY       N   CA  C   O                                          
     256    1198    3510     575    3488       0       0       0       0       0       0       0       0       0       0
    6298   48974    1647   49080       0       0       0       0       0       0       0       0       0       0
   8771.0      0.30313E+06   888.00       3450.0    
    HIS       N   CA  C   O   CB  CG  ND1 CD2 CE1 NE2                
      72     160     176      70     853     712      82     569     766    1142     875       0       0       0       0
     512     584     126   10487    7296     134    4981    8590   18354   10795       0       0       0       0
   5405.0      0.40703E+06   627.00       5635.0    
    ILE       N   CA  C   O   CB  CG1 CG2 CD1                        
     140     225     272     102    1590     412    1207    2256    3084       0       0       0       0       0       0
     609     800     180   18796    1470   11417   37042   69202       0       0       0       0       0       0
   9148.0      0.59990E+06   1077.0       8623.0    
    LEU       N   CA  C   O   CB  CG  CD1 CD2                        
     220     482     383     196    2615    1531     803    4534    4405       0       0       0       0       0       0
    1562    1263     368   32285   11391    3613   95840   90899       0       0       0       0       0       0
   14949.      0.10192E+07   1709.0       13799.    
    LYS       N   CA  C   O   CB  CG  CD  CE  NZ                     
     171     398     483     153    1990    1380    1386    1764    2599    3477       0       0       0       0       0
    1378    1855     271   24278   11858   12256   19246   40403   71485       0       0       0       0       0
   13630.      0.10903E+07   1566.0       14826.    
    MET       N   CA  C   O   CB  CG  SD  CE                         
      38      89      92      30     455     299     315     555     935       0       0       0       0       0       0
     279     314      50    5689    2491    2933    8221   23205       0       0       0       0       0       0
   2770.0      0.20250E+06   323.00       2815.0    
    PHE       N   CA  C   O   CB  CG  CD1 CD2 CE1 CE2 CZ             
      96     194     174      96    1144     883      78     718     772    1222    1191    1283       0       0       0
     682     458     174   14266    8383     112    5766    6734   15830   15043   17319       0       0       0
   7755.0      0.62907E+06   961.00       9913.0    
    PRO       N   CA  C   O   CB  CG  CD                             
     101      23     414      75    1210    1243    1476     997       0       0       0       0       0       0       0
      25    1886     119   15126   15653   21840   10077       0       0       0       0       0       0       0
   5438.0      0.29426E+06   714.00       5172.0    
    SER       N   CA  C   O   CB  OG                                 
     244     698     855     251    3086    3546    3958       0       0       0       0       0       0       0       0
    2632    3455     493   40224   52532   66780       0       0       0       0       0       0       0       0
   12394.      0.63477E+06   1308.0       7490.0    
    THR       N   CA  C   O   CB  OG1 CG2                            
     179     340     487     168    2193     979    2540    3719       0       0       0       0       0       0       0
    1030    1741     318   27791    5735   37040   78131       0       0       0       0       0       0       0
   10426.      0.61053E+06   1134.0       7516.0    
    TRP       N   CA  C   O   CB  CG  CD1 CD2 NE1 CE2 CE3 CZ2 CZ3 CH2
      53     112      95      55     615     478      54     483     135     578     159     351     672     673     689
     334     247     111    7495    4470      76    5083     917    6378     783    2715    8632    8681    9065
   5149.0      0.50160E+06   589.00       6819.0    
    TYR       N   CA  C   O   CB  CG  CD1 CD2 CE1 CE2 CZ  OH         
     103     215     207      99    1233     958      98     806     780    1229    1217     362    2081       0       0
     687     625     185   15235    9180     212    6760    6332   14915   14609    1374   42183       0       0
   9285.0      0.83928E+06   1044.0       10984.    
    VAL       N   CA  C   O   CB  CG1 CG2                            
     229     407     518     158    2698     746    4311    4505       0       0       0       0       0       0       0
    1261    1680     272   32848    2854   82445   89633       0       0       0       0       0       0       0
   13343.      0.78034E+06   1555.0       10889.    
4.0       10984.    
    VAL       N   CA  C   O   CB  CG1 CG2                            
     229     407     518     158    2698     746    4311    4505       0       0       0       0       0       0       0
    1261    1680     272   32848    2854   82445   89633       0       0       0       0       0       0       0
   13343.      0.78034E+06   1555.0       10889.  