
 CON-A-J.B.(REEKE+EDELMAN) LABELED AS IN H+A FIL
   234
    ALA       N   CB  CA  C   O                                      
   17   69  356   57   18  222    0    0    0    0    0    0    0    0    0
  315 7510  225   32 2926    0    0    0    0    0    0    0    0    0
    722  30730     74    338
    ARG       N   NH2 NH1 CZ  NE  CD  CG  CB  CA  C   O              
    6   20  133  120   22   33   58   38   46   16    6   76    0    0    0
  110 2953 2408   84  185  578  280  382   60   14  984    0    0    0
    568  53808     63    677
    ASN       N   AD2 AD1 CG  CB  CA  C   O                          
   11   25  216  163   29  101   29   16  137    0    0    0    0    0    0
   71 4328 2565   89  963   91   32 1757    0    0    0    0    0    0
    716  46742     82    636
    ASP       N   OD2 OD1 CG  CB  CA  C   O                          
   20   46  286  346   85  217   38   20  245    0    0    0    0    0    0
  158 4426 6166  397 2389   90   36 3103    0    0    0    0    0    0
   1283  82577    143   1083
    CYS                                                              
    0    0    0    0    0    0    0    0    0    0    0    0    0    0    0
    0    0    0    0    0    0    0    0    0    0    0    0    0    0
      0      0      0      0
    GLN       N   AE2 AE1 CD  CG  CB  CA  C   O                      
    5   18  104   82   17   40   32   12    2   45    0    0    0    0    0
   90 2196 1376   63  374  216   42    4  445    0    0    0    0    0
    352  24796     44    388
    GLU       N   OE2 OE1 CD  CG  CB  CA  C   O                      
    7   26  119  113   35   62   56   17    8   84    0    0    0    0    0
  104 2047 1851  183  564  476   57   16 1026    0    0    0    0    0
    520  38826     53    427
    GLY       N   CA  C   O                                          
   16   75  209   40  219    0    0    0    0    0    0    0    0    0    0
  409 2787  126 3037    0    0    0    0    0    0    0    0    0    0
    543  18543     44    146
    HIS       N   CDC NEN CEC NDN CG  CB  CA  C   O                  
    6   18   54   71   95   48    8   52   13    9   69    0    0    0    0
   70  508  857 1517  420   12  458   43   15  845    0    0    0    0
    437  31931     48    392
    ILE       N   CD1 CG1 CB  CG2 CA  C   O                          
   15   37  319  130   44  233   18   13  189    0    0    0    0    0    0
  131 6953 1232  146 3703   46   29 2405    0    0    0    0    0    0
    983  64591    115    927
    LEU       N   CD2 CD1 CG  CB  CA  C   O                          
   18   46  351  381   58  120   27   19  233    0    0    0    0    0    0
  162 7175 8217  232  852   91   29 3065    0    0    0    0    0    0
   1235  84955    132   1024
    LYS       N   NZ  CE  CD  CG  CB  CA  C   O                      
   12   30  240  188  124   97   94   24   19  163    0    0    0    0    0
   94 4834 2974 1372  845  782   86   37 2239    0    0    0    0    0
    979  80055    105    939
    MET       N   CE  SD  CG  CB  CA  C   O                          
    2    8   50   27   17   18    2    3   25    0    0    0    0    0    0
   32 1250  365  149  162    4    5  317    0    0    0    0    0    0
    150  11268     17    145
    PHE       N   CD2 CE2 CZ  CE1 CD1 CG  CB  CA  C   O              
   11   40   75  139  145  146   77    9   99   15   15  118    0    0    0
  172  567 1767 1919 1954  591    9  921   29   29 1304    0    0    0
    878  70348    101    963
    PRO       N   CG  CD  CB  CA  C   O                              
   11    1  166  108  133   42    6  111    0    0    0    0    0    0    0
    1 2518 1084 1627  168    8 1205    0    0    0    0    0    0    0
    567  29437     76    536
    SER       N   OG  CB  CA  C   O                                  
   31  107  494  441   94   38  410    0    0    0    0    0    0    0    0
  423 8112 6347  352   68 5534    0    0    0    0    0    0    0    0
   1584  81298    154    806
    THR       N   CGC OGO CB  CA  C   O                              
   19   42  393  252  102   42   20  240    0    0    0    0    0    0    0
  130 8305 3396  592  118   40 3098    0    0    0    0    0    0    0
   1091  62897    112    676
    TRP       N   CD2 CE3 CZ3 CH2 CZ2 CE2 NE1 CD1 CG  CB  CA  C   O  
    4    9    6   34   51   49   50    8   39   38    3   32   10    6   47
   27   10  298  653  603  634   18  389  390    3  260   30   10  585
    382  36574     32    276
    TYR       N   OH  CD2 CE2 CZ  CE1 CD1 CG  CB  CA  C   O          
    7   19  140   46   80   22   77   61    5   66   13    9   78    0    0
   73 2802  360  936   72  861  563    5  638   57   15  894    0    0
    616  54342     60    528
    VAL       N   CG2 CG1 CB  CA  C   O                              
   16   39  302  310   39   28   18  200    0    0    0    0    0    0    0
  137 5774 6060  105   78   32 2532    0    0    0    0    0    0    0
    936  54876    106    744
