
 NATIVE ALPHA-CHYMO COORD (BLOW) SEE NOTE AT END
   227
    ALA       N   CB  CA  C   O                                      
   20   68  438   79   28  264    0    0    0    0    0    0    0    0    0
  270 9666  361   68 3612    0    0    0    0    0    0    0    0    0
    877  38757     88    420
    ARG       N   NH2 NH1 CZ  NE  CD  CG  CB  CA  C   O              
    2    3   48   41    9   10   19   18   15    4    1   18    0    0    0
    5 1154  845   41   50  185  170  117   10    1  162    0    0    0
    186  17300     22    242
    ASN       N   AD1 AD2 CG  CB  CA  C   O                          
   12   33  203  235   30  121   31   10  149    0    0    0    0    0    0
  127 3647 4677   92 1295  103   18 1897    0    0    0    0    0    0
    812  55170     87    661
    ASP       N   OD2 OD1 CG  CB  CA  C   O                          
    9   17  171  116   45   90   28   14  112    0    0    0    0    0    0
   41 3291 1546  241  938   98   30 1432    0    0    0    0    0    0
    593  39171     73    627
    CYS       N   SG  CB  CA  C   O                                  
    9   21  221   94   30   14  112    0    0    0    0    0    0    0    0
   63 5467 1020  132   26 1420    0    0    0    0    0    0    0    0
    492  26954     64    474
    GLN       N   AE1 AE2 CD  CG  CB  CA  C   O                      
   10   22  168  204   44  100   83   22    8  126    0    0    0    0    0
   68 2896 4248  252 1014  725   66   12 1642    0    0    0    0    0
    777  60553     84    734
    GLU       N   OE2 OE1 CD  CG  CB  CA  C   O                      
    5   14   95   91   24   42   39   14    8   68    0    0    0    0    0
   50 1829 1667  122  392  369   54   18  928    0    0    0    0    0
    395  31221     38    290
    GLY       N   CA  C   O                                          
   22  101  297   60  312    0    0    0    0    0    0    0    0    0    0
  535 4111  210 4492    0    0    0    0    0    0    0    0    0    0
    770  27158     76    304
    HIS       N   CDC NEN CEC NDN CG  CB  CA  C   O                  
    2    6   16   18   32   19    2   23    6    2   22    0    0    0    0
   20  130  170  514  181    4  269   20    4  244    0    0    0    0
    146  10730     19    181
    ILE       N   CD1 CG1 CB  CG2 CA  C   O                          
    9   13  208   62   23  143   17    9  110    0    0    0    0    0    0
   31 4826  470   71 2297   45   13 1408    0    0    0    0    0    0
    585  38233     71    593
    LEU       N   CD2 CD1 CG  CB  CA  C   O                          
   17   36  332  372   52  124   22   18  218    0    0    0    0    0    0
   98 6682 8366  188  974   64   44 2860    0    0    0    0    0    0
   1174  81282    131   1055
    LYS       N   NZ  CE  CD  CG  CB  CA  C   O                      
   13   27  274  201  149  103  104   31   13  156    0    0    0    0    0
   85 5798 3121 1795  897  864   93   23 1890    0    0    0    0    0
   1058  86444    110    970
    MET       N   CE  SD  CG  CB  CA  C   O                          
    2    3   53   27   16   19    2    3   28    0    0    0    0    0    0
    5 1405  365  130  181    2    5  392    0    0    0    0    0    0
    151  11401     19    181
    PHE       N   CD2 CE2 CZ  CE1 CD1 CG  CB  CA  C   O              
    6    8   56   73   77   70   40    6   64    9    7   84    0    0    0
   18  550  941  993  822  276    8  696   23   11 1188    0    0    0
    494  40772     57    555
    PRO       N   CD  CG  CB  CA  C   O                              
    8    2   76  117   98   37    4   88    0    0    0    0    0    0    0
    2  726 1723 1216  175    4  996    0    0    0    0    0    0    0
    422  22332     55    389
    SER       N   OG  CB  CA  C   O                                  
   26   74  409  366   95   33  311    0    0    0    0    0    0    0    0
  268 6679 5252  403   89 3899    0    0    0    0    0    0    0    0
   1288  64432    148    898
    THR       N   CGC OGO CB  CA  C   O                              
   22   40  452  330  117   62   25  266    0    0    0    0    0    0    0
  112 9382 5030  659  230   45 3340    0    0    0    0    0    0    0
   1292  76148    146   1010
    TRP       N   CD2 CE3 CZ3 CH2 CZ2 CE2 NE1 CD1 CG  CB  CA  C   O  
    8   11   12   54   99  107  102   18   93   85   10   71   14   10   94
   19   20  416 1265 1439 1306   46 1087  945   16  647   32   18 1136
    780  76192     89   1029
    TYR       N   OH  CD2 CE2 CZ  CE1 CD1 CG  CB  CA  C   O          
    3    2   60   25   36   10   33   23    2   28    7    4   42    0    0
    4 1202  213  434   34  369  179    2  272   17    6  596    0    0
    272  24704     29    285
    VAL       N   CG2 CG1 CB  CA  C   O                              
   22   45  435  401   81   39   28  272    0    0    0    0    0    0    0
  125 8697 7525  337   99   46 3462    0    0    0    0    0    0    0
   1301  77185    149   1051
