
 A1B1 SUBUNITS OF OXY HB; CHOVDW.               
   281
    ALA       N   CA  C   O   CB                                     
   30   83  143   12  403  686    0    0    0    0    0    0    0    0    0
  281  707   12 544715710    0    0    0    0    0    0    0    0    0
   1327  58811    158    872
    ARG       N   CA  C   O   CB  CG  CD  NE  CZ  NH1 NH2            
    6    9   21    4   68   45   37   66   41   11  136  100    0    0    0
   21   85    6  780  343  263  742  289   23 3092 1712    0    0    0
    538  48302     70    822
    ASN       N   CA  C   O   CB  CG  AD1 AD2                        
   11   14   20    5  131  107   30  169  230    0    0    0    0    0    0
   28   46    5 1619 1053   94 2703 4856    0    0    0    0    0    0
    706  45572     76    570
    ASP       N   CA  C   O   CB  CG  OD1 OD2                        
   16   31   45    6  206  175   68  286  250    0    0    0    0    0    0
  103  161   10 2694 1955  326 5222 4050    0    0    0    0    0    0
   1067  71235    113    813
    CYS       N   CA  C   O   CB  SG                                 
    2    4    6    1   25   23   46    0    0    0    0    0    0    0    0
   10   20    1  317  265 1076    0    0    0    0    0    0    0    0
    105   5553     13     89
    GLN       N   CA  C   O   CB  CG  CD  AE1 AE2                    
    5   13   15    4   63   39   48   15   86   97    0    0    0    0    0
   81   55    6  797  317  474   55 1498 1999    0    0    0    0    0
    380  28962     41    341
    GLU       N   CA  C   O   CB  CG  CD  OE1 OE2                    
   13   29   34    5  162  100  137   83  237  221    0    0    0    0    0
   79  112    7 2044  806 1519  541 4355 3783    0    0    0    0    0
   1008  78338    117   1087
    GLY       N   CA  C   O                                          
   24  110  346   39  322    0    0    0    0    0    0    0    0    0    0
  520 5036   77 4390    0    0    0    0    0    0    0    0    0    0
    817  27961     93    393
    HIS       N   CA  C   O   CB  CG  NDN CDC CEC NEN                
   18   26   41   12  220  190   16  143  205  287  216    0    0    0    0
   62  119   16 2794 2042   22 1195 2419 4597 2614    0    0    0    0
   1356 102404    155   1379
    ILE                                                              
    0    0    0    0    0    0    0    0    0    0    0    0    0    0    0
    0    0    0    0    0    0    0    0    0    0    0    0    0    0
      0      0      0      0
    LEU       N   CA  C   O   CB  CG  CD1 CD2                        
   40   71   60   18  486  273  166  831  824    0    0    0    0    0    0
  175  142   32 6124 1951  7841766917254    0    0    0    0    0    0
   2729 186609    318   2612
    LYS       N   CA  C   O   CB  CG  CD  CE  NZ                     
   22   38   64   14  264  176  196  237  347  433    0    0    0    0    0
  118  222   18 3298 1466 1874 2637 5597 8673    0    0    0    0    0
   1769 143077    195   1787
    MET       N   CA  C   O   CB  CG  SD  CE                         
    2    2    4    0   25   14   23   30   46    0    0    0    0    0    0
    4   10    0  317  100  269  452 1060    0    0    0    0    0    0
    144  10376     19    181
    PHE       N   CA  C   O   CB  CG  CD1 CD2 CE1 CE2 CZ             
   15   20   20   17  175  135   11  120  127  201  196  201    0    0    0
   44   38   37 2071 1241   15  986 1119 2711 2582 2707    0    0    0
   1223  99893    154   1650
    PRO       N   CA  C   O   CB  CG  CD                             
   11    1   45    8  154  135  166  106    0    0    0    0    0    0    0
    1  199   10 2182 1677 2522 1036    0    0    0    0    0    0    0
    615  34449     77    553
    SER       N   CA  C   O   CB  OG                                 
   19   38   75    8  234  277  321    0    0    0    0    0    0    0    0
  106  309   12 2934 4105 5549    0    0    0    0    0    0    0    0
    953  47929    119    771
    THR       N   CA  C   O   CB  OGO CGC                            
   12    8   41    4  136   62  179  254    0    0    0    0    0    0    0
   12  145    6 1566  330 2709 5402    0    0    0    0    0    0    0
    684  39060     74    468
    TRP       N   CA  C   O   CB  CG  CD1 CD2 NE1 CE2 CE3 CZ2 CZ3 CH2
    3    5    6    2   34   31    2   29    3   33    6   24   41   35   34
    9   18    2  404  321    2  285    3  365   14  192  561  421  394
    285  27089     39    531
    TYR       N   CA  C   O   CB  CG  CD1 CD2 CE1 CE2 CZ  OH         
    4    2    7    3   53   35    5   38   29   53   48   12   84    0    0
    2   15    5  711  309    7  372  233  703  582   38 1766    0    0
    369  34119     45    549
    VAL       N   CA  C   O   CB  CG1 CG2                            
   28   20   68    2  323   74  536  587    0    0    0    0    0    0    0
   26  182    2 3761  2041036612347    0    0    0    0    0    0    0
   1610  92808    196   1410
  53   48   12   84    0    0
    2   15    5  711  309    7  372  233  703  582   38 1766    0    0
    369  34119     45    549
    VAL       N   CA  C   O   CB  CG1 CG2                            
   28   20   68    2  323   74  536  587    0    0    0    0    0    0    0
   26  182    2 3761  2041036612347