
 ALCOHOL DEHYDROGENASE, 2822 ATOMS,3/5/79,6337 W
   371
    ALA       N   CA  C   O   CB                                     
   28   94  119   45  364  626    0    0    0    0    0    0    0    0    0
  412  623  123 490614196    0    0    0    0    0    0    0    0    0
   1248  55994    129    639
    ARG       N   CA  C   O   CB  CG  CD  NE  CZ  NH1 NH2            
   12   37   26   15  155   90  113  116   59   35  251  251    0    0    0
  155   88   29 2109  754 1119 1222  357  115 5311 5317    0    0    0
   1148 110116    123   1317
    ASN       N   CA  C   O   CB  CG  AD1 AD2                        
    8   30   22   10   89   84   26   98  161    0    0    0    0    0    0
  134   74   18 1043  908   92 1364 3365    0    0    0    0    0    0
    520  33870     57    419
    ASP       N   CA  C   O   CB  CG  OD1 OD2                        
   17   43   60   22  218  173   78  278  253    0    0    0    0    0    0
  197  292   46 2914 1887  394 4766 4051    0    0    0    0    0    0
   1125  74583    113    769
    CYS       N   CA  C   O   CB  SG                                 
   14   49   49   16  156  156  301    0    0    0    0    0    0    0    0
  249  201   32 1788 1804 6601    0    0    0    0    0    0    0    0
    727  37989     90    596
    GLN       N   CA  C   O   CB  CG  CD  AE1 AE2                    
    8   25   36   18  103   58   73   36  134  170    0    0    0    0    0
  103  208   50 1363  456  733  182 2294 3722    0    0    0    0    0
    653  53629     67    569
    GLU       N   CA  C   O   CB  CG  CD  OE1 OE2                    
   21   60   64   27  250  176  215  121  356  322    0    0    0    0    0
  248  324   57 3126 1642 2345  759 6480 5300    0    0    0    0    0
   1591 121275    171   1449
    GLY       N   CA  C   O                                          
   38  175  550   80  514    0    0    0    0    0    0    0    0    0    0
  883 8102  218 7362    0    0    0    0    0    0    0    0    0    0
   1319  46245    132    522
    HIS       N   CA  C   O   CB  CG  NDN CDC CEC NEN                
    7   15   14    7   76   71    6   50   74  116   91    0    0    0    0
   43   56   11  834  749    8  432  854 2000 1199    0    0    0    0
    520  38826     66    634
    ILE       N   CA  C   O   CB  CG1 CG2 CD1                        
   24   45   73   20  256   99  211  366  480    0    0    0    0    0    0
  131  297   34 2920  469 2031 5668 9820    0    0    0    0    0    0
   1550 100556    191   1577
    LEU       N   CA  C   O   CB  CG  CD1 CD2                        
   25   60   71   27  279  191  114  470  475    0    0    0    0    0    0
  234  379   61 3289 1605  662 9170 9525    0    0    0    0    0    0
   1687 114571    200   1672
    LYS       N   CA  C   O   CB  CG  CD  CE  NZ                     
   30   85  100   31  312  246  238  293  449  626    0    0    0    0    0
  373  486   67 3522 2226 2194 3087 701513160    0    0    0    0    0
   2380 189256    286   2790
    MET       N   CA  C   O   CB  CG  SD  CE                         
    9   21   21    7  103   71   79  130  219    0    0    0    0    0    0
   73   91   13 1299  645  805 1918 5431    0    0    0    0    0    0
    651  47381     79    705
    PHE       N   CA  C   O   CB  CG  CD1 CD2 CE1 CE2 CZ             
   17   41   38   19  190  153    9  124  140  212  206  237    0    0    0
  147  120   41 2370 1455   11  974 1242 2724 2554 3349    0    0    0
   1369 110473    178   1894
    PRO       N   CA  C   O   CB  CG  CD                             
   20    7   87   23  248  229  303  211    0    0    0    0    0    0    0
    9  441   47 3170 2695 4637 2281    0    0    0    0    0    0    0
   1108  61540    147   1105
    SER       N   CA  C   O   CB  OG                                 
   25   64   93   33  310  372  393    0    0    0    0    0    0    0    0
  242  401   81 4088 5676 6489    0    0    0    0    0    0    0    0
   1265  64587    124    664
    THR       N   CA  C   O   CB  OGO CGC                            
   23   63   75   36  301  119  314  483    0    0    0    0    0    0    0
  213  393   92 4185  685 459410269    0    0    0    0    0    0    0
   1391  85155    148   1012
    TRP       N   CA  C   O   CB  CG  CD1 CD2 NE1 CE2 CE3 CZ2 CZ3 CH2
    2    6    3    4   25   14    0   19    5   23    6   19   28   25   31
   20    5    8  325  100    0  185   13  265   20  205  394  317  481
    208  21682     17    145
    TYR       N   CA  C   O   CB  CG  CD1 CD2 CE1 CE2 CZ  OH         
    4    7   12    8   45   38    4   31   32   52   53   19   86    0    0
   19   46   26  527  364    6  291  262  682  711   99 1850    0    0
    387  37561     40    402
    VAL       N   CA  C   O   CB  CG1 CG2                            
   39   83  125   49  462  161  705  739    0    0    0    0    0    0    0
  359  563  109 5908  7671308114301    0    0    0    0    0    0    0
   2324 139382    266   1864
  52   53   19   86    0    0
   19   46   26  527  364    6  291  262  682  711   99 1850    0    0
    387  37561     40    402
    VAL       N   CA  C   O   CB  CG1 CG2                            
   39   83  125   49  462  161  705  739    0    0    0    0    0    0    0
  359  563  109 5908  7671308114301