
 CYTOCHROME C  TUNA   MOLECULE 1                
   101
    ALA       N   CA  C   O   CB                                     
    7   22   31    5   87  160    0    0    0    0    0    0    0    0    0
   76  151    5 1107 3662    0    0    0    0    0    0    0    0    0
    305  13321     31    143
    ARG       N   CA  C   O   CB  CG  CD  NE  CZ  NH1 NH2            
    2    3    6    1   25   12   19   18    9    7   38   46    0    0    0
    9   20    1  317   72  193  180   45   25  724 1060    0    0    0
    184  17026     19    185
    ASN       N   CA  C   O   CB  CG  OD1 ND2                        
    6   16   14    2   62   64   16   76  133    0    0    0    0    0    0
   52   40    2  658  710   46 1078 2967    0    0    0    0    0    0
    383  24595     40    268
    ASP       N   CA  C   O   CB  CG  OD1 OD2                        
    4    9   12    2   45   45   19   71   64    0    0    0    0    0    0
   35   40    2  513  515   97 1297 1054    0    0    0    0    0    0
    267  17833     29    223
    CYS       N   CA  C   O   CB  SG                                 
    2    1    4    3   28   19   48    0    0    0    0    0    0    0    0
    1    8    5  394  181 1154    0    0    0    0    0    0    0    0
    103   5305     13     85
    GLN       N   CA  C   O   CB  CG  CD  OE1 NE2                    
    4   10   10    0   49   34   42    9   54   88    0    0    0    0    0
   34   42    0  615  310  444   21  780 1954    0    0    0    0    0
    296  21970     29    219
    GLU       N   CA  C   O   CB  CG  CD  OE1 OE2                    
    5   15   23    3   57   39   57   21   95   80    0    0    0    0    0
   75  115    3  683  323  669   91 1809 1302    0    0    0    0    0
    390  30588     44    394
    GLY       N   CA  C   O                                          
   13   69  177   32  167    0    0    0    0    0    0    0    0    0    0
  401 2435  102 2183    0    0    0    0    0    0    0    0    0    0
    445  15403     49    195
    HIS       N   CA  C   O   CB  CG  ND1 CD2 CE1 NE2                
    2    5    4    3   29   15    3   20   27   30   25    0    0    0    0
   13   10    9  425  117    5  208  365  450  313    0    0    0    0
    161  12965     18    162
    ILE       N   CA  C   O   CB  CG1 CG2 CD1                        
    4    3    6    6   45    8   36   75   80    0    0    0    0    0    0
    5   10   10  521   18  338 1445 1616    0    0    0    0    0    0
    259  16891     33    279
    LEU       N   CA  C   O   CB  CG  CD1 CD2                        
    6   15   13    4   66   41   23  126  124    0    0    0    0    0    0
   49   47    6  734  285  105 2674 2602    0    0    0    0    0    0
    412  28326     48    396
    LYS       N   CA  C   O   CB  CG  CD  CE  NZ                     
   16   48   54   14  183  125  118  166  240  315    0    0    0    0    0
  188  210   28 2159 1061  932 1830 3672 6311    0    0    0    0    0
   1263  99879    138   1240
    MET       N   CA  C   O   CB  CG  SD  CE                         
    2    5    5    2   24   16   18   31   53    0    0    0    0    0    0
   13   17    2  296  128  170  481 1405    0    0    0    0    0    0
    154  11866     14    100
    PHE       N   CA  C   O   CB  CG  CD1 CD2 CE1 CE2 CZ             
    3    3    7    1   30   26    1   25   22   37   36   38    0    0    0
    5   21    1  314  226    1  211  166  457  438  482    0    0    0
    226  17038     28    280
    PRO       N   CA  C   O   CB  CG  CD                             
    3    1   11    1   36   34   42   29    0    0    0    0    0    0    0
    1   41    1  434  394  590  285    0    0    0    0    0    0    0
    154   7916     22    164
    SER       N   CA  C   O   CB  OG                                 
    3    9    7    1   36   46   54    0    0    0    0    0    0    0    0
   29   21    1  434  706  974    0    0    0    0    0    0    0    0
    153   7821     16     94
    THR       N   CA  C   O   CB  OG1 CG2                            
    6   11   20    3   59   38   79  131    0    0    0    0    0    0    0
   23   78    5  603  248 1049 2881    0    0    0    0    0    0    0
    341  19439     38    254
    TRP       N   CA  C   O   CB  CG  CD1 CD2 NE1 CE2 CE3 CZ2 CZ3 CH2
    2    7    3    1   23   20    1   23    2   23    4   15   28   26   26
   25    9    1  269  200    1  269    2  269   10  113  392  340  340
    202  20420     23    265
    TYR       N   CA  C   O   CB  CG  CD1 CD2 CE1 CE2 CZ  OH         
    5   13   11    1   54   40    5   42   37   62   58   16  103    0    0
   37   31    1  630  336    7  368  283  780  690   56 2123    0    0
    442  39154     53    571
    VAL       N   CA  C   O   CB  CG1 CG2                            
    6   12   17    2   68   15  116  123    0    0    0    0    0    0    0
   28   51    2  812   41 2254 2527    0    0    0    0    0    0    0
    353  20805     40    276
