
 BOVINE TRYPSIN  COORD, VDW RADII               
   196
    ALA       N   CB  CA  C   O                                      
   11   35  239   38   11  143    0    0    0    0    0    0    0    0    0
  127 5221  142   17 1909    0    0    0    0    0    0    0    0    0
    466  19856     50    236
    ARG       N   NH1 NH2 CZ  NE  CD  CG  CB  CA  C   O              
    1    1   45    0    4    6   11    5    9    2    2   14    0    0    0
    1 1017    0   16   36  121   25   81    4    4  196    0    0    0
     99   9801     11    121
    ASN       N   AD1 AD2 CG  CB  CA  C   O                          
   15   36  551    0   24  137   39   16  185    0    0    0    0    0    0
  14810445    0   50 1297  125   28 2367    0    0    0    0    0    0
    988  65294     99    699
    ASP       N   OD2 OD1 CG  CB  CA  C   O                          
    5   15   19   91   19   53    7    7   64    0    0    0    0    0    0
   55  361 1669   79  583   13   15  822    0    0    0    0    0    0
    340  23202     31    195
    CYS       N   SG  CB  CA  C   O                                  
   12   29  289  119   28   12  154    0    0    0    0    0    0    0    0
   79 6985 1203   74   22 2002    0    0    0    0    0    0    0    0
    631  33247     65    379
    GLN       N   AD1 AD2 CD  CG  CB  CA  C   O                      
   11   11  430    0   21   98   78   17    6  149    0    0    0    0    0
   21 8624    0   45  942  570   31    8 2075    0    0    0    0    0
    810  59776     87    727
    GLU       N   OE2 OE1 CD  CG  CB  CA  C   O                      
    2    5   19   17   10   20   10    5    2   28    0    0    0    0    0
   13  361  289   58  202   58   13    4  394    0    0    0    0    0
    153  11765     16    130
    GLY       N   CA  C   O                                          
   19   98  234   49  267    0    0    0    0    0    0    0    0    0    0
  562 2924  153 3805    0    0    0    0    0    0    0    0    0    0
    648  22294     60    218
    HIS       N   CD2 NE2 CE1 ND1 CG  CB  CA  C   O                  
    3    9   26   37   46   24    3   33   10    0   34    0    0    0    0
   29  238  475  710  210    3  365   34    0  390    0    0    0    0
    222  16454     27    251
    ILE       N   CD1 CG1 CB  CG2 CA  C   O                          
   14   29  324  115   38  213   15   11  168    0    0    0    0    0    0
   87 7546 1011  112 3315   29   15 2072    0    0    0    0    0    0
    913  59671    101    773
    LEU       N   CD2 CD1 CG  CB  CA  C   O                          
   11   35  231  215   37   63   11    7  140    0    0    0    0    0    0
  127 4941 4311  153  391   23   11 1800    0    0    0    0    0    0
    739  49709     83    659
    LYS       N   NZ  CE  CD  CG  CB  CA  C   O                      
   12   26  241  188  131   92   88   21   10  154    0    0    0    0    0
   80 4919 2970 1481  750  696   53   14 2002    0    0    0    0    0
    951  75697    107    983
    MET       N   CE  SD  CG  CB  CA  C   O                          
    2    4   52   29    9   17    6    3   26    0    0    0    0    0    0
   10 1352  421   53  149   20    5  346    0    0    0    0    0    0
    146  10660     17    149
    PHE       N   CD2 CE2 CZ  CE1 CD1 CG  CB  CA  C   O              
    3    3   16   35   35   37   19    3   26    7    4   41    0    0    0
    5   90  413  409  465  139    5  226   21    6  565    0    0    0
    226  17186     26    234
    PRO       N   CG  CD  CB  CA  C   O                              
    7    0   97   73   88   16    3   86    0    0    0    0    0    0    0
    0 1367  767 1130   44    3 1130    0    0    0    0    0    0    0
    363  18999     47    335
    SER       N   OG  CB  CA  C   O                                  
   29   82  474  408   86   31  368    0    0    0    0    0    0    0    0
  294 7840 5824  280   55 4746    0    0    0    0    0    0    0    0
   1449  72577    148    798
    THR       N   CG2 OG1 CB  CA  C   O                              
    9   19  191  128   47   20    8  110    0    0    0    0    0    0    0
   69 4065 1846  257   52   18 1384    0    0    0    0    0    0    0
    523  30487     60    422
    TRP       N   CD2 CE3 CZ3 CH2 CZ2 CE2 NE1 CD1 CG  CB  CA  C   O  
    4    9    4   23   49   53   50    8   42   43    4   34    8    7   49
   23    4  147  609  703  630   16  446  475    4  290   26   17  615
    383  36705     43    465
    TYR       N   OH  CD2 CE2 CZ  CE1 CD1 CG  CB  CA  C   O          
    9   17  179   59  101   26  104   65    6   89   21   12   97    0    0
   49 3563  413 1157   84 1208  495    6  907   67   22 1069    0    0
    776  67120     88    886
    VAL       N   CG2 CG1 CB  CA  C   O                              
   17   27  336  321   51   31   12  192    0    0    0    0    0    0    0
   71 6730 6119  179   67   18 2218    0    0    0    0    0    0    0
    970  55600    117    821
  89   21   12   97    0    0
   49 3563  413 1157   84 1208  495    6  907   67   22 1069    0    0
    776  67120     88    886
    VAL       N   CG2 CG1 CB  CA  C   O                              
   17   27  336  321   51   31   12  192    0    0    0    0    0    0    0
   71 6730 6119  179   67   18 2218