
 PANCREATIC TRYPSIN INHIBITOR (BOVINE)  *COMPLET
    55
    ALA       N   CB  CA  C   O                                      
    5   18  114   18    2   62    0    0    0    0    0    0    0    0    0
   74 2606   72    2  776    0    0    0    0    0    0    0    0    0
    214   9208     18     74
    ARG       N   NH  NH  CZ  NE  CD  CG  CB  CA  C   O              
    5   16  205    0   12   31   48   43   29   13    4   57    0    0    0
   58 4259    0   32  215  512  383  185   39   10  673    0    0    0
    458  42088     41    351
    ASN       N   OD1 ND2 CG  CB  CA  C   O                          
    3    9   59   47   11   30    2    1   38    0    0    0    0    0    0
   27 1163  749   41  314    2    1  482    0    0    0    0    0    0
    197  12989     19    129
    ASP       N   OD2 OD1 CG  CB  CA  C   O                          
    2    5   38   25    8   23    5    2   23    0    0    0    0    0    0
   17  722  373   34  265   13    2  269    0    0    0    0    0    0
    129   8361     10     52
    CYS       N   SG  CB  CA  C   O                                  
    6   10  151   66   15    7   74    0    0    0    0    0    0    0    0
   22 3811  732   45   11  932    0    0    0    0    0    0    0    0
    323  17449     29    147
    GLN       N   NE2 OE1 CD  CG  CB  CA  C   O                      
    1    3   19   21    5    8    6    2    2   13    0    0    0    0    0
    9  361  441   25   64   36    4    4  169    0    0    0    0    0
     79   6241      8     64
    GLU       N   OE2 OE1 CD  CG  CB  CA  C   O                      
    2    1   39   30   10   13   17    6    2   24    0    0    0    0    0
    1  765  452   50  109  145   20    2  290    0    0    0    0    0
    142  10100     17    145
    GLY       N   CA  C   O                                          
    5   22   71   14   73    0    0    0    0    0    0    0    0    0    0
  102 1013   44 1085    0    0    0    0    0    0    0    0    0    0
    180   6512     18     66
    HIS                                                              
    0    0    0    0    0    0    0    0    0    0    0    0    0    0    0
    0    0    0    0    0    0    0    0    0    0    0    0    0    0
      0      0      0      0
    ILE       N   CD1 CG1 CB  CG2 CA  C   O                          
    2    3   47   19    5   30    2    1   26    0    0    0    0    0    0
    5 1109  185   13  452    2    1  338    0    0    0    0    0    0
    133   8845     13     97
    LEU       N   CD2 CD1 CG  CB  CA  C   O                          
    2    3   32   46    2   14    3    3   23    0    0    0    0    0    0
    5  544 1060    4   98    5    5  265    0    0    0    0    0    0
    126   7988     17    145
    LYS       N   NZ  CE  CD  CG  CB  CA  O   C                      
    4   10   85   64   44   32   26    5   49    7    0    0    0    0    0
   28 1807 1026  484  282  172    7  629   15    0    0    0    0    0
    322  25934     36    336
    MET       N   CE  SD  CG  CB  CA  C   O                          
    1    2   22   13   13    5    2    0   12    0    0    0    0    0    0
    4  484  169  169   25    4    0  144    0    0    0    0    0    0
     69   4761      9     81
    PHE       N   CD2 CE2 CZ  CE1 CD1 CG  CB  CA  C   O              
    4    6   30   51   50   43   22    2   40   10    4   47    0    0    0
   14  226  655  628  477  126    2  402   34    6  555    0    0    0
    305  23387     38    366
    PRO       N   CG  CD  CB  CA  C   O                              
    4    0   54   45   58   10    2   50    0    0    0    0    0    0    0
    0  734  513  844   34    2  630    0    0    0    0    0    0    0
    219  12005     26    174
    SER       N   OG  CB  CA  C   O                                  
    1    2   15   13    3    1    8    0    0    0    0    0    0    0    0
    4  225  169    9    1   64    0    0    0    0    0    0    0    0
     42   1764      3      9
    THR       N   CG2 OG1 CB  CA  C   O                              
    3    3   61   40   20    7    2   38    0    0    0    0    0    0    0
    9 1249  544  136   17    2  484    0    0    0    0    0    0    0
    171   9755     22    162
    TRP                                                              
    0    0    0    0    0    0    0    0    0    0    0    0    0    0    0
    0    0    0    0    0    0    0    0    0    0    0    0    0    0
      0      0      0      0
    TYR       N   OH  CD2 CE2 CZ  CE1 CD1 CG  CB  CA  C   O          
    4   13   80   35   48   13   42   27    2   39    3    3   48    0    0
   49 1602  309  578   45  444  193    2  385    3    5  586    0    0
    353  31225     42    450
    VAL       N   CG2 CG1 CB  CA  C   O                              
    1    1   21   17    4    1    1   14    0    0    0    0    0    0    0
    1  441  289   16    1    1  196    0    0    0    0    0    0    0
     59   3481      8     64
