
 LYSOZYME (CHICKEN) COORDINATES, WITH WATERS    
   125
    ALA       N   CA  CB  C   O                                      
   12   34   55  281    7  156    0    0    0    0    0    0    0    0    0
  108  263 6623   13 2048    0    0    0    0    0    0    0    0    0
    533  23711     54    256
    ARG       N   CA  CB  CG  CD  NE  CZ  NH1 NH2 C   O              
    9   20   29   69   61  102   55   33  199  164   13  111    0    0    0
   76  101  621  537 1212  441  135 4443 3200   31 1401    0    0    0
    856  82016     94   1002
    ASN       N   CA  CB  CG  AD1 AD2 C   O                          
   13   32   27  133   32  197  272    4  146    0    0    0    0    0    0
  106   71 1403  118 3107 5810    4 1786    0    0    0    0    0    0
    843  54995     92    680
    ASP       N   CA  CB  CG  OD1 OD2 C   O                          
    8   24   23   90   31   93  122    9   96    0    0    0    0    0    0
  112   75 1044  147 1391 2202   15 1180    0    0    0    0    0    0
    522  34166     55    405
    CYS       N   CA  CB  SG  C   O                                  
    8   12   17   92  192    6   95    0    0    0    0    0    0    0    0
   30   43 1066 4616   10 1153    0    0    0    0    0    0    0    0
    414  21472     48    290
    GLN       N   CA  CB  CG  CD  AE1 AE2 C   O                      
    3    2    7   25   43   10   45   65    3   38    0    0    0    0    0
    4   21  209  641   44  771 1413    3  490    0    0    0    0    0
    238  18894     25    209
    GLU       N   CA  CB  CG  CD  OE1 OE2 C   O                      
    2    1    3   19   25    9   23   40    1   25    0    0    0    0    0
    1    9  181  313   41  277  800    1  313    0    0    0    0    0
    146  10676     19    181
    GLY       N   CA  C   O                                          
   12   58  160   35  164    0    0    0    0    0    0    0    0    0    0
  310 2166  121 2310    0    0    0    0    0    0    0    0    0    0
    417  14587     41    151
    HIS       N   CA  CB  CG  ND1 CE1 CD2 NE2 C   O                  
    1    0    2   11    2    9   15   12   11    0   13    0    0    0    0
    0    4  121    4   81  225  144  121    0  169    0    0    0    0
     75   5625      8     64
    ILE       N   CA  CB  CG2 CG1 CD1 C   O                          
    6    7   16   11  105   46  146    3   61    0    0    0    0    0    0
   15   46   27 1861  380 3584    3  631    0    0    0    0    0    0
    395  26133     47    371
    LEU       N   CA  CB  CG  CD1 CD2 C   O                          
    7   17   15   54   22  158  141    8   78    0    0    0    0    0    0
   47   41  420   74 3604 2909   12  904    0    0    0    0    0    0
    493  34819     49    349
    LYS       N   CA  CB  CG  CD  CE  NZ  C   O                      
    5    9   18   47   33   54   85  103    1   56    0    0    0    0    0
   19   66  453  239  590 1459 2127    1  630    0    0    0    0    0
    406  32974     46    426
    MET       N   CA  CB  CG  SD  CE  C   O                          
    2    6    5   15   16   31   48    1   25    0    0    0    0    0    0
   18   13  113  128  493 1170    1  313    0    0    0    0    0    0
    147  10805     19    185
    PHE       N   CA  CB  CG  CD1 CE1 CZ  CD2 CE2 C   O              
    3   14    4   24    2   25   41   47   22   38    5   40    0    0    0
  110   10  200    2  209  565  741  166  482    9  534    0    0    0
    262  23026     34    390
    PRO       N   CD  CA  CB  CG  C   O                              
    2    1   20   10   32   23    1   16    0    0    0    0    0    0    0
    1  202   50  544  325    1  130    0    0    0    0    0    0    0
    103   5309     13     85
    SER       N   CA  CB  OG  C   O                                  
   10   31   37  154  152    5  120    0    0    0    0    0    0    0    0
  119  143 2384 2374   11 1486    0    0    0    0    0    0    0    0
    499  25021     45    233
    THR       N   CA  CB  CG2 OG1 C   O                              
    7   12   19   36  142  101    9   83    0    0    0    0    0    0    0
   24   67  210 2926 1467   15 1009    0    0    0    0    0    0    0
    402  23210     43    275
    TRP       N   CA  CB  CG  CD1 NE1 CD2 CE2 CZ2 CH2 CE3 CZ3 C   O  
    6    6    7   58   11   64   60    7   24   77   79   47   77    6   71
   12   13  608   23  688  616   11  136 1031 1059  395  991   12  863
    594  58892     68    780
    TYR       N   CA  CB  CG  CD1 CE1 CZ  OH  CD2 CE2 C   O          
    3    5    4   26    3   23   41   10   61   22   32    0   33    0    0
    9    6  230    3  177  565   34 1259  164  342    0  369    0    0
    260  22558     31    323
    VAL       N   CA  CB  CG1 CG2 C   O                              
    6    1   13   23  119  115    1   61    0    0    0    0    0    0    0
    1   37  107 2381 2229    1  647    0    0    0    0    0    0    0
    333  18535     43    319
  22   32    0   33    0    0
    9    6  230    3  177  565   34 1259  164  342    0  369    0    0
    260  22558     31    323
    VAL       N   CA  CB  CG1 CG2 C   O                              
    6    1   13   23  119  115    1   61    0    0    0    0    0    0    0
    1   37  107 2381 2229    1  647