
 LACTATE DEHYDROGENASE M  (DOGFISH)  (RED SUBUNI
   327
    ALA       N   CA  C   O   CB                                     
   17   60   79   25  216  359    0    0    0    0    0    0    0    0    0
  222  417   55 2804 7641    0    0    0    0    0    0    0    0    0
    739  32233     79    407
    ARG       N   CA  C   O   CB  CG  CD  NE  CZ  NH1 NH2            
    9   17   25    9  107   57   72   97   49   25  180  215    0    0    0
   55   77   17 1329  383  654 1075  315   73 3618 5143    0    0    0
    853  81027     88    886
    ASN       N   CA  C   O   CB  CG  OD1 ND2                        
   11   23   40    9  123  109   26  196  204    0    0    0    0    0    0
   59  166   15 1417 1093   78 3594 3946    0    0    0    0    0    0
    730  48510     79    583
    ASP       N   CA  C   O   CB  CG  OD1 OD2                        
   27   58   86   32  290  278  109  468  419    0    0    0    0    0    0
  190  326   70 3218 2956  485 8334 6875    0    0    0    0    0    0
   1740 112414    174   1162
    CYS       N   CA  C   O   CB  SG                                 
    8   28   28    9   98   76  186    0    0    0    0    0    0    0    0
  120  118   17 1212  756 4352    0    0    0    0    0    0    0    0
    425  22633     47    281
    GLN       N   CA  C   O   CB  CG  CD  OE1 NE2                    
   10   33   31    8  100   74  105   31  170  196    0    0    0    0    0
  145  117   10 1136  586 1155  109 3062 4052    0    0    0    0    0
    748  56132     83    707
    GLU       N   CA  C   O   CB  CG  CD  OE1 OE2                    
   14   37   41    6  145  109  151   73  232  230    0    0    0    0    0
  147  163    6 1591  901 1715  417 4112 3868    0    0    0    0    0
   1024  75190    111    903
    GLY       N   CA  C   O                                          
   24  119  335   44  298    0    0    0    0    0    0    0    0    0    0
  655 4753   96 3874    0    0    0    0    0    0    0    0    0    0
    796  26650     83    311
    HIS       N   CA  C   O   CB  CG  ND1 CE1 CD2 NE2                
   11   29   30   15  125   99   12   84  173  114  132    0    0    0    0
   97  118   27 1479  927   18  722 2737 1254 1600    0    0    0    0
    813  60225     97    881
    ILE       N   CA  C   O   CB  CG1 CD1 CG2                        
   18   27   36    6  186   49  161  405  283    0    0    0    0    0    0
   61   94    6 1996  153 1633 9297 4561    0    0    0    0    0    0
   1153  73963    141   1157
    LEU       N   CA  C   O   CB  CG  CD1 CD2                        
   37   73   89   38  404  241  127  765  727    0    0    0    0    0    0
  231  305   66 4676 1705  5211618714711    0    0    0    0    0    0
   2464 164620    285   2283
    LYS       N   CA  C   O   CB  CG  CD  CE  NZ                     
   29   70   88   20  326  242  241  286  435  600    0    0    0    0    0
  238  342   34 3888 2098 2089 3016 661712482    0    0    0    0    0
   2308 184370    275   2711
    MET       N   CA  C   O   CB  CG  SD  CE                         
   10   26   31    6  108   80   79  144  242    0    0    0    0    0    0
   88  107   10 1210  656  693 2102 5882    0    0    0    0    0    0
    716  51334     80    658
    PHE       N   CA  C   O   CB  CG  CD1 CD2 CE1 CE2 CZ             
    6   11   16    5   61   55    5   38   52   79   74   78    0    0    0
   29   54    7  661  517    7  264  506 1049  918 1020    0    0    0
    474  37530     55    519
    PRO       N   CA  C   O   CB  CG  CD                             
   10    5   49    4  112  126  141   93    0    0    0    0    0    0    0
    5  245    4 1304 1598 2001  915    0    0    0    0    0    0    0
    530  28196     70    498
    SER       N   CA  C   O   CB  OG                                 
   26   86   94   25  323  374  429    0    0    0    0    0    0    0    0
  356  406   37 4107 5464 7229    0    0    0    0    0    0    0    0
   1331  68399    139    779
    THR       N   CA  C   O   CB  OG1 CG2                            
   11   18   28   12  128   65  142  222    0    0    0    0    0    0    0
   46   90   22 1508  421 1914 4532    0    0    0    0    0    0    0
    615  34541     65    395
    TRP       N   CA  C   O   CB  CG  CD2 CE3 CZ3 CD1 CE2 CZ2 NE1 CH2
    7   16   16    6   72   60    5    9   48   81   74   10   86   78   95
   54   48   10  838  520    5   19  344  947  812   16 1072  876 1291
    656  61808     89   1145
    TYR       N   CA  C   O   CB  CG  CD1 CD2 CE1 CE2 CZ  OH         
    7   16   24    8   81   61    5   57   51   84   84   26  139    0    0
   52   96   14  983  535    5  479  433 1014 1040  100 2765    0    0
    636  57914     71    741
    VAL       N   CA  C   O   CB  CG1 CG2                            
   35   69   92   20  404  102  673  694    0    0    0    0    0    0    0
  213  312   30 4822  3381310513938    0    0    0    0    0    0    0
   2054 120838    227   1519
