
 TOSYL ELASTASE  (SHOTTON + HARTLEY)            
   213
    ALA       N   CA  C   O   CB                                     
   16   50   56   15  208  361    0    0    0    0    0    0    0    0    0
  190  216   27 2754 8171    0    0    0    0    0    0    0    0    0
    690  29834     75    379
    ARG       N   CA  C   O   CB  CG  CD  NE  CZ  NH1 NH2            
    7   19   21    6   79   55   50   69   45   19  163  128    0    0    0
   63   73   14  931  443  380  695  303   53 3805 2362    0    0    0
    654  61340     75    811
    ASN       N   CA  C   O   CB  CG  AD1 AD2                        
   15   37   36   17  178  154   45  242  291    0    0    0    0    0    0
  147  102   37 2154 1618  155 4062 5767    0    0    0    0    0    0
   1000  66828     98    678
    ASP       N   CA  C   O   CB  CG  OD1 OD2                        
    6    7   12    5   74   65   20   93  105    0    0    0    0    0    0
   15   28    5  958  709   70 1501 1953    0    0    0    0    0    0
    381  24245     41    291
    CYS       N   CA  C   O   CB  SG                                 
    7   16   17   11   96   71  171    0    0    0    0    0    0    0    0
   50   49   21 1340  737 4199    0    0    0    0    0    0    0    0
    382  20900     40    234
    GLN       N   CA  C   O   CB  CG  CD  AE1 AE2                    
   15   27   28   14  198  116  136   45  261  311    0    0    0    0    0
   67   60   22 2640  962 1336  163 4587 6565    0    0    0    0    0
   1136  86216    121   1003
    GLU       N   CA  C   O   CB  CG  CD  OE1 OE2                    
    4    9    7    5   50   37   41   24   56   68    0    0    0    0    0
   33   15   13  626  355  453  150  910 1166    0    0    0    0    0
    297  22095     25    165
    GLY       N   CA  C   O                                          
   24  112  320   56  330    0    0    0    0    0    0    0    0    0    0
  556 4340  160 4606    0    0    0    0    0    0    0    0    0    0
    818  28104     86    326
    HIS       N   CA  C   O   CB  CG  NDN CDC CEC NEN                
    6   17   13    4   74   65    7   41   72   96   77    0    0    0    0
   65   35    6  936  709   15  333  880 1552  993    0    0    0    0
    466  36264     49    405
    ILE       N   CA  C   O   CB  CG1 CG2 CD1                        
   10   15   16   10  121   25   81  169  225    0    0    0    0    0    0
   27   34   24 1479   69  731 2881 5125    0    0    0    0    0    0
    662  43952     79    641
    LEU       N   CA  C   O   CB  CG  CD1 CD2                        
   18   42   19   11  221  126   47  390  374    0    0    0    0    0    0
  138   31   19 2729  932  143 8572 7856    0    0    0    0    0    0
   1230  84204    136   1056
    LYS       N   CA  C   O   CB  CG  CD  CE  NZ                     
    3    6    3    3   36   28   25   32   52   42    0    0    0    0    0
   14    3    3  446  270  227  346  902  612    0    0    0    0    0
    227  17193     26    226
    MET       N   CA  C   O   CB  CG  SD  CE                         
    2    3    3    3   27   14   11   33   49    0    0    0    0    0    0
    9    5    5  377   98   65  549 1201    0    0    0    0    0    0
    143  10225     16    136
    PHE       N   CA  C   O   CB  CG  CD1 CD2 CE1 CE2 CZ             
    2    2    5    2   26   17    2   16    9   24   22   27    0    0    0
    2   13    2  338  145    2  136   53  288  244  365    0    0    0
    152  11570     21    225
    PRO       N   CA  C   O   CB  CG  CD                             
    7    1   28    5   81   79   99   65    0    0    0    0    0    0    0
    1  120    7  977  903 1405  611    0    0    0    0    0    0    0
    358  18444     50    366
    SER       N   CA  C   O   CB  OG                                 
   16   33   58   14  219  244  254    0    0    0    0    0    0    0    0
   87  234   30 3027 3754 4108    0    0    0    0    0    0    0    0
    822  42364     86    492
    THR       N   CA  C   O   CB  OGO CGC                            
   16   30   37   12  202   83  242  333    0    0    0    0    0    0    0
   80   99   18 2592  445 3698 6959    0    0    0    0    0    0    0
    939  55203    103    685
    TRP       N   CA  C   O   CB  CG  CD1 CD2 NE1 CE2 CE3 CZ2 CZ3 CH2
    7   18    8    7   84   61    7   73    8   78   14   45   85   93   89
   52   16   15 1022  541    7  775   10  872   32  303 1037 1237 1139
    670  64194     77    883
    TYR       N   CA  C   O   CB  CG  CD1 CD2 CE1 CE2 CZ  OH         
   10   23   17   12  127   88   11   73   82  126  126   35  207    0    0
   75   37   26 1649  796   13  561  696 1604 1598  125 4295    0    0
    927  86085    109   1243
    VAL       N   CA  C   O   CB  CG1 CG2                            
   22   41   29   12  262   75  408  430    0    0    0    0    0    0    0
  113   51   16 3176  273 7610 8444    0    0    0    0    0    0    0
   1257  71953    148   1018
