
 CARBOXYPEPTIDASE-A                             
   303
    ALA       N   CA  C   O   CB                                     
   20   52   86   18  268  446    0    0    0    0    0    0    0    0    0
  166  410   36 363410008    0    0    0    0    0    0    0    0    0
    870  38070    107    595
    ARG       N   CA  C   O   CB  CG  CD  NE  CZ  NH1 NH2            
   11   24   27   10  127   94   94   98   72   36  198  250    0    0    0
   68   89   16 1579  870  846  976  504  126 3632 5694    0    0    0
   1030  96880    122   1410
    ASN       N   CA  C   O   CB  CG  AD1 AD2                        
   15   31   29   18  172  158   46  247  312    0    0    0    0    0    0
   97  107   32 2088 1726  154 4213 6578    0    0    0    0    0    0
   1013  68593    112    870
    ASP       N   CA  C   O   CB  CG  OD1 OD2                        
   12   23   27   13  147  122   64  183  211    0    0    0    0    0    0
   75   81   19 1843 1252  348 2923 3835    0    0    0    0    0    0
    790  52146     85    621
    CYS       N   CA  C   O   CB  SG                                 
    2    1    5    1   26   22   52    0    0    0    0    0    0    0    0
    1   13    1  340  244 1352    0    0    0    0    0    0    0    0
    107   5725     12     74
    GLN       N   CA  C   O   CB  CG  CD  AE1 AE2                    
   12   20   27    8  145   85  123   36  223  236    0    0    0    0    0
   72   83   12 1801  629 1345  122 4205 4740    0    0    0    0    0
    903  68117    102    908
    GLU       N   CA  C   O   CB  CG  CD  OE1 OE2                    
   13   22   27   12  164   95  149   67  204  226    0    0    0    0    0
   66   97   18 2128  755 1765  383 3374 4042    0    0    0    0    0
    966  71980    107    901
    GLY       N   CA  C   O                                          
   23   90  310   48  338    0    0    0    0    0    0    0    0    0    0
  428 4248  130 5104    0    0    0    0    0    0    0    0    0    0
    786  27218     79    311
    HIS       N   CA  C   O   CB  CG  ND1 CD2 CE1 NE2                
    8   17   16   13  102   76    9   65   78  119   98    0    0    0    0
   53   42   31 1358  744   13  599  804 1817 1210    0    0    0    0
    593  43999     68    586
    ILE       N   CA  C   O   CB  CG1 CG2 CD1                        
   21   29   37   11  248   62  200  346  460    0    0    0    0    0    0
   81   93   25 3026  208 2064 576810318    0    0    0    0    0    0
   1393  92879    163   1301
    LEU       N   CA  C   O   CB  CG  CD1 CD2                        
   23   46   31   24  275  158   99  443  449    0    0    0    0    0    0
  134   77   40 3449 1134  485 8771 9055    0    0    0    0    0    0
   1525 101411    176   1380
    LYS       N   CA  C   O   CB  CG  CD  CE  NZ                     
   15   33   39    9  184  115  129  145  210  303    0    0    0    0    0
   99  131   13 2362  953 1165 1477 3012 6129    0    0    0    0    0
   1167  91005    141   1379
    MET       N   CA  C   O   CB  CG  SD  CE                         
    2    3    7    2   26   15   15   32   53    0    0    0    0    0    0
    5   25    4  338  117  117  512 1405    0    0    0    0    0    0
    153  11729     19    181
    PHE       N   CA  C   O   CB  CG  CD1 CD2 CE1 CE2 CZ             
   16   26   26    7  198  151   16  116  146  204  202  210    0    0    0
   76   58    7 2538 1451   24  898 1400 2644 2594 2780    0    0    0
   1302 106370    164   1716
    PRO       N   CA  C   O   CB  CG  CD                             
   10    1   41   13  123  122  144   96    0    0    0    0    0    0    0
    1  177   25 1555 1512 2084  940    0    0    0    0    0    0    0
    540  29250     72    528
    SER       N   CA  C   O   CB  OG                                 
   32   90  117   39  411  453  525    0    0    0    0    0    0    0    0
  340  485   71 5427 6549 8791    0    0    0    0    0    0    0    0
   1635  83879    173    983
    THR       N   CA  C   O   CB  OG1 CG2                            
   26   35   71   16  327  144  382  546    0    0    0    0    0    0    0
   93  229   20 4217  844 571411628    0    0    0    0    0    0    0
   1521  89317    162   1064
    TRP       N   CA  C   O   CB  CG  CD1 CD2 NE1 CE2 CE3 CZ2 CZ3 CH2
    7   15   14    2   75   69    7    8   75   75   53   14   89   91   90
   55   36    2  869  719    9   14  819  807  453   32 1137 1191 1166
    677  65553     76    842
    TYR       N   CA  C   O   CB  CG  CD1 CD2 CE1 CE2 CZ  OH         
   19   35   39   19  246  185   15  148  142  233  226   66  378    0    0
   99  109   27 3260 1843   19 1234 1116 2883 2712  240 7534    0    0
   1732 158200    181   1777
    VAL       N   CA  C   O   CB  CG1 CG2                            
   16   31   28    5  191   47  326  305    0    0    0    0    0    0    0
   89   72    7 2299  151 6730 5837    0    0    0    0    0    0    0
    933  54577    105    709
