
 THERMOLYSIN                                    
   313
    ALA       N   CA  C   O   CB                                     
   28   78  118   24  350  642    0    0    0    0    0    0    0    0    0
  296  582   48 448814810    0    0    0    0    0    0    0    0    0
   1212  52662    133    649
    ARG       N   CA  C   O   CB  CG  CD  NE  CZ  NH1 NH2            
   10   23   27    9  113   86   55   92   65   25  196  211    0    0    0
   65  107   15 1325  766  419  934  449   69 3968 4489    0    0    0
    902  81556    105   1125
    ASN       N   CA  C   O   CB  CG  OD1 ND2                        
   19   45   56   25  218  165   66  297  391    0    0    0    0    0    0
  159  208   59 2600 1547  260 4929 8291    0    0    0    0    0    0
   1263  84109    140   1056
    ASP       N   CA  C   O   CB  CG  OD1 OD2                        
   25   44   60   25  307  282  134  401  412    0    0    0    0    0    0
  120  184   51 3877 3248  840 6819 7148    0    0    0    0    0    0
   1665 111297    172   1254
    CYS                                                              
    0    0    0    0    0    0    0    0    0    0    0    0    0    0    0
    0    0    0    0    0    0    0    0    0    0    0    0    0    0
      0      0      0      0
    GLN       N   CA  C   O   CB  CG  CD  OE1 NE2                    
   13   31   28   13  149  100  115   54  196  279    0    0    0    0    0
   97   78   29 1769  810 1135  284 3160 6095    0    0    0    0    0
    965  71737    103    833
    GLU       N   CA  C   O   CB  CG  CD  OE1 OE2                    
    8   15   22    7  105   69   93   36  117  144    0    0    0    0    0
   45   68   11 1413  613 1151  222 1799 2674    0    0    0    0    0
    608  46314     73    681
    GLY       N   CA  C   O                                          
   36  169  501   78  484    0    0    0    0    0    0    0    0    0    0
  937 7059  210 6832    0    0    0    0    0    0    0    0    0    0
   1232  42452    127    507
    HIS       N   CA  C   O   CB  CG  ND1 CE1 CD2 NE2                
    8   18   27    5   89   77   14   66  133   88   99    0    0    0    0
   60  103    7 1013  795   30  600 2235  994 1243    0    0    0    0
    616  47604     72    700
    ILE       N   CA  C   O   CB  CG1 CD1 CG2                        
   17   17   36   12  180   48  146  390  293    0    0    0    0    0    0
   35  104   20 2000  184 1342 9008 5091    0    0    0    0    0    0
   1122  74182    123    907
    LEU       N   CA  C   O   CB  CG  CD1 CD2                        
   16   38   22   19  192  126   56  337  345    0    0    0    0    0    0
  162   58   43 2390 1044  262 7239 7645    0    0    0    0    0    0
   1135  80747    134   1168
    LYS       N   CA  C   O   CB  CG  CD  CE  NZ                     
   10   16   36   12  107   89   82  103  140  215    0    0    0    0    0
   42  156   18 1213  817  762 1131 2038 4633    0    0    0    0    0
    800  64378    101   1039
    MET       N   CA  C   O   CB  CG  SD  CE                         
    2    6    4    0   26   15   19   28   48    0    0    0    0    0    0
   18   16    0  340  117  185  394 1160    0    0    0    0    0    0
    146  10690     15    113
    PHE       N   CA  C   O   CB  CG  CD1 CD2 CE1 CE2 CZ             
   10   20   17   10  134   93   12   96   77  128  119  138    0    0    0
   60   37   18 1828  903   26  956  649 1674 1455 1926    0    0    0
    844  71474    105   1121
    PRO       N   CA  C   O   CB  CG  CD                             
    8    3   38    5  105  109  124   75    0    0    0    0    0    0    0
    3  192    7 1413 1513 1934  717    0    0    0    0    0    0    0
    459  26383     59    439
    SER       N   CA  C   O   CB  OG                                 
   26   82   96   23  336  398  438    0    0    0    0    0    0    0    0
  364  412   37 4478 6302 8410    0    0    0    0    0    0    0    0
   1373  74699    153    963
    THR       N   CA  C   O   CB  OG1 CG2                            
   25   59   65   21  303  146  351  511    0    0    0    0    0    0    0
  219  223   35 3805  908 507910533    0    0    0    0    0    0    0
   1456  85318    161   1093
    TRP       N   CA  C   O   CB  CG  CD2 CE3 CZ3 CD1 CE2 CZ2 NE1 CH2
    3   10    6    4   41   28    4    4   28   46   27    8   36   34   36
   38   14   16  569  264    6    6  270  710  245   22  438  386  450
    312  32486     36    458
    TYR       N   CA  C   O   CB  CG  CD1 CD2 CE1 CE2 CZ  OH         
   28   63   49   20  329  263   35  218  220  322  325  107  564    0    0
  219  141   38 3961 2565  137 1848 1850 3802 3829  44711422    0    0
   2515 226303    295   3229
    VAL       N   CA  C   O   CB  CG1 CG2                            
   21   38   47    8  249   74  379  418    0    0    0    0    0    0    0
   98  167    8 3015  336 6925 8368    0    0    0    0    0    0    0
   1213  70303    150   1094
