100   0.0  W  F  L  I  Y  V  M  P  A  E  Q  G  D  T  X  S  N  C  R  H  KTMLAEC AC NH
  1   1.8  0  0  0  0  0  0  0  0  0  0  0  3  0  0  0  0  0  0  0  0  0  0  0  0  0
  2   2.5  0  0  0  0  0  0  0  1  0  0  0  1  0  0  0  0  0  0  0  0  0  0  0  0  0
  3   2.8  0  0  0  0  0  0  0  0  1  0  0  0  0  0  1  0  0  0  1  0  1  0  0  0  0
  4   5.0  0  0  0  0  0  0  0  0  0  2  1  0  0  1  0  0  0  0  0  0  0  0  0  0  0
  5   5.3  0  0  1  0  0  0  0  0  0  0  0  1  0  0  0  0  0  0  0  0  0  0  0  0  1
  6   6.1  0  0  0  0  0  0  0  0  3  0  0  0  0  0  0  0  0  0  0  0  0  0  0  1  0
  7   6.5  0  0  0  0  0  0  1  0  1  0  0  0  0  1  0  0  0  0  0  0  1  0  0  0  0
  8   6.6  0  0  1  0  0  0  0  0  0  0  0  0  0  0  0  0  1  0  0  0  0  0  1  0  0
  9   7.5  0  0  0  0  0  0  1  0  1  0  0  0  0  0  1  0  0  0  1  0  1  0  0  0  0
 10   7.8  0  0  0  0  0  0  1  0  1  0  0  0  0  0  0  0  0  0  1  0  0  0  0  0  0
 11   8.0  0  0  0  0  1  0  0  0  0  0  0  0  0  0  0  0  0  0  0  0  1  0  0  0  0
 12   8.1  0  0  0  0  0  0  0  1  0  0  0  1  0  1  0  1  0  0  1  0  0  0  0  0  0
 13   8.2  0  0  0  0  1  0  0  0  0  1  0  0  0  0  0  0  0  0  0  0  1  0  0  0  0
 14   8.5  0  0  0  0  1  0  0  0  0  0  0  1  0  0  0  0  0  0  0  0  0  0  0  0  0
 15   9.2  0  0  0  0  0  0  1  0  1  2  0  0  0  1  0  0  0  0  0  0  1  0  0  0  0
 16   9.6  0  0  0  0  1  0  0  0  0  1  0  0  0  0  0  0  0  0  0  0  0  0  0  0  0
 17   9.8  0  0  1  0  0  0  0  0  0  0  0  0  0  0  0  0  0  0  0  1  1  0  0  0  0
 18   9.9  0  1  0  0  0  0  0  0  0  0  0  0  0  0  0  0  0  0  0  0  1  0  0  0  0
 19  10.3  0  0  0  1  0  0  0  0  0  1  0  0  0  0  0  0  0  0  1  0  0  0  0  0  0
 20  10.3  0  0  1  0  0  0  0  1  0  0  0  0  0  0  0  0  0  0  0  0  0  0  0  0  0
 21  10.9  0  0  0  1  0  0  0  0  1  1  0  0  0  0  0  0  0  0  0  0  0  0  0  0  0
 22  11.5  0  0  0  0  0  0  1  0  0  3  0  0  2  1  0  1  0  0  0  0  2  0  0  0  0
 23  12.0  0  1  0  0  0  0  0  0  1  0  0  0  0  0  0  0  0  0  1  0  0  0  0  0  0
 24  12.0  0  0  0  1  0  0  0  0  1  1  1  0  0  0  0  0  0  0  0  0  0  0  0  0  0
 25  12.0  0  0  0  1  0  0  0  0  2  0  0  0  1  0  0  0  0  0  0  0  1  0  0  0  0
 26  12.4  0  0  0  1  0  0  0  1  0  0  0  0  0  0  0  0  1  0  0  0  0  0  1  0  0
 27  13.0  0  0  1  0  0  0  0  0  1  1  0  0  1  0  0  1  0  0  0  0  1  0  0  0  0
 28  13.5  0  1  0  0  0  0  0  0  1  1  0  0  0  0  0  0  0  0  1  0  0  0  0  0  0
 29  13.8  0  1  0  0  0  0  0  0  0  0  0  0  1  0  0  0  0  0  1  0  0  0  0  0  0
 30  14.8  0  1  0  0  1  1  0  0  0  0  0  2  2  0  0  0  1  0  0  0  1  0  0  0  0
 31  15.0  0  1  0  0  0  0  0  0  0  1  0  0  0  0  0  0  0  0  0  0  1  0  0  0  0
 32  15.6  0  1  0  0  0  1  0  0  0  0  0  1  0  0  0  0  0  0  1  0  1  0  0  0  0
 33  15.8  0  0  1  0  0  0  0  1  1  2  1  1  0  1  0  1  1  0  0  0  0  0  0  0  0
 34  16.3  1  0  0  0  0  0  0  0  0  0  0  1  0  0  0  0  0  0  0  0  0  0  0  0  0
 35  16.5  0  0  0  1  0  0  1  0  0  1  0  0  0  0  0  0  0  0  1  0  0  0  0  0  0
 36  16.7  0  0  1  0  0  0  0  1  0  2  0  0  0  1  0  1  0  0  0  1  1  0  0  0  0
 37  17.0  0  0  1  0  1  0  0  0  0  0  0  1  1  0  0  0  1  0  1  1  0  0  0  0  0
 38  17.1  1  0  0  0  1  0  0  0  0  0  0  0  0  0  0  0  0  0  0  0  0  0  0  0  1
 39  18.2  0  1  1  0  0  0  0  0  0  0  0  0  0  0  0  0  0  0  0  0  1  0  0  0  0
 40  18.2  0  0  1  0  0  0  0  0  1  0  1  0  1  0  0  0  0  0  0  0  0  0  0  1  0
 41  19.5  0  1  0  1  0  0  0  0  1  1  0  0  0  0  0  0  0  0  0  0  1  0  0  0  0
 42  19.8  0  0  0  1  1  1  0  0  1  2  1  2  3  0  0  0  1  0  0  0  0  0  0  0  0
 43  20.2  0  1  0  0  1  1  0  0  0  0  0  2  2  0  0  0  1  0  0  0  1  0  0  0  0
 44  20.3  0  0  1  1  0  0  0  0  2  1  0  0  0  0  0  1  0  0  1  0  0  0  0  0  0
 45  20.3  0  2  0  0  0  0  0  0  1  1  1  0  0  2  0  1  3  0  1  0  0  0  0  0  0
 46  21.2  0  0  1  0  0  1  1  0  0  1  0  1  0  1  0  0  0  0  1  0  0  0  0  0  0
 47  21.3  0  0  1  0  0  0  0  0  1  2  0  1  0  0  0  0  0  0  0  2  1  0  0  0  0
 48  21.4  2  0  0  0  0  0  0  0  0  0  0  1  1  0  0  0  1  0  1  0  0  0  1  0  0
 49  22.0  0  0  1  1  0  0  1  0  0  1  1  0  1  0  0  0  1  0  0  0  0  0  0  0  0
 50  22.5  0  1  0  0  0  1  2  0  1  0  1  0  0  1  0  0  0  0  0  0  1  0  0  0  0
 51  23.5  2  0  0  0  0  0  0  0  0  0  0  0  0  0  0  0  0  0  0  0  0  0  1  0  0
 52  23.8  0  1  0  1  0  0  0  0  1  1  1  0  0  0  0  0  0  0  0  0  1  0  0  0  0
 53  24.0  0  0  1  1  0  0  0  0  2  3  2  0  1  1  0  0  0  0  0  0  0  0  0  1  0
 54  24.0  0  0  2  0  0  0  0  1  1  2  2  1  1  1  1  1  1  0  1  0  0  0  0  0  0
 55  24.8  0  0  0  2  1  1  1  0  1  3  1  2  3  0  0  0  1  0  1  0  0  0  0  0  0
 56  25.1  0  1  1  0  0  0  2  0  1  0  0  0  0  0  0  0  0  0  1  0  0  0  0  0  0
 57  25.3  0  1  0  1  0  1  0  1  1  1  0  2  3  1  0  0  1  0  0  0  0  0  0  0  0
 58  25.7  0  1  2  0  0  2  1  0  0  3  0  1  2  2  1  0  1  0  0  1  0  1  0  0  0
 59  25.8  0  0  2  0  0  1  1  1  1  2  1  2  0  2  0  1  1  0  1  0  0  0  0  0  0
 60  26.0  0  0  2  1  0  1  0  0  2  0  0  0  1  1  0  4  1  0  0  0  0  0  1  0  0
 61  26.9  0  0  1  2  1  0  0  0  0  0  1  2  2  2  0  2  2  0  1  0  0  0  0  0  0
 62  26.9  0  0  1  2  0  2  0  0  2  1  0  2  2  0  0  0  0  0  1  1  0  0  0  0  0
 63  27.0  0  1  1  0  0  0  3  0  1  3  0  0  2  2  0  1  0  0  1  0  2  0  0  0  0
 64  27.0  0  0  3  0  0  1  1  0  0  2  0  1  1  2  0  0  1  0  1  1  0  1  0  0  0
 65  27.3  0  0  1  0  0  3  0  1  1  1  0  0  1  1  0  1  0  1  1  0  0  0  0  0  0
 66  27.5  0  1  1  1  1  1  0  0  2  1  0  2  2  0  0  1  1  0  1  0  1  0  0  0  0
 67  28.6  0  2  0  1  1  1  0  0  3  1  0  2  2  0  0  1  1  0  1  0  1  0  0  0  0
 68  28.6  0  1  3  0  0  2  1  0  0  3  0  1  2  2  0  0  1  0  1  1  0  1  0  0  0
 69  29.0  0  1  1  1  1  1  0  0  2  1  0  2  2  0  0  1  1  0  0  0  1  0  0  0  0
 70  29.1  1  0  1  0  1  1  0  0  0  0  0  2  0  0  0  1  1  1  0  0  0  0  0  0  0
 71  29.2  0  0  0  2  1  2  0  0  1  4  2  2  3  0  1  0  1  0  1  0  0  0  0  0  0
 72  29.2  0  1  1  1  0  0  0  0  2  3  2  0  1  1  0  0  0  0  0  0  1  0  0  0  0
 73  30.0  0  2  1  1  0  0  0  0  1  1  0  2  3  3  0  1  0  0  0  0  2  0  0  0  0
 74  30.2  0  1  2  0  0  0  0  0  1  1  0  0  0  0  0  0  0  0  1  0  0  0  0  0  0
 75  30.4  0  2  1  1  0  0  0  0  1  1  0  2  3  3  0  1  0  0  0  0  2  0  0  0  0
 76  33.5  0  1  2  1  0  2  2  0  0  3  0  1  2  2  0  0  1  0  1  1  0  1  0  0  0
 77  34.2  0  1  3  1  2  0  0  0  3  2  1  2  1  0  0  0  1  0  1  0  4  0  0  0  0
 78  34.8  1  0  0  1  3  3  0  2  0  1  0  2  1  1  0  1  0  0  0  1  1  0  0  0  0
 79  35.9  0  1  0  2  1  1  1  1  2  2  0  4  4  0  0  1  0  1  0  0  1  0  0  0  0
 80  37.2  0  1  0  1  1  2  2  0  2  3  2  2  3  1  0  0  1  0  0  0  1  0  0  0  0
 81  37.5  0  2  1  2  0  1  0  1  1  2  0  2  3  2  1  0  2  0  0  0  0  0  0  0  0
 82  37.8  0  3  3  2  1  3  1  0  3  8  1  3  6  3  1  2  2  0  3  1  2  1  0  0  0
 83  38.5  0  1  5  3  1  0  0  0  0  1  0  0  4  0  0  1  2  0  0  1  1  0  0  0  0
 84  39.0  0  1  3  4  0  3  0  1  3  1  4  2  3  4  1  2  2  0  2  1  3  0  0  0  0
 85  40.5  0  0  3  1  0  2  0  0  2  0  0  2  0  2  0  0  0  0  0  1  1  0  0  0  0
 86  42.1  0  3  3  2  0  1  0  0  3  5  2  3  4  5  1  1  0  0  0  0  3  0  0  1  0
 87  42.3  1  1  3  3  3  0  0  0  6  4  1  1  1  2  1  4  2  1  2  1  1  0  0  0  0
 88  42.8  0  3  3  2  0  1  1  0  3  5  2  3  4  5  0  1  0  0  1  0  3  0  0  1  0
 89  44.0  0  2  3  2  0  1  2  2  2  4  2  3  4  3  0  1  3  0  0  0  0  0  0  0  0
 90  45.0  0  1  2  3  1  1  0  0  1  2  0  0  0  0  0  2  0  0  1  2  0  0  0  0  0
 91  45.5  0  3  3  4  2  5  6  0  6 12  2  5  9  4  0  2  3  0  5  1  4  1  0  0  0
 92  45.5  1  1 12  1  3  7  0  5  4  4  4  7  5  4  1  2  4  1  5  4  5  0  0  0  0
 93  45.8  0  2  3  2  0  1  3  2  3  4  2  3  4  3  0  1  3  0  1  0  0  0  0  0  0
 94  46.2  0  3  3  4  2  5  5  0  5 12  2  5  9  4  0  2  3  0  4  1  4  1  0  0  0
 95  45.6  2  3  7  2  0  5  0  1  4  7  2  3  3  2  1  2  0  0  2  4  5  0  0  0  0
 96  48.3  0  6  4  5  2  6  7  1  7 12  2  7 12  6  0  2  4  0  5  1  4  1  0  0  0
 97  48.9  0  7  4  5  2  3  5  2  7 11  2  8 11  8  0  4  4  0  4  0  6  0  0  0  0
 98  50.0  0  2  8  6  1  3  0  3 10  5  2  6  2  3  1  4  1  0  1  8 10  0  0  0  0
 99  51.0  0  8  9  8  2  7  9  2 11 21  6 11 17 12  0  4  6  0  6  1  7  1  0  1  0
100  11.5  0  1  0  0  0  0  0  0  0  0  0  1  0  0  0  0  0  0  0  0  0  0  0  0  0
-99
-99   0.0  W  F  L  I  Y  V  M  P  A  E  Q  G  D  T  X  S  N  C  R  H  K TML AECAC NH
0  4  4  0  4  0  6  0  0  0  0
 98  50.0  0  2  8  