 41   0.0  W  F  L  I  Y  V  M  P  A  E  Q  G  D  T  X  S  N  C  R  H  KTMLAEC AC NH PGCSS
201   8.5  0  0  0  0  1  0  0  1  0  1  0  0  1  0  0  1  0  0  0  0  2  0  0  0  0  0  0
202  10.0  1  0  0  0  0  0  0  0  0  0  0  0  0  0  0  0  0  0  0  0  0  0  0  0  0  0  0
203  12.0  0  0  0  1  1  0  0  1  0  0  1  1  0  0  0  0  1  0  1  0  0  0  0  0  0  0  1
204  13.0  0  1  0  0  1  0  0  1  0  0  1  1  0  0  0  0  1  0  0  0  1  0  0  0  0  0  1
205  14.0  0  1  0  0  1  0  0  1  0  0  1  1  0  0  0  0  1  0  1  0  0  0  0  0  0  0  1
206  17.0  1  1  0  0  0  0  0  0  0  1  0  1  0  0  0  0  0  0  1  1  0  0  0  0  0  0  0
207  18.0  0  2  0  0  0  0  0  0  0  0  0  0  0  0  0  0  0  0  0  0  0  0  0  0  0  0  0
208  18.5  1  1  0  0  1  1  1  1  0  1  0  2  0  0  0  2  0  0  1  1  5  0  0  0  0  0  0
209  19.0  0  1  0  0  1  0  1  0  0  0  0  2  0  0  0  0  0  0  0  0  0  0  0  0  0  0  0
210  19.5  0  0  1  1  1  0  0  1  0  0  1  1  0  0  0  0  1  0  0  0  0  0  0  0  0  0  1
211  20.5  1  1  0  0  0  0  1  0  0  1  0  1  0  0  0  0  0  0  1  1  0  0  0  0  0  0  0
212  21.5  1  1  0  0  2  3  1  3  0  1  0  2  0  0  0  2  0  0  3  1  4  0  0  0  0  0  0
213  22.0  0  1  1  0  1  1  1  1  0  1  1  2  0  3  0  2  0  0  0  0  1  0  0  0  0  0  0
214  22.0  0  1  1  0  1  0  0  0  0  0  0  2  0  0  0  0  0  0  0  0  0  0  0  0  0  0  0
215  22.0  0  0  2  1  2  2  0  0  1  2  2  1  0  0  0  2  2  0  0  0  0  0  0  0  0  0  2
216  23.0  0  1  0  1  1  1  0  1  0  0  0  0  1  0  0  0  0  0  1  1  0  0  0  0  0  0  0
218  24.5  0  0  2  1  2  0  0  2  0  1  0  0  0  0  0  0  1  0  2  0  1  0  0  0  0  1  0
219  26.0  1  1  0  0  1  1  1  1  0  1  0  1  0  0  0  2  0  0  1  1  1  0  0  0  0  0  0
220  26.0  1  0  2  0  0  1  1  0  1  0  2  2  0  0  0  0  1  0  1  1  0  0  0  0  0  1  0
221  27.5  0  3  2  3  6  9  4  4 12  5  7  3  5 10  0 15 10  0  4  4 10  0  0  0  0  0  4
222  28.0  0  3  0  0  0  0  0  0  0  0  0  0  0  0  0  0  0  0  0  0  0  0  0  0  0  0  0
223  28.5  2  1  1  0  1  0  1  1  1  5  0  2  1  0  0  0  0  0  0  0  0  0  0  0  0  1  0
224  29.0  0  2  1  0  0  0  1  2  0  0  2  1  0  0  0  0  0  0  1  0  1  0  0  0  0  0  0
225  30.0  0  2  1  0  0  0  1  1  0  0  2  1  0  0  0  0  0  0  0  0  0  0  0  0  0  0  0
226  30.5  1  3  1  0  2  3  1  4  3  5  0  3  1  0  0  3  1  0  3  1  4  0  0  0  0  0  0
227  30.5  0  2  1  0  1  2  0  3  3  4  0  1  1  0  0  1  1  0  1  0  1  0  0  0  0  0  0
228  31.0  0  2  1  0  0  0  0  1  1  1  0  0  0  0  0  0  0  0  0  0  0  0  0  0  0  0  0
229  32.0  1  3  0  0  0  0  0  0  1  0  0  1  0  2  0  1  1  0  0  0  2  0  0  0  0  0  1
230  32.0  0  0  6  1  4  5  0  1  3  4  3  4  0  1  0  3  3  0  1  2  1  0  0  0  0  0  3
231  33.0  1  3  2  0  2  3  1  4  3  5  0  3  1  0  0  2  1  0  3  1  4  0  0  0  0  0  0
232  33.5  0  3  4  0  2  3  0  1  2  2  1  3  0  1  0  1  1  0  1  2  1  0  0  0  0  0  1
233  34.0  0  2  2  2  1  1  1  1  2  1  2  3  0  3  0  2  2  0  0  1  5  0  0  0  0  0  0
234  34.5  1  3  5  1  3  3  2  9 15 11  3  8  3  3  0  3  2  0  4  2 10  0  0  0  0  0  0
235  34.5  0  3  2  1  1  1  1  2  2  0  3  3  1  5  0  1  2  0  0  1  1  0  0  0  0  0  1
236  35.0  1  4  6  6  4  3  2  4  6  9  3 14  3  8  0  1  5  0  2  3 18  0  0  0  0  0  1
237  36.0  1  2  2  0  2  1  1  0  1  0  3  1  3  3  0  4  1  0  2  1  1  0  0  0  0  0  0
238  36.5  0  4  0  0  0  0  0  0  0  0  0  0  0  0  0  0  0  0  0  0  0  0  0  0  0  0  0
239  37.0  0  0  5  0  1  1  0  2  0  1  2  3  0  5  0  4  2  0  1  1  2  0  0  0  0  0  1
240  37.5  6  3  8  6  3  6  2  2 12  2  3 12  8  7  0 10 13  0 11  1  6  0  0  0  0  0  4
241  45.0  2  6 18  9  3  8  2  4 17 14  5 11  6  5  0  6  2  0  4 12 19  0  0  0  0  0  0
242  46.0  1  0  4  3  0  2  0  1  2  0  1  3  0  2  0  1  0  0  2  0  3  0  0  0  0  0  0
-99   0.0  W  F  L  I  Y  V  M  P  A  E  Q  G  D  T  X  S  N  C  R  H  K  1  2  3  4  U  B
0  0  0  0  1
240  37.5  6  3  8  6  3  6  2  2 12  2  3 12  8  7  0 10 13  0 11  1  6  0  0  0  0  0  4
241  45.0  2  6 18  9  3  8  2  4 17 14  5 11  6  5  0  6  2  0  4 12 19  0  0  0  0  0  0
242  46.0  1  0  4  3  0  2  0  1  2  0  1  3  0  2  0  1  0  0  2  