
 3
35
  7.,  1.8571
  8.,  1.8575
  9.,  1.8604
 10.,  1.8611
 11.,  1.8620
 12.,  1.8631
 13.,  1.8644
 14.,  1.8649
 15.,  1.8667
 16.,  1.8680
 17.,  1.8681
 18.,  1.8698
 19.,  1.8711
 20.,  1.8716
 21.,  1.8742
 22.,  1.8736
 23.,  1.8759
 24.,  1.8767
 25.,  1.8770
 26.,  1.8784
 27.,  1.8800
 28.,  1.8799
 29.,  1.8837
 30.,  1.8851
 31.,  1.8845
 32.,  1.8861
 33.,  1.8876
 34.,  1.8869
 35.,  1.8874
 36.,  1.8898
 37.,  1.8885
 38.,  1.8896
 39.,  1.8935
 40.,  1.8939
 41.,  1.8957
35
  7.,  1.8541
  8.,  1.8564
  9.,  1.8589
 10.,  1.8581
 11.,  1.8612
 12.,  1.8620
 13.,  1.8627
 14.,  1.8634
 15.,  1.8658
 16.,  1.8662
 17.,  1.8678
 18.,  1.8688
 19.,  1.8690
 20.,  1.8716
 21.,  1.8742
 22.,  1.8739
 23.,  1.8745
 24.,  1.8760
 25.,  1.8775
 26.,  1.8794
 27.,  1.8780
 28.,  1.8791
 29.,  1.8832
 30.,  1.8832
 31.,  1.8842
 32.,  1.8869
 33.,  1.8866
 34.,  1.8884
 35.,  1.8916
 36.,  1.8887
 37.,  1.8895
 38.,  1.8926
 39.,  1.8970
 40.,  1.8936
 41.,  1.8976
27
  7.,  1.8543
  8.,  1.8564
  9.,  1.8582
 10.,  1.8577
 11.,  1.8603
 12.,  1.8617
 13.,  1.8634
 14.,  1.8634
 15.,  1.8655
 16.,  1.8662
 17.,  1.8678
 18.,  1.8682
 19.,  1.8688
 21.,  1.8736
 22.,  1.8721
 23.,  1.8732
 27.,  1.8783
 28.,  1.8815
 29.,  1.8825
 30.,  1.8832
 31.,  1.8850
 33.,  1.8873
 34.,  1.8881
 36.,  1.8887
 37.,  1.8890
 38.,  1.8923
 40.,  1.8952
