
 51
 6.266,  7.71
 6.284,  7.71
 6.302,  7.70
 6.320,  7.71
 6.338,  7.70
 6.356,  7.70
 6.374,  7.69
 6.392,  7.67
 6.410,  7.68
 6.428,  7.67
 6.446,  7.66
 6.464,  7.67
 6.482,  7.66
 6.500,  7.66
 6.518,  7.66
 6.536,  7.67
 6.554,  7.68
 6.572,  7.68
 6.590,  7.72
 6.608,  7.75
 6.626,  7.77
 6.644,  7.81
 6.662,  7.85
 6.680,  7.90
 6.698,  7.93
 6.716,  7.99
 6.734,  8.02
 6.752,  8.06
 6.770,  8.10
 6.788,  8.12
 6.806,  8.17
 6.824,  8.19
 6.842,  8.23
 6.860,  8.25
 6.878,  8.28
 6.896,  8.28
 6.914,  8.30
 6.932,  8.33
 6.950,  8.33
 6.968,  8.35
 6.986,  8.34
 7.004,  8.37
 7.022,  8.39
 7.040,  8.37
 7.058,  8.39
 7.076,  8.38
 7.094,  8.39
 7.112,  8.38
 7.130,  8.42
 7.148,  8.41
 7.166,  8.37
