
 211     4
   0.00435   5.62080
   1 6.2389 0.178
   2 6.2432 0.183
   3 6.2476 0.184
   4 6.2519 0.181
   5 6.2563 0.188
   6 6.2606 0.188
   7 6.2650 0.201
   8 6.2693 0.194
   9 6.2737 0.196
  10 6.2780 0.194
  11 6.2824 0.202
  12 6.2867 0.203
  13 6.2911 0.202
  14 6.2954 0.207
  15 6.2998 0.210
  16 6.3041 0.218
  17 6.3085 0.222
  18 6.3128 0.221
  19 6.3172 0.229
  20 6.3215 0.235
  21 6.3259 0.233
  22 6.3303 0.234
  23 6.3346 0.236
  24 6.3390 0.237
  25 6.3433 0.247
  26 6.3477 0.251
  27 6.3520 0.247
  28 6.3564 0.249
  29 6.3607 0.252
  30 6.3651 0.258
  31 6.3694 0.253
  32 6.3738 0.260
  33 6.3781 0.262
  34 6.3825 0.267
  35 6.3868 0.273
  36 6.3912 0.272
  37 6.3955 0.271
  38 6.3999 0.268
  39 6.4042 0.275
  40 6.4086 0.271
  41 6.4130 0.276
  42 6.4173 0.272
  43 6.4217 0.279
  44 6.4260 0.282
  45 6.4304 0.280
  46 6.4347 0.287
  47 6.4391 0.287
  48 6.4434 0.286
  49 6.4478 0.295
  50 6.4521 0.290
  51 6.4565 0.294
  52 6.4608 0.293
  53 6.4652 0.299
  54 6.4695 0.307
  55 6.4739 0.297
  56 6.4782 0.303
  57 6.4826 0.309
  58 6.4869 0.305
  59 6.4913 0.299
  60 6.4956 0.305
  61 6.5000 0.306
  62 6.5044 0.309
  63 6.5087 0.308
  64 6.5131 0.308
  65 6.5174 0.311
  66 6.5218 0.307
  67 6.5261 0.310
  68 6.5305 0.307
  69 6.5348 0.313
  70 6.5392 0.308
  71 6.5435 0.310
  72 6.5479 0.316
  73 6.5522 0.311
  74 6.5566 0.314
  75 6.5609 0.315
  76 6.5653 0.317
  77 6.5696 0.314
  78 6.5740 0.321
  79 6.5783 0.323
  80 6.5827 0.328
  81 6.5871 0.322
  82 6.5914 0.321
  83 6.5958 0.318
  84 6.6001 0.324
  85 6.6045 0.324
  86 6.6088 0.327
  87 6.6132 0.325
  88 6.6175 0.324
  89 6.6219 0.320
  90 6.6262 0.325
  91 6.6306 0.325
  92 6.6349 0.337
  93 6.6393 0.327
  94 6.6436 0.335
  95 6.6480 0.330
  96 6.6523 0.324
  97 6.6567 0.326
  98 6.6610 0.328
  99 6.6654 0.330
 100 6.6697 0.325
 101 6.6741 0.327
 102 6.6785 0.335
 103 6.6828 0.335
 104 6.6872 0.333
 105 6.6915 0.327
 106 6.6959 0.332
 107 6.7002 0.333
 108 6.7046 0.330
 109 6.7089 0.328
 110 6.7133 0.335
 111 6.7176 0.335
 112 6.7220 0.335
 113 6.7263 0.334
 114 6.7307 0.337
 115 6.7350 0.332
 116 6.7394 0.328
 117 6.7437 0.335
 118 6.7481 0.335
 119 6.7524 0.333
 120 6.7568 0.334
 121 6.7611 0.338
 122 6.7655 0.333
 123 6.7699 0.337
 124 6.7742 0.336
 125 6.7786 0.337
 126 6.7829 0.332
 127 6.7873 0.333
 128 6.7916 0.325
 129 6.7960 0.339
 130 6.8003 0.339
 131 6.8047 0.337
 132 6.8090 0.336
 133 6.8134 0.334
 134 6.8177 0.337
 135 6.8221 0.341
 136 6.8264 0.334
 137 6.8308 0.337
 138 6.8351 0.333
 139 6.8395 0.337
 140 6.8438 0.334
 141 6.8482 0.339
 142 6.8525 0.343
 143 6.8569 0.339
 144 6.8613 0.339
 145 6.8656 0.343
 146 6.8700 0.347
 147 6.8743 0.342
 148 6.8787 0.337
 149 6.8830 0.338
 150 6.8874 0.341
 151 6.8917 0.342
 152 6.8961 0.339
 153 6.9004 0.342
 154 6.9048 0.342
 155 6.9091 0.341
 156 6.9135 0.340
 157 6.9178 0.342
 158 6.9222 0.344
 159 6.9265 0.346
 160 6.9309 0.343
 161 6.9352 0.342
 162 6.9396 0.342
 163 6.9440 0.341
 164 6.9483 0.344
 165 6.9527 0.348
 166 6.9570 0.342
 167 6.9614 0.340
 168 6.9657 0.341
 169 6.9701 0.340
 170 6.9744 0.350
 171 6.9788 0.340
 172 6.9831 0.351
 173 6.9875 0.350
 174 6.9918 0.345
 175 6.9962 0.341
 176 7.0005 0.344
 177 7.0049 0.353
 178 7.0092 0.346
 179 7.0136 0.348
 180 7.0179 0.336
 181 7.0223 0.350
 182 7.0266 0.346
 183 7.0310 0.345
 184 7.0354 0.351
 185 7.0397 0.347
 186 7.0441 0.355
 187 7.0484 0.351
 188 7.0528 0.348
 189 7.0571 0.345
 190 7.0615 0.346
 191 7.0658 0.339
 192 7.0702 0.344
 193 7.0745 0.344
 194 7.0789 0.343
 195 7.0832 0.343
 196 7.0876 0.347
 197 7.0919 0.344
 198 7.0963 0.344
 199 7.1006 0.339
 200 7.1050 0.342
 201 7.1093 0.339
 202 7.1137 0.349
 203 7.1180 0.344
 204 7.1224 0.343
 205 7.1268 0.338
 206 7.1311 0.335
 207 7.1355 0.336
 208 7.1398 0.331
 209 7.1442 0.337
 210 7.1485 0.336
 211 7.1529 0.341
 211     5
   0.00435   5.62080
   1 6.2389 0.234
   2 6.2432 0.241
   3 6.2476 0.242
   4 6.2519 0.243
   5 6.2563 0.250
   6 6.2606 0.253
   7 6.2650 0.265
   8 6.2693 0.262
   9 6.2737 0.266
  10 6.2780 0.266
  11 6.2824 0.278
  12 6.2867 0.279
  13 6.2911 0.279
  14 6.2954 0.285
  15 6.2998 0.291
  16 6.3041 0.296
  17 6.3085 0.301
  18 6.3128 0.302
  19 6.3172 0.310
  20 6.3215 0.315
  21 6.3259 0.310
  22 6.3303 0.315
  23 6.3346 0.314
  24 6.3390 0.313
  25 6.3433 0.318
  26 6.3477 0.320
  27 6.3520 0.312
  28 6.3564 0.314
  29 6.3607 0.316
  30 6.3651 0.319
  31 6.3694 0.313
  32 6.3738 0.315
  33 6.3781 0.316
  34 6.3825 0.317
  35 6.3868 0.320
  36 6.3912 0.315
  37 6.3955 0.311
  38 6.3999 0.304
  39 6.4042 0.306
  40 6.4086 0.299
  41 6.4130 0.302
  42 6.4173 0.291
  43 6.4217 0.297
  44 6.4260 0.302
  45 6.4304 0.299
  46 6.4347 0.300
  47 6.4391 0.297
  48 6.4434 0.293
  49 6.4478 0.299
  50 6.4521 0.290
  51 6.4565 0.291
  52 6.4608 0.289
  53 6.4652 0.293
  54 6.4695 0.299
  55 6.4739 0.287
  56 6.4782 0.293
  57 6.4826 0.295
  58 6.4869 0.291
  59 6.4913 0.282
  60 6.4956 0.288
  61 6.5000 0.287
  62 6.5044 0.287
  63 6.5087 0.287
  64 6.5131 0.283
  65 6.5174 0.286
  66 6.5218 0.282
  67 6.5261 0.284
  68 6.5305 0.278
  69 6.5348 0.283
  70 6.5392 0.277
  71 6.5435 0.281
  72 6.5479 0.281
  73 6.5522 0.275
  74 6.5566 0.280
  75 6.5609 0.283
  76 6.5653 0.282
  77 6.5696 0.276
  78 6.5740 0.281
  79 6.5783 0.285
  80 6.5827 0.286
  81 6.5871 0.282
  82 6.5914 0.278
  83 6.5958 0.277
  84 6.6001 0.280
  85 6.6045 0.278
  86 6.6088 0.282
  87 6.6132 0.276
  88 6.6175 0.278
  89 6.6219 0.273
  90 6.6262 0.279
  91 6.6306 0.280
  92 6.6349 0.286
  93 6.6393 0.278
  94 6.6436 0.284
  95 6.6480 0.279
  96 6.6523 0.275
  97 6.6567 0.272
  98 6.6610 0.276
  99 6.6654 0.277
 100 6.6697 0.274
 101 6.6741 0.271
 102 6.6785 0.278
 103 6.6828 0.279
 104 6.6872 0.276
 105 6.6915 0.275
 106 6.6959 0.277
 107 6.7002 0.276
 108 6.7046 0.275
 109 6.7089 0.275
 110 6.7133 0.277
 111 6.7176 0.276
 112 6.7220 0.276
 113 6.7263 0.276
 114 6.7307 0.278
 115 6.7350 0.273
 116 6.7394 0.267
 117 6.7437 0.276
 118 6.7481 0.275
 119 6.7524 0.272
 120 6.7568 0.273
 121 6.7611 0.275
 122 6.7655 0.272
 123 6.7699 0.276
 124 6.7742 0.276
 125 6.7786 0.275
 126 6.7829 0.270
 127 6.7873 0.270
 128 6.7916 0.263
 129 6.7960 0.276
 130 6.8003 0.275
 131 6.8047 0.271
 132 6.8090 0.270
 133 6.8134 0.267
 134 6.8177 0.269
 135 6.8221 0.274
 136 6.8264 0.268
 137 6.8308 0.269
 138 6.8351 0.265
 139 6.8395 0.270
 140 6.8438 0.269
 141 6.8482 0.272
 142 6.8525 0.277
 143 6.8569 0.271
 144 6.8613 0.271
 145 6.8656 0.276
 146 6.8700 0.278
 147 6.8743 0.272
 148 6.8787 0.269
 149 6.8830 0.266
 150 6.8874 0.271
 151 6.8917 0.271
 152 6.8961 0.271
 153 6.9004 0.272
 154 6.9048 0.272
 155 6.9091 0.270
 156 6.9135 0.266
 157 6.9178 0.269
 158 6.9222 0.270
 159 6.9265 0.270
 160 6.9309 0.269
 161 6.9352 0.270
 162 6.9396 0.269
 163 6.9440 0.267
 164 6.9483 0.271
 165 6.9527 0.273
 166 6.9570 0.264
 167 6.9614 0.265
 168 6.9657 0.269
 169 6.9701 0.264
 170 6.9744 0.272
 171 6.9788 0.265
 172 6.9831 0.274
 173 6.9875 0.275
 174 6.9918 0.271
 175 6.9962 0.264
 176 7.0005 0.267
 177 7.0049 0.276
 178 7.0092 0.269
 179 7.0136 0.269
 180 7.0179 0.259
 181 7.0223 0.274
 182 7.0266 0.270
 183 7.0310 0.268
 184 7.0354 0.270
 185 7.0397 0.269
 186 7.0441 0.277
 187 7.0484 0.274
 188 7.0528 0.271
 189 7.0571 0.268
 190 7.0615 0.270
 191 7.0658 0.262
 192 7.0702 0.267
 193 7.0745 0.269
 194 7.0789 0.269
 195 7.0832 0.270
 196 7.0876 0.274
 197 7.0919 0.269
 198 7.0963 0.270
 199 7.1006 0.267
 200 7.1050 0.274
 201 7.1093 0.271
 202 7.1137 0.279
 203 7.1180 0.277
 204 7.1224 0.280
 205 7.1268 0.278
 206 7.1311 0.277
 207 7.1355 0.278
 208 7.1398 0.277
 209 7.1442 0.283
 210 7.1485 0.291
 211 7.1529 0.300
