
 53
 6.243,  7.66
 6.261,  7.65
 6.278,  7.64
 6.295,  7.64
 6.313,  7.64
 6.330,  7.65
 6.348,  7.67
 6.365,  7.69
 6.382,  7.71
 6.400,  7.73
 6.417,  7.76
 6.435,  7.77
 6.452,  7.79
 6.469,  7.80
 6.487,  7.81
 6.504,  7.82
 6.522,  7.83
 6.539,  7.84
 6.557,  7.84
 6.574,  7.85
 6.591,  7.86
 6.609,  7.86
 6.626,  7.86
 6.644,  7.87
 6.661,  7.87
 6.678,  7.88
 6.696,  7.87
 6.713,  7.88
 6.731,  7.88
 6.748,  7.88
 6.765,  7.88
 6.783,  7.89
 6.800,  7.89
 6.818,  7.89
 6.835,  7.90
 6.852,  7.89
 6.870,  7.89
 6.887,  7.90
 6.905,  7.90
 6.922,  7.90
 6.940,  7.90
 6.957,  7.91
 6.974,  7.91
 6.992,  7.90
 7.009,  7.91
 7.027,  7.91
 7.044,  7.91
 7.062,  7.91
 7.079,  7.90
 7.096,  7.90
 7.114,  7.89
 7.131,  7.88
 7.149,  7.86
