
   9,  6.4514, 1
   9, -0.1299, 4
   9,  6.3923, 2
   9,  6.3997, 3
  11,  6.4981, 1
  11, -0.0526, 4
  11,  6.4708, 2
  11,  6.4698, 3
  13,  6.5586, 1
  13, -0.0422, 4
  13,  6.5240, 2
  13,  6.5205, 3
  15,  6.6145, 1
  15, -0.0299, 4
  15,  6.5715, 2
  15,  6.5796, 3
  17,  6.6730, 1
  17, -0.0212, 4
  17,  6.6339, 2
  17,  6.6373, 3
  19,  6.7246, 1
  19, -0.0159, 4
  19,  6.7029, 2
  19,  6.7044, 3
  21,  6.7862, 1
  21, -0.0109, 4
  21,  6.7622, 2
  21,  6.7615, 3
  -1,
