
 56
 6.208,  6.61
 6.221,  6.52
 6.234,  6.65
 6.248,  6.63
 6.261,  6.65
 6.274,  6.48
 6.287,  6.37
 6.300,  6.57
 6.313,  6.53
 6.326,  6.55
 6.339,  6.46
 6.352,  6.39
 6.365,  6.48
 6.378,  6.50
 6.391,  6.16
 6.404,  6.28
 6.417,  6.25
 6.430,  6.40
 6.443,  6.13
 6.456,  6.06
 6.469,  6.37
 6.483,  6.25
 6.496,  6.32
 6.509,  6.35
 6.522,  6.39
 6.535,  6.34
 6.548,  6.47
 6.561,  6.59
 6.574,  6.51
 6.587,  6.75
 6.600,  6.76
 6.613,  6.79
 6.626,  6.83
 6.639,  6.92
 6.652,  6.98
 6.665,  7.01
 6.678,  7.06
 6.692,  7.05
 6.705,  7.13
 6.718,  7.16
 6.731,  7.20
 6.744,  7.25
 6.757,  7.25
 6.770,  7.30
 6.783,  7.32
 6.796,  7.33
 6.809,  7.35
 6.822,  7.36
 6.835,  7.38
 6.848,  7.38
 6.861,  7.39
 6.874,  7.40
 6.887,  7.42
 6.900,  7.40
 6.913,  7.40
 6.927,  7.39
