
 4
13
  9.,  1.8643
 10.,  1.8676
 11.,  1.8715
 12.,  1.8737
 13.,  1.8808
 14.,  1.8844
 15.,  1.8893
 16.,  1.8920
 17.,  1.8981
 18.,  1.9009
 19.,  1.9058
 20.,  1.9080
 21.,  1.9149
13
  9.,  1.8551
 10.,  1.8611
 11.,  1.8673
 12.,  1.8709
 13.,  1.8755
 14.,  1.8794
 15.,  1.8827
 16.,  1.8881
 17.,  1.8922
 18.,  1.8962
 19.,  1.9025
 20.,  1.9038
 21.,  1.9113
13
  9.,  1.8563
 10.,  1.8616
 11.,  1.8671
 12.,  1.8709
 13.,  1.8750
 14.,  1.8797
 15.,  1.8840
 16.,  1.8881
 17.,  1.8927
 18.,  1.8970
 19.,  1.9028
 20.,  1.9038
 21.,  1.9112
13
  9., -0.1299
 10., -0.1143
 11., -0.0526
 12., -0.0266
 13., -0.0422
 14., -0.0329
 15., -0.0299
 16., -0.0211
 17., -0.0212
 18., -0.0164
 19., -0.0159
 20., -0.0098
 21., -0.0109
