
 168    21
   0.00435   5.62515
   1 6.2040 0.014
   2 6.2084 0.020
   3 6.2127 0.019
   4 6.2171 0.019
   5 6.2214 0.018
   6 6.2258 0.017
   7 6.2301 0.021
   8 6.2345 0.025
   9 6.2389 0.023
  10 6.2432 0.025
  11 6.2476 0.024
  12 6.2519 0.029
  13 6.2563 0.020
  14 6.2606 0.026
  15 6.2650 0.022
  16 6.2693 0.027
  17 6.2737 0.020
  18 6.2780 0.021
  19 6.2824 0.022
  20 6.2867 0.018
  21 6.2911 0.025
  22 6.2954 0.030
  23 6.2998 0.025
  24 6.3041 0.018
  25 6.3085 0.023
  26 6.3128 0.024
  27 6.3172 0.022
  28 6.3215 0.022
  29 6.3259 0.026
  30 6.3303 0.024
  31 6.3346 0.023
  32 6.3390 0.023
  33 6.3433 0.016
  34 6.3477 0.018
  35 6.3520 0.022
  36 6.3564 0.017
  37 6.3607 0.020
  38 6.3651 0.026
  39 6.3694 0.020
  40 6.3738 0.016
  41 6.3781 0.027
  42 6.3825 0.023
  43 6.3868 0.027
  44 6.3912 0.018
  45 6.3955 0.020
  46 6.3999 0.024
  47 6.4042 0.021
  48 6.4086 0.023
  49 6.4130 0.023
  50 6.4173 0.021
  51 6.4217 0.020
  52 6.4260 0.022
  53 6.4304 0.026
  54 6.4347 0.023
  55 6.4391 0.017
  56 6.4434 0.019
  57 6.4478 0.024
  58 6.4521 0.023
  59 6.4565 0.018
  60 6.4608 0.019
  61 6.4652 0.020
  62 6.4695 0.026
  63 6.4739 0.026
  64 6.4782 0.021
  65 6.4826 0.023
  66 6.4869 0.031
  67 6.4913 0.030
  68 6.4956 0.025
  69 6.5000 0.029
  70 6.5044 0.027
  71 6.5087 0.026
  72 6.5131 0.030
  73 6.5174 0.026
  74 6.5218 0.028
  75 6.5261 0.028
  76 6.5305 0.027
  77 6.5348 0.026
  78 6.5392 0.027
  79 6.5435 0.027
  80 6.5479 0.031
  81 6.5522 0.032
  82 6.5566 0.034
  83 6.5609 0.038
  84 6.5653 0.035
  85 6.5696 0.034
  86 6.5740 0.033
  87 6.5783 0.041
  88 6.5827 0.039
  89 6.5870 0.050
  90 6.5914 0.046
  91 6.5958 0.045
  92 6.6001 0.049
  93 6.6045 0.049
  94 6.6088 0.050
  95 6.6132 0.051
  96 6.6175 0.050
  97 6.6219 0.059
  98 6.6262 0.055
  99 6.6306 0.059
 100 6.6349 0.063
 101 6.6393 0.066
 102 6.6436 0.065
 103 6.6480 0.065
 104 6.6523 0.074
 105 6.6567 0.066
 106 6.6610 0.069
 107 6.6654 0.077
 108 6.6697 0.077
 109 6.6741 0.075
 110 6.6785 0.084
 111 6.6828 0.084
 112 6.6872 0.083
 113 6.6915 0.079
 114 6.6959 0.096
 115 6.7002 0.093
 116 6.7046 0.095
 117 6.7089 0.092
 118 6.7133 0.095
 119 6.7176 0.099
 120 6.7220 0.101
 121 6.7263 0.102
 122 6.7307 0.107
 123 6.7350 0.108
 124 6.7394 0.110
 125 6.7437 0.116
 126 6.7481 0.115
 127 6.7524 0.124
 128 6.7568 0.116
 129 6.7611 0.117
 130 6.7655 0.123
 131 6.7699 0.128
 132 6.7742 0.123
 133 6.7786 0.128
 134 6.7829 0.134
 135 6.7873 0.138
 136 6.7916 0.139
 137 6.7960 0.134
 138 6.8003 0.138
 139 6.8047 0.132
 140 6.8090 0.139
 141 6.8134 0.138
 142 6.8177 0.145
 143 6.8221 0.141
 144 6.8264 0.144
 145 6.8308 0.145
 146 6.8351 0.148
 147 6.8395 0.148
 148 6.8438 0.142
 149 6.8482 0.145
 150 6.8525 0.147
 151 6.8569 0.152
 152 6.8613 0.151
 153 6.8656 0.154
 154 6.8700 0.151
 155 6.8743 0.151
 156 6.8787 0.148
 157 6.8830 0.149
 158 6.8874 0.160
 159 6.8917 0.155
 160 6.8961 0.157
 161 6.9004 0.149
 162 6.9048 0.154
 163 6.9091 0.150
 164 6.9135 0.155
 165 6.9178 0.158
 166 6.9222 0.152
 167 6.9265 0.147
 168 6.9309 0.147
 167    22
   0.00435   5.62515
   1 6.2084 0.201
   2 6.2127 0.197
   3 6.2171 0.198
   4 6.2214 0.208
   5 6.2258 0.218
   6 6.2301 0.241
   7 6.2345 0.236
   8 6.2389 0.231
   9 6.2432 0.238
  10 6.2476 0.237
  11 6.2519 0.242
  12 6.2563 0.237
  13 6.2606 0.246
  14 6.2650 0.247
  15 6.2693 0.251
  16 6.2737 0.247
  17 6.2780 0.253
  18 6.2824 0.256
  19 6.2867 0.255
  20 6.2911 0.264
  21 6.2954 0.272
  22 6.2998 0.269
  23 6.3041 0.264
  24 6.3085 0.271
  25 6.3128 0.275
  26 6.3172 0.277
  27 6.3215 0.281
  28 6.3259 0.289
  29 6.3303 0.291
  30 6.3346 0.292
  31 6.3390 0.290
  32 6.3433 0.288
  33 6.3477 0.299
  34 6.3520 0.304
  35 6.3564 0.300
  36 6.3607 0.304
  37 6.3651 0.318
  38 6.3694 0.315
  39 6.3738 0.313
  40 6.3781 0.324
  41 6.3825 0.323
  42 6.3868 0.332
  43 6.3912 0.326
  44 6.3955 0.329
  45 6.3999 0.336
  46 6.4042 0.335
  47 6.4086 0.338
  48 6.4130 0.342
  49 6.4173 0.345
  50 6.4217 0.344
  51 6.4260 0.348
  52 6.4304 0.355
  53 6.4347 0.353
  54 6.4391 0.350
  55 6.4434 0.355
  56 6.4478 0.363
  57 6.4521 0.366
  58 6.4565 0.359
  59 6.4608 0.363
  60 6.4652 0.364
  61 6.4695 0.370
  62 6.4739 0.376
  63 6.4782 0.372
  64 6.4826 0.377
  65 6.4869 0.380
  66 6.4913 0.382
  67 6.4956 0.381
  68 6.5000 0.387
  69 6.5044 0.386
  70 6.5087 0.381
  71 6.5131 0.385
  72 6.5174 0.382
  73 6.5218 0.388
  74 6.5261 0.391
  75 6.5305 0.388
  76 6.5348 0.383
  77 6.5392 0.384
  78 6.5435 0.384
  79 6.5479 0.384
  80 6.5522 0.387
  81 6.5566 0.392
  82 6.5609 0.397
  83 6.5653 0.387
  84 6.5696 0.386
  85 6.5740 0.387
  86 6.5783 0.393
  87 6.5827 0.392
  88 6.5870 0.399
  89 6.5914 0.392
  90 6.5958 0.388
  91 6.6001 0.389
  92 6.6045 0.390
  93 6.6088 0.389
  94 6.6132 0.384
  95 6.6175 0.380
  96 6.6219 0.389
  97 6.6262 0.384
  98 6.6306 0.385
  99 6.6349 0.387
 100 6.6393 0.388
 101 6.6436 0.384
 102 6.6480 0.383
 103 6.6523 0.388
 104 6.6567 0.376
 105 6.6610 0.375
 106 6.6654 0.381
 107 6.6697 0.377
 108 6.6741 0.375
 109 6.6785 0.380
 110 6.6828 0.377
 111 6.6872 0.373
 112 6.6915 0.365
 113 6.6959 0.378
 114 6.7002 0.370
 115 6.7046 0.371
 116 6.7089 0.367
 117 6.7133 0.364
 118 6.7176 0.364
 119 6.7220 0.366
 120 6.7263 0.364
 121 6.7307 0.365
 122 6.7350 0.364
 123 6.7394 0.360
 124 6.7437 0.362
 125 6.7481 0.357
 126 6.7524 0.367
 127 6.7568 0.356
 128 6.7611 0.351
 129 6.7655 0.357
 130 6.7699 0.359
 131 6.7742 0.351
 132 6.7786 0.356
 133 6.7829 0.359
 134 6.7873 0.361
 135 6.7916 0.359
 136 6.7960 0.351
 137 6.8003 0.354
 138 6.8047 0.347
 139 6.8090 0.352
 140 6.8134 0.347
 141 6.8177 0.354
 142 6.8221 0.349
 143 6.8264 0.348
 144 6.8308 0.352
 145 6.8351 0.349
 146 6.8395 0.347
 147 6.8438 0.340
 148 6.8482 0.344
 149 6.8525 0.345
 150 6.8569 0.348
 151 6.8613 0.347
 152 6.8656 0.345
 153 6.8700 0.343
 154 6.8743 0.344
 155 6.8787 0.337
 156 6.8830 0.339
 157 6.8874 0.347
 158 6.8917 0.345
 159 6.8961 0.346
 160 6.9004 0.339
 161 6.9048 0.341
 162 6.9091 0.340
 163 6.9135 0.348
 164 6.9178 0.348
 165 6.9222 0.342
 166 6.9265 0.339
 167 6.9309 0.339
