
    69-0.814
-231.0109   7.6341
 410 342
 410  0.017
 409  0.015
 408  0.013
 407  0.013
 406  0.015
 405  0.018
 404  0.020
 403  0.018
 402  0.019
 401  0.020
 400  0.019
 399  0.018
 398  0.016
 397  0.018
 396  0.018
 395  0.021
 394  0.024
 393  0.025
 392  0.025
 391  0.021
 390  0.020
 389  0.019
 388  0.020
 387  0.024
 386  0.022
 385  0.020
 384  0.020
 383  0.019
 382  0.018
 381  0.020
 380  0.021
 379  0.020
 378  0.022
 377  0.021
 376  0.019
 375  0.020
 374  0.020
 373  0.022
 372  0.020
 371  0.022
 370  0.019
 369  0.018
 368  0.019
 367  0.020
 366  0.022
 365  0.020
 364  0.024
 363  0.025
 362  0.024
 361  0.023
 360  0.020
 359  0.022
 358  0.022
 357  0.023
 356  0.021
 355  0.022
 354  0.022
 353  0.022
 352  0.018
 351  0.016
 350  0.017
 349  0.019
 348  0.022
 347  0.022
 346  0.022
 345  0.021
 344  0.019
 343  0.021
 342  0.028
    71-0.814
-231.0109   7.6341
 288 218
 288  0.006
 287  0.011
 286  0.015
 285  0.017
 284  0.014
 283  0.012
 282  0.013
 281  0.014
 280  0.013
 279  0.012
 278  0.011
 277  0.015
 276  0.016
 275  0.015
 274  0.013
 273  0.013
 272  0.012
 271  0.014
 270  0.012
 269  0.011
 268  0.012
 267  0.014
 266  0.014
 265  0.013
 264  0.012
 263  0.014
 262  0.014
 261  0.014
 260  0.013
 259  0.013
 258  0.017
 257  0.020
 256  0.017
 255  0.016
 254  0.017
 253  0.019
 252  0.017
 251  0.017
 250  0.018
 249  0.020
 248  0.020
 247  0.019
 246  0.019
 245  0.022
 244  0.020
 243  0.018
 242  0.016
 241  0.018
 240  0.020
 239  0.019
 238  0.017
 237  0.020
 236  0.018
 235  0.014
 234  0.016
 233  0.016
 232  0.017
 231  0.017
 230  0.019
 229  0.018
 228  0.016
 227  0.015
 226  0.021
 225  0.021
 224  0.014
 223  0.012
 222  0.014
 221  0.014
 220  0.013
 219  0.015
 218  0.023
    72-0.814
-231.0109   7.6341
 173 102
 173 -0.003
 172 -0.009
 171  0.003
 170  0.012
 169  0.013
 168  0.012
 167  0.012
 166  0.016
 165  0.017
 164  0.015
 163  0.017
 162  0.015
 161  0.016
 160  0.016
 159  0.018
 158  0.017
 157  0.015
 156  0.016
 155  0.017
 154  0.017
 153  0.016
 152  0.015
 151  0.018
 150  0.019
 149  0.017
 148  0.016
 147  0.018
 146  0.019
 145  0.015
 144  0.016
 143  0.016
 142  0.015
 141  0.015
 140  0.016
 139  0.019
 138  0.019
 137  0.016
 136  0.017
 135  0.020
 134  0.018
 133  0.017
 132  0.017
 131  0.019
 130  0.021
 129  0.019
 128  0.020
 127  0.025
 126  0.024
 125  0.024
 124  0.023
 123  0.029
 122  0.032
 121  0.033
 120  0.031
 119  0.030
 118  0.027
 117  0.025
 116  0.026
 115  0.026
 114  0.026
 113  0.026
 112  0.025
 111  0.024
 110  0.019
 109  0.014
 108  0.014
 107  0.011
 106  0.005
 105  0.002
 104 -0.000
 103 -0.007
 102 -0.031
    75-0.814
-231.0109   7.6341
 415 341
 415  0.015
 414  0.016
 413  0.018
 412  0.019
 411  0.017
 410  0.019
 409  0.018
 408  0.020
 407  0.018
 406  0.018
 405  0.016
 404  0.017
 403  0.020
 402  0.020
 401  0.017
 400  0.017
 399  0.018
 398  0.021
 397  0.021
 396  0.020
 395  0.019
 394  0.021
 393  0.020
 392  0.019
 391  0.019
 390  0.019
 389  0.022
 388  0.024
 387  0.018
 386  0.021
 385  0.021
 384  0.021
 383  0.019
 382  0.020
 381  0.022
 380  0.024
 379  0.023
 378  0.024
 377  0.027
 376  0.027
 375  0.030
 374  0.028
 373  0.029
 372  0.030
 371  0.028
 370  0.024
 369  0.026
 368  0.027
 367  0.026
 366  0.026
 365  0.024
 364  0.024
 363  0.024
 362  0.024
 361  0.024
 360  0.024
 359  0.024
 358  0.025
 357  0.024
 356  0.025
 355  0.023
 354  0.024
 353  0.022
 352  0.019
 351  0.018
 350  0.015
 349  0.017
 348  0.018
 347  0.018
 346  0.018
 345  0.017
 344  0.017
 343  0.015
 342  0.017
 341  0.027
    76-0.814
-231.0109   7.6341
 294 219
 294  0.014
 293  0.015
 292  0.015
 291  0.015
 290  0.019
 289  0.018
 288  0.016
 287  0.016
 286  0.019
 285  0.019
 284  0.014
 283  0.016
 282  0.019
 281  0.015
 280  0.018
 279  0.018
 278  0.018
 277  0.017
 276  0.016
 275  0.016
 274  0.018
 273  0.017
 272  0.017
 271  0.017
 270  0.017
 269  0.017
 268  0.016
 267  0.018
 266  0.018
 265  0.018
 264  0.021
 263  0.020
 262  0.018
 261  0.019
 260  0.019
 259  0.018
 258  0.021
 257  0.022
 256  0.022
 255  0.023
 254  0.022
 253  0.025
 252  0.027
 251  0.025
 250  0.023
 249  0.018
 248  0.018
 247  0.019
 246  0.020
 245  0.018
 244  0.018
 243  0.020
 242  0.022
 241  0.021
 240  0.018
 239  0.023
 238  0.024
 237  0.019
 236  0.019
 235  0.024
 234  0.024
 233  0.021
 232  0.021
 231  0.020
 230  0.019
 229  0.021
 228  0.023
 227  0.022
 226  0.019
 225  0.018
 224  0.018
 223  0.017
 222  0.020
 221  0.018
 220  0.018
 219  0.023
    77-0.814
-231.0109   7.6341
 176 100
 176  0.009
 175  0.009
 174  0.010
 173  0.010
 172  0.009
 171  0.013
 170  0.011
 169  0.010
 168  0.011
 167  0.012
 166  0.011
 165  0.011
 164  0.013
 163  0.010
 162  0.012
 161  0.013
 160  0.011
 159  0.010
 158  0.010
 157  0.010
 156  0.011
 155  0.011
 154  0.010
 153  0.011
 152  0.011
 151  0.011
 150  0.010
 149  0.010
 148  0.011
 147  0.011
 146  0.011
 145  0.012
 144  0.011
 143  0.008
 142  0.011
 141  0.012
 140  0.014
 139  0.015
 138  0.014
 137  0.017
 136  0.017
 135  0.013
 134  0.013
 133  0.014
 132  0.013
 131  0.013
 130  0.012
 129  0.011
 128  0.009
 127  0.008
 126  0.010
 125  0.011
 124  0.010
 123  0.010
 122  0.009
 121  0.011
 120  0.013
 119  0.009
 118  0.007
 117  0.008
 116  0.005
 115  0.004
 114  0.006
 113  0.003
 112  0.003
 111  0.005
 110  0.009
 109  0.005
 108  0.007
 107  0.007
 106  0.005
 105  0.001
 104  0.000
 103  0.000
 102 -0.006
 101  0.008
 100  0.012
    71-0.814
-231.6386   7.6289
 413 343
 413  0.013
 412  0.015
 411  0.019
 410  0.017
 409  0.014
 408  0.013
 407  0.013
 406  0.016
 405  0.016
 404  0.014
 403  0.012
 402  0.013
 401  0.012
 400  0.013
 399  0.015
 398  0.013
 397  0.012
 396  0.015
 395  0.015
 394  0.013
 393  0.015
 392  0.015
 391  0.013
 390  0.014
 389  0.015
 388  0.016
 387  0.017
 386  0.015
 385  0.016
 384  0.020
 383  0.019
 382  0.019
 381  0.018
 380  0.021
 379  0.020
 378  0.018
 377  0.021
 376  0.021
 375  0.022
 374  0.025
 373  0.024
 372  0.022
 371  0.020
 370  0.020
 369  0.021
 368  0.021
 367  0.019
 366  0.019
 365  0.015
 364  0.018
 363  0.018
 362  0.018
 361  0.021
 360  0.024
 359  0.023
 358  0.023
 357  0.021
 356  0.021
 355  0.020
 354  0.021
 353  0.020
 352  0.022
 351  0.023
 350  0.020
 349  0.020
 348  0.019
 347  0.020
 346  0.018
 345  0.019
 344  0.026
 343  0.054
    70-0.814
-231.6386   7.6289
 292 223
 292  0.009
 291  0.010
 290  0.010
 289  0.012
 288  0.012
 287  0.011
 286  0.009
 285  0.011
 284  0.012
 283  0.012
 282  0.012
 281  0.012
 280  0.014
 279  0.009
 278  0.010
 277  0.012
 276  0.014
 275  0.016
 274  0.013
 273  0.011
 272  0.012
 271  0.012
 270  0.014
 269  0.018
 268  0.018
 267  0.021
 266  0.021
 265  0.022
 264  0.017
 263  0.018
 262  0.018
 261  0.015
 260  0.016
 259  0.018
 258  0.021
 257  0.019
 256  0.020
 255  0.019
 254  0.024
 253  0.024
 252  0.021
 251  0.019
 250  0.023
 249  0.027
 248  0.028
 247  0.028
 246  0.026
 245  0.023
 244  0.024
 243  0.025
 242  0.026
 241  0.026
 240  0.024
 239  0.027
 238  0.026
 237  0.023
 236  0.023
 235  0.022
 234  0.021
 233  0.019
 232  0.020
 231  0.019
 230  0.020
 229  0.018
 228  0.019
 227  0.015
 226  0.019
 225  0.018
 224  0.021
 223  0.027
    78-0.814
-231.6386   7.6289
 181 104
 181  0.004
 180  0.004
 179  0.004
 178  0.003
 177  0.004
 176  0.013
 175  0.034
 174  0.033
 173  0.015
 172  0.009
 171  0.005
 170  0.008
 169  0.009
 168  0.008
 167  0.007
 166  0.008
 165  0.006
 164  0.007
 163  0.008
 162  0.009
 161  0.009
 160  0.011
 159  0.016
 158  0.014
 157  0.008
 156  0.008
 155  0.009
 154  0.010
 153  0.011
 152  0.008
 151  0.008
 150  0.009
 149  0.009
 148  0.009
 147  0.010
 146  0.011
 145  0.009
 144  0.009
 143  0.011
 142  0.010
 141  0.009
 140  0.010
 139  0.009
 138  0.008
 137  0.010
 136  0.012
 135  0.010
 134  0.011
 133  0.013
 132  0.013
 131  0.011
 130  0.010
 129  0.010
 128  0.010
 127  0.013
 126  0.011
 125  0.014
 124  0.015
 123  0.014
 122  0.015
 121  0.019
 120  0.021
 119  0.016
 118  0.017
 117  0.015
 116  0.017
 115  0.018
 114  0.016
 113  0.013
 112  0.014
 111  0.014
 110  0.010
 109  0.013
 108  0.017
 107  0.015
 106  0.017
 105  0.024
 104  0.039
    71-0.814
-231.0109   7.6341
 411 341
 411  0.013
 410  0.017
 409  0.017
 408  0.018
 407  0.019
 406  0.021
 405  0.019
 404  0.017
 403  0.019
 402  0.019
 401  0.020
 400  0.022
 399  0.024
 398  0.021
 397  0.019
 396  0.019
 395  0.021
 394  0.019
 393  0.018
 392  0.021
 391  0.023
 390  0.023
 389  0.022
 388  0.022
 387  0.022
 386  0.021
 385  0.024
 384  0.025
 383  0.021
 382  0.024
 381  0.022
 380  0.022
 379  0.022
 378  0.022
 377  0.023
 376  0.022
 375  0.022
 374  0.026
 373  0.024
 372  0.024
 371  0.022
 370  0.023
 369  0.024
 368  0.025
 367  0.027
 366  0.028
 365  0.027
 364  0.028
 363  0.029
 362  0.028
 361  0.028
 360  0.029
 359  0.029
 358  0.028
 357  0.027
 356  0.027
 355  0.027
 354  0.027
 353  0.029
 352  0.028
 351  0.028
 350  0.027
 349  0.026
 348  0.024
 347  0.025
 346  0.025
 345  0.026
 344  0.025
 343  0.021
 342  0.025
 341  0.047
    70-0.814
-231.0109   7.6341
 289 220
 289  0.016
 288  0.015
 287  0.015
 286  0.016
 285  0.018
 284  0.019
 283  0.016
 282  0.017
 281  0.016
 280  0.013
 279  0.014
 278  0.013
 277  0.012
 276  0.011
 275  0.015
 274  0.017
 273  0.015
 272  0.012
 271  0.010
 270  0.006
 269  0.006
 268  0.008
 267  0.010
 266  0.009
 265  0.013
 264  0.015
 263  0.014
 262  0.015
 261  0.014
 260  0.013
 259  0.011
 258  0.011
 257  0.016
 256  0.014
 255  0.017
 254  0.018
 253  0.019
 252  0.017
 251  0.018
 250  0.020
 249  0.020
 248  0.022
 247  0.024
 246  0.023
 245  0.023
 244  0.022
 243  0.019
 242  0.019
 241  0.021
 240  0.022
 239  0.022
 238  0.021
 237  0.021
 236  0.024
 235  0.023
 234  0.022
 233  0.020
 232  0.023
 231  0.021
 230  0.019
 229  0.021
 228  0.021
 227  0.019
 226  0.020
 225  0.026
 224  0.023
 223  0.019
 222  0.020
 221  0.019
 220  0.023
    68-0.814
-231.0109   7.6341
 169 102
 169  0.015
 168  0.013
 167  0.015
 166  0.017
 165  0.014
 164  0.012
 163  0.017
 162  0.019
 161  0.016
 160  0.015
 159  0.013
 158  0.011
 157  0.015
 156  0.017
 155  0.016
 154  0.013
 153  0.014
 152  0.013
 151  0.016
 150  0.015
 149  0.016
 148  0.015
 147  0.018
 146  0.013
 145  0.011
 144  0.012
 143  0.017
 142  0.017
 141  0.016
 140  0.016
 139  0.021
 138  0.019
 137  0.022
 136  0.024
 135  0.021
 134  0.020
 133  0.020
 132  0.019
 131  0.020
 130  0.019
 129  0.019
 128  0.019
 127  0.019
 126  0.022
 125  0.022
 124  0.021
 123  0.021
 122  0.024
 121  0.026
 120  0.022
 119  0.022
 118  0.024
 117  0.024
 116  0.020
 115  0.019
 114  0.015
 113  0.015
 112  0.013
 111  0.013
 110  0.015
 109  0.013
 108  0.012
 107  0.013
 106  0.012
 105  0.008
 104  0.012
 103  0.017
 102  0.027
    72-0.814
-231.0109   7.6341
 414 343
 414  0.022
 413  0.023
 412  0.025
 411  0.026
 410  0.021
 409  0.023
 408  0.025
 407  0.025
 406  0.024
 405  0.021
 404  0.020
 403  0.021
 402  0.022
 401  0.022
 400  0.024
 399  0.023
 398  0.023
 397  0.022
 396  0.023
 395  0.025
 394  0.025
 393  0.022
 392  0.022
 391  0.023
 390  0.023
 389  0.023
 388  0.022
 387  0.024
 386  0.023
 385  0.021
 384  0.023
 383  0.025
 382  0.021
 381  0.022
 380  0.021
 379  0.021
 378  0.021
 377  0.020
 376  0.022
 375  0.022
 374  0.020
 373  0.019
 372  0.019
 371  0.019
 370  0.019
 369  0.018
 368  0.018
 367  0.016
 366  0.017
 365  0.015
 364  0.017
 363  0.015
 362  0.018
 361  0.018
 360  0.015
 359  0.014
 358  0.016
 357  0.017
 356  0.015
 355  0.013
 354  0.014
 353  0.017
 352  0.014
 351  0.012
 350  0.013
 349  0.013
 348  0.015
 347  0.016
 346  0.014
 345  0.017
 344  0.018
 343  0.026
    71-0.814
-231.0109   7.6341
 291 221
 291  0.009
 290  0.012
 289  0.017
 288  0.017
 287  0.017
 286  0.016
 285  0.016
 284  0.015
 283  0.014
 282  0.014
 281  0.017
 280  0.015
 279  0.011
 278  0.015
 277  0.016
 276  0.013
 275  0.008
 274  0.012
 273  0.018
 272  0.014
 271  0.015
 270  0.015
 269  0.018
 268  0.015
 267  0.015
 266  0.015
 265  0.014
 264  0.015
 263  0.019
 262  0.018
 261  0.018
 260  0.019
 259  0.024
 258  0.023
 257  0.023
 256  0.025
 255  0.024
 254  0.022
 253  0.021
 252  0.022
 251  0.021
 250  0.021
 249  0.024
 248  0.024
 247  0.025
 246  0.027
 245  0.026
 244  0.022
 243  0.024
 242  0.022
 241  0.023
 240  0.023
 239  0.021
 238  0.024
 237  0.023
 236  0.022
 235  0.021
 234  0.025
 233  0.022
 232  0.025
 231  0.029
 230  0.026
 229  0.022
 228  0.024
 227  0.028
 226  0.026
 225  0.028
 224  0.025
 223  0.024
 222  0.029
 221  0.049
    70-0.814
-231.0109   7.6341
 173 104
 173  0.001
 172  0.009
 171  0.011
 170  0.013
 169  0.012
 168  0.011
 167  0.009
 166  0.011
 165  0.010
 164  0.010
 163  0.009
 162  0.009
 161  0.009
 160  0.010
 159  0.011
 158  0.011
 157  0.010
 156  0.010
 155  0.010
 154  0.010
 153  0.012
 152  0.013
 151  0.015
 150  0.013
 149  0.012
 148  0.015
 147  0.013
 146  0.012
 145  0.015
 144  0.014
 143  0.016
 142  0.015
 141  0.013
 140  0.012
 139  0.012
 138  0.012
 137  0.012
 136  0.012
 135  0.012
 134  0.017
 133  0.017
 132  0.015
 131  0.016
 130  0.019
 129  0.020
 128  0.017
 127  0.017
 126  0.017
 125  0.016
 124  0.016
 123  0.017
 122  0.017
 121  0.018
 120  0.019
 119  0.021
 118  0.026
 117  0.027
 116  0.023
 115  0.019
 114  0.020
 113  0.020
 112  0.016
 111  0.013
 110  0.011
 109  0.011
 108  0.009
 107  0.003
 106  0.004
 105  0.005
 104  0.010
 C0 AT 13 K RPM 0 TIME                          
