
    68-0.811
-231.6386   7.6289
 408 341
 408  0.102
 407  0.107
 406  0.111
 405  0.108
 404  0.120
 403  0.122
 402  0.115
 401  0.100
 400  0.095
 399  0.096
 398  0.105
 397  0.101
 396  0.100
 395  0.102
 394  0.107
 393  0.111
 392  0.105
 391  0.096
 390  0.103
 389  0.101
 388  0.096
 387  0.101
 386  0.100
 385  0.093
 384  0.095
 383  0.091
 382  0.101
 381  0.094
 380  0.099
 379  0.104
 378  0.108
 377  0.103
 376  0.108
 375  0.105
 374  0.106
 373  0.105
 372  0.106
 371  0.110
 370  0.112
 369  0.099
 368  0.099
 367  0.109
 366  0.105
 365  0.109
 364  0.109
 363  0.107
 362  0.115
 361  0.110
 360  0.112
 359  0.115
 358  0.112
 357  0.106
 356  0.111
 355  0.111
 354  0.108
 353  0.115
 352  0.108
 351  0.099
 350  0.107
 349  0.116
 348  0.120
 347  0.112
 346  0.104
 345  0.112
 344  0.119
 343  0.114
 342  0.122
 341  0.128
    73-0.811
-231.6386   7.6289
 287 215
 287  0.103
 286  0.106
 285  0.109
 284  0.110
 283  0.114
 282  0.118
 281  0.106
 280  0.107
 279  0.110
 278  0.105
 277  0.112
 276  0.113
 275  0.105
 274  0.109
 273  0.107
 272  0.103
 271  0.107
 270  0.112
 269  0.121
 268  0.110
 267  0.102
 266  0.099
 265  0.108
 264  0.101
 263  0.100
 262  0.109
 261  0.118
 260  0.118
 259  0.113
 258  0.113
 257  0.120
 256  0.126
 255  0.112
 254  0.107
 253  0.121
 252  0.126
 251  0.123
 250  0.116
 249  0.107
 248  0.117
 247  0.110
 246  0.113
 245  0.120
 244  0.123
 243  0.125
 242  0.116
 241  0.112
 240  0.115
 239  0.117
 238  0.110
 237  0.117
 236  0.121
 235  0.121
 234  0.120
 233  0.126
 232  0.119
 231  0.117
 230  0.116
 229  0.100
 228  0.105
 227  0.102
 226  0.102
 225  0.113
 224  0.117
 223  0.104
 222  0.093
 221  0.097
 220  0.101
 219  0.103
 218  0.104
 217  0.102
 216  0.116
 215  0.137
    70-0.811
-231.6386   7.6289
 170 101
 170  0.250
 169  0.255
 168  0.261
 167  0.253
 166  0.252
 165  0.250
 164  0.252
 163  0.257
 162  0.272
 161  0.273
 160  0.283
 159  0.248
 158  0.243
 157  0.237
 156  0.232
 155  0.253
 154  0.257
 153  0.262
 152  0.258
 151  0.263
 150  0.265
 149  0.265
 148  0.255
 147  0.269
 146  0.249
 145  0.252
 144  0.259
 143  0.260
 142  0.269
 141  0.259
 140  0.263
 139  0.263
 138  0.267
 137  0.267
 136  0.272
 135  0.279
 134  0.268
 133  0.264
 132  0.261
 131  0.271
 130  0.277
 129  0.274
 128  0.270
 127  0.264
 126  0.283
 125  0.274
 124  0.276
 123  0.267
 122  0.274
 121  0.282
 120  0.300
 119  0.291
 118  0.300
 117  0.307
 116  0.301
 115  0.302
 114  0.300
 113  0.290
 112  0.288
 111  0.301
 110  0.313
 109  0.315
 108  0.308
 107  0.313
 106  0.312
 105  0.302
 104  0.313
 103  0.341
 102  0.348
 101  0.357
    74-0.813
-231.0109   7.6255
 414 341
 414  0.116
 413  0.118
 412  0.126
 411  0.123
 410  0.121
 409  0.120
 408  0.117
 407  0.130
 406  0.115
 405  0.121
 404  0.128
 403  0.138
 402  0.131
 401  0.123
 400  0.117
 399  0.128
 398  0.127
 397  0.120
 396  0.114
 395  0.112
 394  0.121
 393  0.125
 392  0.118
 391  0.120
 390  0.124
 389  0.126
 388  0.130
 387  0.124
 386  0.119
 385  0.123
 384  0.115
 383  0.121
 382  0.127
 381  0.136
 380  0.133
 379  0.126
 378  0.128
 377  0.135
 376  0.137
 375  0.132
 374  0.133
 373  0.130
 372  0.132
 371  0.131
 370  0.132
 369  0.131
 368  0.131
 367  0.132
 366  0.131
 365  0.125
 364  0.130
 363  0.124
 362  0.124
 361  0.122
 360  0.126
 359  0.134
 358  0.126
 357  0.126
 356  0.134
 355  0.126
 354  0.133
 353  0.129
 352  0.126
 351  0.122
 350  0.118
 349  0.128
 348  0.126
 347  0.127
 346  0.127
 345  0.130
 344  0.123
 343  0.126
 342  0.124
 341  0.120
    77-0.813
-231.0109   7.6255
 292 216
 292  0.260
 291  0.264
 290  0.269
 289  0.268
 288  0.259
 287  0.257
 286  0.260
 285  0.262
 284  0.267
 283  0.260
 282  0.262
 281  0.265
 280  0.253
 279  0.261
 278  0.269
 277  0.268
 276  0.264
 275  0.261
 274  0.263
 273  0.275
 272  0.275
 271  0.266
 270  0.262
 269  0.266
 268  0.275
 267  0.266
 266  0.270
 265  0.261
 264  0.265
 263  0.264
 262  0.255
 261  0.255
 260  0.270
 259  0.283
 258  0.274
 257  0.277
 256  0.275
 255  0.267
 254  0.285
 253  0.276
 252  0.278
 251  0.288
 250  0.289
 249  0.285
 248  0.279
 247  0.256
 246  0.257
 245  0.264
 244  0.265
 243  0.273
 242  0.282
 241  0.270
 240  0.277
 239  0.270
 238  0.274
 237  0.274
 236  0.273
 235  0.274
 234  0.287
 233  0.281
 232  0.273
 231  0.275
 230  0.278
 229  0.285
 228  0.288
 227  0.287
 226  0.292
 225  0.293
 224  0.288
 223  0.298
 222  0.309
 221  0.323
 220  0.319
 219  0.343
 218  0.373
 217  0.437
 216  0.529
    72-0.813
-231.0109   7.6255
 172 101
 172  0.033
 171  0.028
 170  0.035
 169  0.035
 168  0.039
 167  0.036
 166  0.043
 165  0.031
 164  0.029
 163  0.035
 162  0.031
 161  0.028
 160  0.031
 159  0.040
 158  0.037
 157  0.035
 156  0.040
 155  0.043
 154  0.041
 153  0.026
 152  0.031
 151  0.030
 150  0.030
 149  0.033
 148  0.032
 147  0.025
 146  0.041
 145  0.042
 144  0.039
 143  0.041
 142  0.045
 141  0.042
 140  0.039
 139  0.037
 138  0.032
 137  0.042
 136  0.039
 135  0.042
 134  0.036
 133  0.038
 132  0.038
 131  0.040
 130  0.044
 129  0.044
 128  0.040
 127  0.032
 126  0.035
 125  0.035
 124  0.038
 123  0.034
 122  0.043
 121  0.044
 120  0.044
 119  0.045
 118  0.046
 117  0.042
 116  0.040
 115  0.038
 114  0.031
 113  0.046
 112  0.057
 111  0.054
 110  0.053
 109  0.034
 108  0.042
 107  0.058
 106  0.069
 105  0.075
 104  0.079
 103  0.081
 102  0.083
 101  0.095
    73-0.812
-231.0109   7.6255
 413 341
 413  0.045
 412  0.047
 411  0.041
 410  0.044
 409  0.045
 408  0.028
 407  0.030
 406  0.031
 405  0.034
 404  0.037
 403  0.037
 402  0.034
 401  0.033
 400  0.036
 399  0.034
 398  0.029
 397  0.031
 396  0.033
 395  0.036
 394  0.046
 393  0.042
 392  0.040
 391  0.039
 390  0.042
 389  0.047
 388  0.038
 387  0.035
 386  0.035
 385  0.037
 384  0.047
 383  0.048
 382  0.046
 381  0.046
 380  0.046
 379  0.029
 378  0.032
 377  0.038
 376  0.039
 375  0.042
 374  0.052
 373  0.047
 372  0.039
 371  0.036
 370  0.050
 369  0.054
 368  0.050
 367  0.044
 366  0.043
 365  0.048
 364  0.043
 363  0.051
 362  0.059
 361  0.054
 360  0.052
 359  0.056
 358  0.060
 357  0.052
 356  0.051
 355  0.055
 354  0.057
 353  0.065
 352  0.065
 351  0.064
 350  0.068
 349  0.058
 348  0.072
 347  0.078
 346  0.088
 345  0.100
 344  0.109
 343  0.143
 342  0.232
 341  0.291
    73-0.812
-231.0109   7.6255
 291 219
 291  0.030
 290  0.028
 289  0.029
 288  0.029
 287  0.037
 286  0.031
 285  0.026
 284  0.035
 283  0.035
 282  0.025
 281  0.029
 280  0.036
 279  0.033
 278  0.034
 277  0.040
 276  0.040
 275  0.040
 274  0.041
 273  0.040
 272  0.033
 271  0.045
 270  0.033
 269  0.036
 268  0.038
 267  0.044
 266  0.052
 265  0.052
 264  0.044
 263  0.042
 262  0.040
 261  0.043
 260  0.040
 259  0.049
 258  0.049
 257  0.039
 256  0.043
 255  0.041
 254  0.053
 253  0.048
 252  0.048
 251  0.041
 250  0.050
 249  0.050
 248  0.049
 247  0.048
 246  0.055
 245  0.055
 244  0.061
 243  0.067
 242  0.060
 241  0.070
 240  0.064
 239  0.056
 238  0.070
 237  0.066
 236  0.067
 235  0.073
 234  0.065
 233  0.065
 232  0.069
 231  0.076
 230  0.071
 229  0.077
 228  0.092
 227  0.100
 226  0.108
 225  0.116
 224  0.123
 223  0.141
 222  0.175
 221  0.234
 220  0.337
 219  0.396
    72-0.812
-231.0109   7.6255
 171 100
 171  0.032
 170  0.026
 169  0.027
 168  0.033
 167  0.033
 166  0.028
 165  0.035
 164  0.033
 163  0.027
 162  0.039
 161  0.039
 160  0.039
 159  0.042
 158  0.048
 157  0.051
 156  0.054
 155  0.039
 154  0.037
 153  0.042
 152  0.039
 151  0.039
 150  0.041
 149  0.038
 148  0.037
 147  0.040
 146  0.042
 145  0.045
 144  0.054
 143  0.051
 142  0.053
 141  0.043
 140  0.038
 139  0.041
 138  0.042
 137  0.040
 136  0.045
 135  0.044
 134  0.038
 133  0.034
 132  0.042
 131  0.045
 130  0.040
 129  0.049
 128  0.043
 127  0.045
 126  0.049
 125  0.051
 124  0.050
 123  0.053
 122  0.066
 121  0.066
 120  0.066
 119  0.069
 118  0.064
 117  0.064
 116  0.065
 115  0.072
 114  0.070
 113  0.072
 112  0.068
 111  0.068
 110  0.067
 109  0.070
 108  0.083
 107  0.095
 106  0.105
 105  0.106
 104  0.121
 103  0.153
 102  0.191
 101  0.311
 100  0.476
    70-0.812
-232.2663   7.6237
 408 339
 408  0.050
 407  0.053
 406  0.050
 405  0.045
 404  0.042
 403  0.043
 402  0.046
 401  0.053
 400  0.062
 399  0.058
 398  0.052
 397  0.047
 396  0.050
 395  0.048
 394  0.049
 393  0.056
 392  0.045
 391  0.041
 390  0.050
 389  0.052
 388  0.056
 387  0.055
 386  0.047
 385  0.045
 384  0.048
 383  0.055
 382  0.054
 381  0.050
 380  0.051
 379  0.048
 378  0.046
 377  0.053
 376  0.051
 375  0.061
 374  0.067
 373  0.061
 372  0.054
 371  0.052
 370  0.055
 369  0.062
 368  0.063
 367  0.064
 366  0.065
 365  0.058
 364  0.061
 363  0.066
 362  0.067
 361  0.062
 360  0.062
 359  0.061
 358  0.058
 357  0.063
 356  0.070
 355  0.069
 354  0.065
 353  0.068
 352  0.072
 351  0.074
 350  0.078
 349  0.085
 348  0.091
 347  0.092
 346  0.096
 345  0.105
 344  0.108
 343  0.130
 342  0.158
 341  0.190
 340  0.242
 339  0.288
    71-0.812
-232.2663   7.6237
 287 217
 287  0.037
 286  0.042
 285  0.045
 284  0.050
 283  0.046
 282  0.044
 281  0.040
 280  0.043
 279  0.040
 278  0.045
 277  0.041
 276  0.036
 275  0.038
 274  0.042
 273  0.039
 272  0.046
 271  0.042
 270  0.050
 269  0.047
 268  0.035
 267  0.040
 266  0.042
 265  0.039
 264  0.041
 263  0.054
 262  0.051
 261  0.049
 260  0.039
 259  0.040
 258  0.037
 257  0.043
 256  0.039
 255  0.041
 254  0.043
 253  0.039
 252  0.038
 251  0.037
 250  0.044
 249  0.047
 248  0.053
 247  0.053
 246  0.052
 245  0.055
 244  0.054
 243  0.054
 242  0.059
 241  0.059
 240  0.056
 239  0.050
 238  0.052
 237  0.055
 236  0.053
 235  0.047
 234  0.052
 233  0.056
 232  0.052
 231  0.071
 230  0.073
 229  0.076
 228  0.078
 227  0.073
 226  0.075
 225  0.085
 224  0.096
 223  0.102
 222  0.090
 221  0.105
 220  0.116
 219  0.144
 218  0.194
 217  0.270
    69-0.812
-232.2663   7.6237
 168 100
 168  0.088
 167  0.082
 166  0.088
 165  0.087
 164  0.097
 163  0.091
 162  0.096
 161  0.100
 160  0.100
 159  0.097
 158  0.097
 157  0.086
 156  0.091
 155  0.101
 154  0.099
 153  0.087
 152  0.089
 151  0.094
 150  0.097
 149  0.091
 148  0.086
 147  0.096
 146  0.096
 145  0.098
 144  0.091
 143  0.091
 142  0.094
 141  0.091
 140  0.089
 139  0.094
 138  0.104
 137  0.104
 136  0.108
 135  0.106
 134  0.098
 133  0.097
 132  0.093
 131  0.091
 130  0.085
 129  0.097
 128  0.089
 127  0.091
 126  0.099
 125  0.103
 124  0.098
 123  0.095
 122  0.100
 121  0.112
 120  0.101
 119  0.102
 118  0.106
 117  0.111
 116  0.115
 115  0.114
 114  0.125
 113  0.122
 112  0.112
 111  0.106
 110  0.105
 109  0.097
 108  0.102
 107  0.105
 106  0.119
 105  0.129
 104  0.131
 103  0.109
 102  0.103
 101  0.118
 100  0.137
    73-0.813
-231.6386   7.6246
 413 341
 413  0.279
 412  0.285
 411  0.275
 410  0.275
 409  0.277
 408  0.281
 407  0.275
 406  0.266
 405  0.272
 404  0.278
 403  0.280
 402  0.282
 401  0.289
 400  0.291
 399  0.274
 398  0.258
 397  0.265
 396  0.279
 395  0.278
 394  0.277
 393  0.286
 392  0.293
 391  0.278
 390  0.270
 389  0.269
 388  0.272
 387  0.290
 386  0.279
 385  0.272
 384  0.275
 383  0.281
 382  0.274
 381  0.267
 380  0.263
 379  0.276
 378  0.278
 377  0.261
 376  0.274
 375  0.270
 374  0.272
 373  0.272
 372  0.271
 371  0.271
 370  0.263
 369  0.265
 368  0.270
 367  0.265
 366  0.267
 365  0.277
 364  0.286
 363  0.274
 362  0.272
 361  0.263
 360  0.267
 359  0.281
 358  0.283
 357  0.288
 356  0.278
 355  0.279
 354  0.285
 353  0.290
 352  0.289
 351  0.294
 350  0.302
 349  0.316
 348  0.307
 347  0.314
 346  0.324
 345  0.325
 344  0.349
 343  0.382
 342  0.449
 341  0.483
    73-0.813
-231.6386   7.6246
 290 218
 290  0.025
 289  0.031
 288  0.030
 287  0.026
 286  0.022
 285  0.027
 284  0.025
 283  0.029
 282  0.032
 281  0.035
 280  0.039
 279  0.039
 278  0.029
 277  0.031
 276  0.030
 275  0.033
 274  0.023
 273  0.023
 272  0.033
 271  0.039
 270  0.027
 269  0.032
 268  0.034
 267  0.038
 266  0.035
 265  0.027
 264  0.031
 263  0.042
 262  0.045
 261  0.035
 260  0.032
 259  0.041
 258  0.037
 257  0.037
 256  0.043
 255  0.053
 254  0.042
 253  0.042
 252  0.042
 251  0.049
 250  0.045
 249  0.048
 248  0.050
 247  0.035
 246  0.046
 245  0.051
 244  0.057
 243  0.048
 242  0.052
 241  0.044
 240  0.049
 239  0.054
 238  0.052
 237  0.063
 236  0.062
 235  0.052
 234  0.058
 233  0.053
 232  0.057
 231  0.064
 230  0.066
 229  0.061
 228  0.064
 227  0.067
 226  0.080
 225  0.080
 224  0.085
 223  0.094
 222  0.109
 221  0.120
 220  0.158
 219  0.265
 218  0.350
    71-0.813
-231.6386   7.6246
 172 102
 172  0.070
 171  0.080
 170  0.081
 169  0.088
 168  0.085
 167  0.074
 166  0.082
 165  0.078
 164  0.070
 163  0.088
 162  0.077
 161  0.079
 160  0.082
 159  0.080
 158  0.080
 157  0.086
 156  0.084
 155  0.075
 154  0.088
 153  0.091
 152  0.080
 151  0.080
 150  0.083
 149  0.075
 148  0.073
 147  0.070
 146  0.082
 145  0.077
 144  0.089
 143  0.091
 142  0.083
 141  0.079
 140  0.084
 139  0.097
 138  0.098
 137  0.088
 136  0.102
 135  0.093
 134  0.094
 133  0.089
 132  0.091
 131  0.085
 130  0.086
 129  0.093
 128  0.089
 127  0.098
 126  0.098
 125  0.090
 124  0.093
 123  0.094
 122  0.099
 121  0.102
 120  0.102
 119  0.097
 118  0.102
 117  0.104
 116  0.108
 115  0.100
 114  0.088
 113  0.097
 112  0.101
 111  0.101
 110  0.104
 109  0.104
 108  0.105
 107  0.093
 106  0.091
 105  0.089
 104  0.093
 103  0.108
 102  0.123
 285 NM 13K RPM ,1030MIN RTIC 6521              
