
    72-0.812
-230.3831   7.6220
 409 338
 409  0.105
 408  0.106
 407  0.105
 406  0.103
 405  0.100
 404  0.098
 403  0.107
 402  0.110
 401  0.106
 400  0.104
 399  0.105
 398  0.101
 397  0.101
 396  0.103
 395  0.101
 394  0.106
 393  0.117
 392  0.117
 391  0.098
 390  0.095
 389  0.103
 388  0.107
 387  0.104
 386  0.101
 385  0.104
 384  0.104
 383  0.101
 382  0.104
 381  0.102
 380  0.097
 379  0.099
 378  0.101
 377  0.102
 376  0.105
 375  0.100
 374  0.102
 373  0.102
 372  0.106
 371  0.102
 370  0.101
 369  0.098
 368  0.101
 367  0.103
 366  0.102
 365  0.105
 364  0.106
 363  0.103
 362  0.099
 361  0.101
 360  0.103
 359  0.104
 358  0.100
 357  0.101
 356  0.102
 355  0.103
 354  0.102
 353  0.097
 352  0.096
 351  0.093
 350  0.094
 349  0.101
 348  0.103
 347  0.101
 346  0.105
 345  0.104
 344  0.103
 343  0.110
 342  0.108
 341  0.110
 340  0.118
 339  0.152
 338  0.211
    71-0.812
-230.3831   7.6220
 285 215
 285  0.105
 284  0.104
 283  0.102
 282  0.107
 281  0.103
 280  0.101
 279  0.106
 278  0.104
 277  0.107
 276  0.108
 275  0.109
 274  0.109
 273  0.107
 272  0.111
 271  0.106
 270  0.105
 269  0.103
 268  0.103
 267  0.106
 266  0.103
 265  0.108
 264  0.110
 263  0.102
 262  0.103
 261  0.106
 260  0.106
 259  0.108
 258  0.110
 257  0.114
 256  0.111
 255  0.112
 254  0.112
 253  0.114
 252  0.114
 251  0.116
 250  0.111
 249  0.103
 248  0.107
 247  0.114
 246  0.114
 245  0.119
 244  0.117
 243  0.112
 242  0.114
 241  0.117
 240  0.116
 239  0.116
 238  0.117
 237  0.112
 236  0.110
 235  0.112
 234  0.107
 233  0.113
 232  0.114
 231  0.111
 230  0.111
 229  0.108
 228  0.109
 227  0.106
 226  0.102
 225  0.105
 224  0.112
 223  0.111
 222  0.102
 221  0.099
 220  0.105
 219  0.102
 218  0.099
 217  0.100
 216  0.106
 215  0.132
    69-0.812
-230.3831   7.6220
 168 100
 168  0.254
 167  0.253
 166  0.256
 165  0.254
 164  0.255
 163  0.260
 162  0.260
 161  0.259
 160  0.255
 159  0.255
 158  0.253
 157  0.260
 156  0.258
 155  0.254
 154  0.256
 153  0.260
 152  0.267
 151  0.263
 150  0.262
 149  0.265
 148  0.261
 147  0.260
 146  0.258
 145  0.250
 144  0.258
 143  0.264
 142  0.263
 141  0.264
 140  0.267
 139  0.258
 138  0.253
 137  0.262
 136  0.266
 135  0.264
 134  0.264
 133  0.267
 132  0.269
 131  0.268
 130  0.265
 129  0.273
 128  0.271
 127  0.272
 126  0.271
 125  0.273
 124  0.278
 123  0.284
 122  0.292
 121  0.292
 120  0.296
 119  0.306
 118  0.307
 117  0.302
 116  0.294
 115  0.292
 114  0.298
 113  0.300
 112  0.305
 111  0.307
 110  0.312
 109  0.310
 108  0.306
 107  0.311
 106  0.313
 105  0.314
 104  0.322
 103  0.321
 102  0.329
 101  0.340
 100  0.347
    77-0.813
-231.0109   7.6212
 413 337
 413  0.121
 412  0.126
 411  0.122
 410  0.121
 409  0.126
 408  0.125
 407  0.125
 406  0.126
 405  0.119
 404  0.120
 403  0.123
 402  0.124
 401  0.122
 400  0.117
 399  0.118
 398  0.122
 397  0.124
 396  0.127
 395  0.122
 394  0.120
 393  0.121
 392  0.120
 391  0.120
 390  0.121
 389  0.123
 388  0.123
 387  0.127
 386  0.122
 385  0.119
 384  0.121
 383  0.124
 382  0.123
 381  0.127
 380  0.127
 379  0.129
 378  0.123
 377  0.127
 376  0.132
 375  0.135
 374  0.128
 373  0.130
 372  0.132
 371  0.125
 370  0.128
 369  0.134
 368  0.129
 367  0.130
 366  0.130
 365  0.127
 364  0.130
 363  0.125
 362  0.127
 361  0.132
 360  0.128
 359  0.124
 358  0.128
 357  0.130
 356  0.129
 355  0.127
 354  0.126
 353  0.127
 352  0.128
 351  0.123
 350  0.125
 349  0.122
 348  0.120
 347  0.120
 346  0.118
 345  0.123
 344  0.122
 343  0.123
 342  0.120
 341  0.124
 340  0.133
 339  0.160
 338  0.247
 337  0.282
    78-0.813
-231.0109   7.6212
 292 215
 292  0.259
 291  0.261
 290  0.262
 289  0.265
 288  0.266
 287  0.256
 286  0.260
 285  0.265
 284  0.270
 283  0.267
 282  0.257
 281  0.258
 280  0.259
 279  0.265
 278  0.268
 277  0.269
 276  0.265
 275  0.261
 274  0.261
 273  0.264
 272  0.264
 271  0.264
 270  0.264
 269  0.265
 268  0.262
 267  0.260
 266  0.272
 265  0.276
 264  0.274
 263  0.274
 262  0.272
 261  0.272
 260  0.269
 259  0.273
 258  0.270
 257  0.272
 256  0.280
 255  0.279
 254  0.278
 253  0.276
 252  0.283
 251  0.284
 250  0.281
 249  0.279
 248  0.271
 247  0.267
 246  0.267
 245  0.271
 244  0.266
 243  0.274
 242  0.272
 241  0.270
 240  0.273
 239  0.271
 238  0.269
 237  0.277
 236  0.275
 235  0.275
 234  0.275
 233  0.280
 232  0.284
 231  0.280
 230  0.281
 229  0.275
 228  0.280
 227  0.287
 226  0.291
 225  0.295
 224  0.294
 223  0.290
 222  0.291
 221  0.303
 220  0.308
 219  0.317
 218  0.330
 217  0.365
 216  0.432
 215  0.520
    62-0.813
-231.0109   7.6212
 161 100
 161  0.026
 160  0.028
 159  0.032
 158  0.031
 157  0.026
 156  0.029
 155  0.028
 154  0.027
 153  0.033
 152  0.032
 151  0.029
 150  0.033
 149  0.031
 148  0.032
 147  0.028
 146  0.027
 145  0.031
 144  0.034
 143  0.030
 142  0.027
 141  0.030
 140  0.029
 139  0.029
 138  0.033
 137  0.036
 136  0.033
 135  0.033
 134  0.036
 133  0.040
 132  0.031
 131  0.033
 130  0.034
 129  0.032
 128  0.032
 127  0.029
 126  0.028
 125  0.026
 124  0.028
 123  0.036
 122  0.036
 121  0.039
 120  0.039
 119  0.036
 118  0.034
 117  0.034
 116  0.033
 115  0.027
 114  0.032
 113  0.033
 112  0.040
 111  0.038
 110  0.039
 109  0.043
 108  0.044
 107  0.041
 106  0.040
 105  0.047
 104  0.058
 103  0.064
 102  0.060
 101  0.062
 100  0.062
    73-0.813
-231.0109   7.6212
 412 340
 412  0.041
 411  0.043
 410  0.041
 409  0.037
 408  0.036
 407  0.036
 406  0.035
 405  0.040
 404  0.038
 403  0.035
 402  0.032
 401  0.034
 400  0.034
 399  0.037
 398  0.034
 397  0.032
 396  0.029
 395  0.036
 394  0.038
 393  0.033
 392  0.033
 391  0.035
 390  0.034
 389  0.032
 388  0.037
 387  0.037
 386  0.035
 385  0.035
 384  0.036
 383  0.036
 382  0.033
 381  0.035
 380  0.033
 379  0.037
 378  0.039
 377  0.039
 376  0.037
 375  0.038
 374  0.037
 373  0.037
 372  0.039
 371  0.041
 370  0.038
 369  0.038
 368  0.042
 367  0.035
 366  0.035
 365  0.039
 364  0.040
 363  0.041
 362  0.035
 361  0.034
 360  0.039
 359  0.048
 358  0.047
 357  0.051
 356  0.050
 355  0.045
 354  0.043
 353  0.046
 352  0.049
 351  0.050
 350  0.052
 349  0.055
 348  0.054
 347  0.056
 346  0.057
 345  0.061
 344  0.067
 343  0.081
 342  0.123
 341  0.232
 340  0.333
    73-0.813
-231.0109   7.6212
 290 218
 290  0.031
 289  0.030
 288  0.031
 287  0.033
 286  0.031
 285  0.031
 284  0.032
 283  0.035
 282  0.036
 281  0.025
 280  0.029
 279  0.034
 278  0.032
 277  0.032
 276  0.031
 275  0.036
 274  0.036
 273  0.036
 272  0.037
 271  0.034
 270  0.035
 269  0.036
 268  0.036
 267  0.034
 266  0.041
 265  0.045
 264  0.045
 263  0.039
 262  0.036
 261  0.042
 260  0.040
 259  0.033
 258  0.031
 257  0.039
 256  0.040
 255  0.039
 254  0.040
 253  0.044
 252  0.048
 251  0.048
 250  0.042
 249  0.040
 248  0.048
 247  0.046
 246  0.046
 245  0.047
 244  0.047
 243  0.047
 242  0.053
 241  0.051
 240  0.049
 239  0.047
 238  0.047
 237  0.050
 236  0.055
 235  0.052
 234  0.051
 233  0.050
 232  0.048
 231  0.046
 230  0.052
 229  0.059
 228  0.059
 227  0.063
 226  0.072
 225  0.074
 224  0.082
 223  0.087
 222  0.103
 221  0.126
 220  0.180
 219  0.319
 218  0.390
    72-0.813
-231.0109   7.6212
 170  99
 170  0.042
 169  0.041
 168  0.044
 167  0.044
 166  0.043
 165  0.042
 164  0.039
 163  0.037
 162  0.039
 161  0.043
 160  0.041
 159  0.038
 158  0.041
 157  0.041
 156  0.043
 155  0.042
 154  0.045
 153  0.047
 152  0.044
 151  0.046
 150  0.045
 149  0.040
 148  0.041
 147  0.043
 146  0.046
 145  0.042
 144  0.037
 143  0.041
 142  0.042
 141  0.041
 140  0.043
 139  0.044
 138  0.045
 137  0.045
 136  0.038
 135  0.039
 134  0.041
 133  0.040
 132  0.039
 131  0.040
 130  0.042
 129  0.045
 128  0.045
 127  0.039
 126  0.040
 125  0.046
 124  0.049
 123  0.049
 122  0.050
 121  0.054
 120  0.057
 119  0.055
 118  0.060
 117  0.062
 116  0.060
 115  0.058
 114  0.061
 113  0.063
 112  0.067
 111  0.064
 110  0.063
 109  0.068
 108  0.072
 107  0.075
 106  0.077
 105  0.078
 104  0.089
 103  0.103
 102  0.124
 101  0.179
 100  0.323
  99  0.494
    73-0.813
-231.6386   7.6203
 410 338
 410  0.039
 409  0.040
 408  0.040
 407  0.042
 406  0.042
 405  0.044
 404  0.042
 403  0.043
 402  0.042
 401  0.044
 400  0.046
 399  0.049
 398  0.049
 397  0.045
 396  0.038
 395  0.037
 394  0.040
 393  0.043
 392  0.044
 391  0.044
 390  0.046
 389  0.047
 388  0.039
 387  0.038
 386  0.037
 385  0.040
 384  0.043
 383  0.044
 382  0.044
 381  0.047
 380  0.038
 379  0.041
 378  0.041
 377  0.042
 376  0.042
 375  0.039
 374  0.042
 373  0.039
 372  0.041
 371  0.041
 370  0.043
 369  0.041
 368  0.042
 367  0.051
 366  0.051
 365  0.047
 364  0.048
 363  0.051
 362  0.046
 361  0.050
 360  0.047
 359  0.048
 358  0.051
 357  0.058
 356  0.056
 355  0.053
 354  0.050
 353  0.055
 352  0.059
 351  0.065
 350  0.062
 349  0.063
 348  0.064
 347  0.064
 346  0.067
 345  0.076
 344  0.085
 343  0.091
 342  0.097
 341  0.112
 340  0.136
 339  0.195
 338  0.290
    74-0.813
-231.6386   7.6203
 288 215
 288  0.038
 287  0.039
 286  0.037
 285  0.037
 284  0.041
 283  0.041
 282  0.043
 281  0.041
 280  0.039
 279  0.037
 278  0.037
 277  0.034
 276  0.025
 275  0.028
 274  0.030
 273  0.039
 272  0.038
 271  0.034
 270  0.035
 269  0.034
 268  0.035
 267  0.032
 266  0.030
 265  0.031
 264  0.034
 263  0.034
 262  0.034
 261  0.036
 260  0.036
 259  0.034
 258  0.035
 257  0.040
 256  0.041
 255  0.036
 254  0.033
 253  0.037
 252  0.038
 251  0.036
 250  0.038
 249  0.038
 248  0.042
 247  0.042
 246  0.041
 245  0.043
 244  0.050
 243  0.045
 242  0.046
 241  0.042
 240  0.044
 239  0.045
 238  0.042
 237  0.042
 236  0.041
 235  0.043
 234  0.043
 233  0.052
 232  0.044
 231  0.046
 230  0.052
 229  0.054
 228  0.049
 227  0.049
 226  0.055
 225  0.052
 224  0.056
 223  0.065
 222  0.068
 221  0.073
 220  0.083
 219  0.096
 218  0.116
 217  0.162
 216  0.294
 215  0.392
    69-0.813
-231.6386   7.6203
 166  98
 166  0.089
 165  0.088
 164  0.092
 163  0.090
 162  0.081
 161  0.088
 160  0.091
 159  0.091
 158  0.090
 157  0.088
 156  0.087
 155  0.091
 154  0.090
 153  0.091
 152  0.084
 151  0.084
 150  0.087
 149  0.087
 148  0.088
 147  0.088
 146  0.092
 145  0.097
 144  0.088
 143  0.087
 142  0.091
 141  0.093
 140  0.100
 139  0.095
 138  0.098
 137  0.097
 136  0.096
 135  0.101
 134  0.102
 133  0.096
 132  0.092
 131  0.096
 130  0.095
 129  0.096
 128  0.095
 127  0.095
 126  0.093
 125  0.091
 124  0.102
 123  0.106
 122  0.098
 121  0.098
 120  0.100
 119  0.098
 118  0.098
 117  0.101
 116  0.105
 115  0.107
 114  0.106
 113  0.103
 112  0.103
 111  0.104
 110  0.102
 109  0.105
 108  0.105
 107  0.110
 106  0.104
 105  0.108
 104  0.114
 103  0.109
 102  0.105
 101  0.111
 100  0.122
  99  0.158
  98  0.229
    74-0.812
-231.0109   7.6212
 413 340
 413  0.280
 412  0.276
 411  0.278
 410  0.276
 409  0.274
 408  0.273
 407  0.281
 406  0.276
 405  0.278
 404  0.276
 403  0.278
 402  0.276
 401  0.275
 400  0.278
 399  0.281
 398  0.276
 397  0.278
 396  0.271
 395  0.274
 394  0.281
 393  0.279
 392  0.275
 391  0.277
 390  0.278
 389  0.272
 388  0.271
 387  0.271
 386  0.272
 385  0.270
 384  0.272
 383  0.273
 382  0.277
 381  0.272
 380  0.268
 379  0.265
 378  0.275
 377  0.271
 376  0.263
 375  0.262
 374  0.269
 373  0.268
 372  0.271
 371  0.275
 370  0.274
 369  0.271
 368  0.274
 367  0.268
 366  0.264
 365  0.271
 364  0.270
 363  0.263
 362  0.268
 361  0.276
 360  0.278
 359  0.272
 358  0.268
 357  0.272
 356  0.274
 355  0.271
 354  0.275
 353  0.279
 352  0.282
 351  0.283
 350  0.279
 349  0.284
 348  0.293
 347  0.291
 346  0.294
 345  0.298
 344  0.310
 343  0.326
 342  0.352
 341  0.397
 340  0.467
    73-0.812
-231.0109   7.6212
 289 217
 289  0.023
 288  0.024
 287  0.022
 286  0.021
 285  0.021
 284  0.022
 283  0.021
 282  0.022
 281  0.024
 280  0.026
 279  0.030
 278  0.024
 277  0.023
 276  0.023
 275  0.020
 274  0.020
 273  0.018
 272  0.025
 271  0.028
 270  0.022
 269  0.024
 268  0.029
 267  0.028
 266  0.024
 265  0.023
 264  0.022
 263  0.021
 262  0.028
 261  0.033
 260  0.026
 259  0.024
 258  0.029
 257  0.031
 256  0.032
 255  0.032
 254  0.033
 253  0.036
 252  0.033
 251  0.029
 250  0.037
 249  0.041
 248  0.036
 247  0.033
 246  0.030
 245  0.035
 244  0.039
 243  0.036
 242  0.035
 241  0.041
 240  0.040
 239  0.036
 238  0.041
 237  0.043
 236  0.045
 235  0.045
 234  0.041
 233  0.046
 232  0.046
 231  0.045
 230  0.043
 229  0.043
 228  0.046
 227  0.048
 226  0.051
 225  0.057
 224  0.059
 223  0.069
 222  0.069
 221  0.077
 220  0.084
 219  0.124
 218  0.227
 217  0.293
    70-0.812
-231.0109   7.6212
 170 101
 170  0.070
 169  0.073
 168  0.071
 167  0.073
 166  0.070
 165  0.067
 164  0.072
 163  0.073
 162  0.073
 161  0.070
 160  0.072
 159  0.077
 158  0.072
 157  0.072
 156  0.071
 155  0.067
 154  0.068
 153  0.072
 152  0.073
 151  0.071
 150  0.073
 149  0.074
 148  0.075
 147  0.079
 146  0.080
 145  0.078
 144  0.074
 143  0.078
 142  0.079
 141  0.078
 140  0.078
 139  0.078
 138  0.079
 137  0.079
 136  0.082
 135  0.077
 134  0.074
 133  0.074
 132  0.077
 131  0.079
 130  0.077
 129  0.077
 128  0.085
 127  0.084
 126  0.079
 125  0.078
 124  0.081
 123  0.083
 122  0.089
 121  0.091
 120  0.091
 119  0.089
 118  0.094
 117  0.099
 116  0.096
 115  0.098
 114  0.092
 113  0.086
 112  0.085
 111  0.090
 110  0.092
 109  0.090
 108  0.089
 107  0.089
 106  0.092
 105  0.091
 104  0.084
 103  0.081
 102  0.076
 101  0.095
 1450 MIN 13K RPM, 2ND TRY                      
