
    70-0.807
-232.2663   7.6237
 411 342
 411  0.110
 410  0.105
 409  0.110
 408  0.117
 407  0.124
 406  0.126
 405  0.134
 404  0.134
 403  0.133
 402  0.139
 401  0.137
 400  0.131
 399  0.136
 398  0.145
 397  0.146
 396  0.152
 395  0.149
 394  0.153
 393  0.160
 392  0.151
 391  0.153
 390  0.158
 389  0.164
 388  0.159
 387  0.153
 386  0.160
 385  0.151
 384  0.154
 383  0.159
 382  0.169
 381  0.166
 380  0.163
 379  0.173
 378  0.176
 377  0.175
 376  0.168
 375  0.172
 374  0.163
 373  0.176
 372  0.178
 371  0.172
 370  0.174
 369  0.174
 368  0.173
 367  0.184
 366  0.182
 365  0.190
 364  0.184
 363  0.180
 362  0.177
 361  0.176
 360  0.173
 359  0.178
 358  0.179
 357  0.173
 356  0.179
 355  0.179
 354  0.174
 353  0.182
 352  0.186
 351  0.192
 350  0.188
 349  0.190
 348  0.204
 347  0.186
 346  0.192
 345  0.188
 344  0.190
 343  0.204
 342  0.207
    72-0.807
-232.2663   7.6237
 288 217
 288  0.111
 287  0.108
 286  0.115
 285  0.114
 284  0.116
 283  0.112
 282  0.118
 281  0.130
 280  0.122
 279  0.113
 278  0.119
 277  0.126
 276  0.126
 275  0.131
 274  0.133
 273  0.127
 272  0.124
 271  0.122
 270  0.127
 269  0.124
 268  0.126
 267  0.130
 266  0.130
 265  0.134
 264  0.130
 263  0.135
 262  0.140
 261  0.136
 260  0.133
 259  0.130
 258  0.134
 257  0.134
 256  0.133
 255  0.132
 254  0.144
 253  0.146
 252  0.140
 251  0.141
 250  0.143
 249  0.145
 248  0.130
 247  0.136
 246  0.140
 245  0.133
 244  0.142
 243  0.139
 242  0.142
 241  0.146
 240  0.145
 239  0.138
 238  0.136
 237  0.136
 236  0.135
 235  0.133
 234  0.142
 233  0.144
 232  0.136
 231  0.136
 230  0.133
 229  0.132
 228  0.130
 227  0.134
 226  0.144
 225  0.146
 224  0.134
 223  0.133
 222  0.132
 221  0.132
 220  0.142
 219  0.146
 218  0.140
 217  0.153
    69-0.807
-232.2663   7.6237
 171 103
 171  0.253
 170  0.268
 169  0.271
 168  0.272
 167  0.284
 166  0.283
 165  0.283
 164  0.290
 163  0.283
 162  0.285
 161  0.278
 160  0.275
 159  0.283
 158  0.297
 157  0.298
 156  0.299
 155  0.300
 154  0.293
 153  0.286
 152  0.292
 151  0.301
 150  0.304
 149  0.305
 148  0.297
 147  0.292
 146  0.291
 145  0.303
 144  0.315
 143  0.312
 142  0.313
 141  0.297
 140  0.292
 139  0.299
 138  0.311
 137  0.304
 136  0.305
 135  0.308
 134  0.301
 133  0.307
 132  0.323
 131  0.314
 130  0.309
 129  0.304
 128  0.305
 127  0.302
 126  0.305
 125  0.311
 124  0.318
 123  0.315
 122  0.318
 121  0.331
 120  0.340
 119  0.337
 118  0.326
 117  0.315
 116  0.329
 115  0.318
 114  0.316
 113  0.319
 112  0.321
 111  0.317
 110  0.311
 109  0.320
 108  0.313
 107  0.301
 106  0.307
 105  0.300
 104  0.295
 103  0.293
    76-0.807
-232.2663   7.6237
 416 341
 416  0.125
 415  0.121
 414  0.121
 413  0.123
 412  0.124
 411  0.130
 410  0.127
 409  0.125
 408  0.130
 407  0.132
 406  0.131
 405  0.136
 404  0.139
 403  0.136
 402  0.130
 401  0.134
 400  0.130
 399  0.136
 398  0.140
 397  0.136
 396  0.138
 395  0.139
 394  0.137
 393  0.140
 392  0.143
 391  0.141
 390  0.141
 389  0.148
 388  0.139
 387  0.139
 386  0.149
 385  0.148
 384  0.146
 383  0.147
 382  0.145
 381  0.143
 380  0.150
 379  0.144
 378  0.146
 377  0.149
 376  0.150
 375  0.159
 374  0.153
 373  0.151
 372  0.152
 371  0.155
 370  0.153
 369  0.153
 368  0.151
 367  0.146
 366  0.147
 365  0.141
 364  0.151
 363  0.154
 362  0.145
 361  0.152
 360  0.157
 359  0.153
 358  0.148
 357  0.152
 356  0.147
 355  0.153
 354  0.152
 353  0.155
 352  0.152
 351  0.152
 350  0.143
 349  0.152
 348  0.150
 347  0.149
 346  0.141
 345  0.138
 344  0.141
 343  0.145
 342  0.145
 341  0.162
    76-0.807
-232.2663   7.6237
 293 218
 293  0.286
 292  0.286
 291  0.286
 290  0.285
 289  0.288
 288  0.291
 287  0.294
 286  0.294
 285  0.296
 284  0.294
 283  0.295
 282  0.302
 281  0.290
 280  0.286
 279  0.296
 278  0.300
 277  0.302
 276  0.307
 275  0.299
 274  0.304
 273  0.304
 272  0.306
 271  0.305
 270  0.294
 269  0.289
 268  0.302
 267  0.301
 266  0.299
 265  0.295
 264  0.299
 263  0.294
 262  0.312
 261  0.305
 260  0.297
 259  0.297
 258  0.307
 257  0.319
 256  0.324
 255  0.319
 254  0.316
 253  0.306
 252  0.318
 251  0.308
 250  0.315
 249  0.313
 248  0.307
 247  0.306
 246  0.307
 245  0.302
 244  0.302
 243  0.309
 242  0.299
 241  0.301
 240  0.312
 239  0.318
 238  0.324
 237  0.304
 236  0.301
 235  0.313
 234  0.307
 233  0.310
 232  0.320
 231  0.310
 230  0.311
 229  0.301
 228  0.302
 227  0.306
 226  0.298
 225  0.296
 224  0.298
 223  0.294
 222  0.297
 221  0.297
 220  0.310
 219  0.307
 218  0.330
    74-0.807
-232.2663   7.6237
 175 102
 175  0.077
 174  0.072
 173  0.081
 172  0.092
 171  0.098
 170  0.096
 169  0.098
 168  0.109
 167  0.114
 166  0.116
 165  0.118
 164  0.133
 163  0.128
 162  0.129
 161  0.138
 160  0.141
 159  0.141
 158  0.143
 157  0.140
 156  0.139
 155  0.144
 154  0.144
 153  0.151
 152  0.151
 151  0.156
 150  0.157
 149  0.160
 148  0.165
 147  0.170
 146  0.164
 145  0.163
 144  0.168
 143  0.173
 142  0.164
 141  0.172
 140  0.169
 139  0.175
 138  0.177
 137  0.190
 136  0.186
 135  0.203
 134  0.195
 133  0.184
 132  0.192
 131  0.191
 130  0.200
 129  0.202
 128  0.197
 127  0.194
 126  0.192
 125  0.194
 124  0.196
 123  0.205
 122  0.208
 121  0.204
 120  0.207
 119  0.215
 118  0.215
 117  0.210
 116  0.201
 115  0.199
 114  0.200
 113  0.207
 112  0.206
 111  0.196
 110  0.200
 109  0.212
 108  0.216
 107  0.220
 106  0.213
 105  0.218
 104  0.205
 103  0.217
 102  0.213
    72-0.811
-232.2663   7.6280
 415 344
 415  0.054
 414  0.061
 413  0.064
 412  0.076
 411  0.084
 410  0.085
 409  0.086
 408  0.094
 407  0.101
 406  0.101
 405  0.106
 404  0.107
 403  0.105
 402  0.118
 401  0.126
 400  0.132
 399  0.132
 398  0.146
 397  0.128
 396  0.132
 395  0.136
 394  0.134
 393  0.142
 392  0.143
 391  0.152
 390  0.144
 389  0.147
 388  0.148
 387  0.147
 386  0.152
 385  0.152
 384  0.152
 383  0.157
 382  0.162
 381  0.166
 380  0.162
 379  0.161
 378  0.161
 377  0.158
 376  0.156
 375  0.161
 374  0.166
 373  0.174
 372  0.171
 371  0.161
 370  0.171
 369  0.176
 368  0.165
 367  0.164
 366  0.170
 365  0.179
 364  0.182
 363  0.167
 362  0.180
 361  0.187
 360  0.186
 359  0.182
 358  0.184
 357  0.195
 356  0.188
 355  0.186
 354  0.182
 353  0.194
 352  0.186
 351  0.188
 350  0.189
 349  0.188
 348  0.188
 347  0.191
 346  0.183
 345  0.198
 344  0.207
    70-0.811
-232.2663   7.6280
 292 223
 292  0.068
 291  0.075
 290  0.083
 289  0.096
 288  0.104
 287  0.107
 286  0.116
 285  0.126
 284  0.132
 283  0.131
 282  0.139
 281  0.153
 280  0.154
 279  0.147
 278  0.150
 277  0.161
 276  0.164
 275  0.167
 274  0.178
 273  0.170
 272  0.174
 271  0.171
 270  0.179
 269  0.181
 268  0.189
 267  0.190
 266  0.198
 265  0.194
 264  0.188
 263  0.192
 262  0.201
 261  0.196
 260  0.194
 259  0.195
 258  0.203
 257  0.212
 256  0.206
 255  0.205
 254  0.203
 253  0.221
 252  0.214
 251  0.208
 250  0.210
 249  0.215
 248  0.218
 247  0.229
 246  0.226
 245  0.220
 244  0.216
 243  0.222
 242  0.227
 241  0.219
 240  0.222
 239  0.227
 238  0.224
 237  0.217
 236  0.211
 235  0.218
 234  0.225
 233  0.222
 232  0.234
 231  0.233
 230  0.229
 229  0.223
 228  0.230
 227  0.222
 226  0.222
 225  0.218
 224  0.226
 223  0.241
    76-0.811
-232.2663   7.6280
 179 104
 179  0.007
 178  0.011
 177  0.015
 176  0.023
 175  0.046
 174  0.074
 173  0.075
 172  0.059
 171  0.057
 170  0.059
 169  0.066
 168  0.071
 167  0.077
 166  0.089
 165  0.086
 164  0.093
 163  0.105
 162  0.106
 161  0.109
 160  0.120
 159  0.132
 158  0.126
 157  0.132
 156  0.128
 155  0.132
 154  0.129
 153  0.124
 152  0.132
 151  0.134
 150  0.138
 149  0.147
 148  0.149
 147  0.148
 146  0.148
 145  0.150
 144  0.147
 143  0.150
 142  0.164
 141  0.150
 140  0.153
 139  0.153
 138  0.154
 137  0.151
 136  0.159
 135  0.155
 134  0.158
 133  0.165
 132  0.166
 131  0.162
 130  0.162
 129  0.163
 128  0.167
 127  0.169
 126  0.173
 125  0.172
 124  0.164
 123  0.165
 122  0.172
 121  0.173
 120  0.179
 119  0.184
 118  0.176
 117  0.173
 116  0.172
 115  0.172
 114  0.174
 113  0.176
 112  0.183
 111  0.180
 110  0.176
 109  0.181
 108  0.178
 107  0.186
 106  0.188
 105  0.188
 104  0.192
    71-0.810
-231.6386   7.6289
 412 342
 412  0.086
 411  0.091
 410  0.096
 409  0.109
 408  0.118
 407  0.131
 406  0.136
 405  0.138
 404  0.143
 403  0.152
 402  0.159
 401  0.163
 400  0.175
 399  0.178
 398  0.182
 397  0.181
 396  0.184
 395  0.184
 394  0.183
 393  0.195
 392  0.204
 391  0.195
 390  0.204
 389  0.209
 388  0.212
 387  0.210
 386  0.219
 385  0.212
 384  0.213
 383  0.220
 382  0.219
 381  0.216
 380  0.212
 379  0.221
 378  0.228
 377  0.225
 376  0.222
 375  0.236
 374  0.233
 373  0.232
 372  0.225
 371  0.232
 370  0.232
 369  0.234
 368  0.238
 367  0.238
 366  0.237
 365  0.230
 364  0.234
 363  0.242
 362  0.241
 361  0.243
 360  0.244
 359  0.250
 358  0.248
 357  0.246
 356  0.235
 355  0.238
 354  0.245
 353  0.242
 352  0.233
 351  0.230
 350  0.243
 349  0.248
 348  0.241
 347  0.238
 346  0.242
 345  0.247
 344  0.248
 343  0.247
 342  0.265
    71-0.810
-231.6386   7.6289
 290 220
 290  0.078
 289  0.075
 288  0.075
 287  0.080
 286  0.091
 285  0.104
 284  0.104
 283  0.109
 282  0.113
 281  0.124
 280  0.120
 279  0.126
 278  0.133
 277  0.128
 276  0.135
 275  0.143
 274  0.148
 273  0.147
 272  0.139
 271  0.151
 270  0.150
 269  0.147
 268  0.133
 267  0.137
 266  0.150
 265  0.163
 264  0.169
 263  0.164
 262  0.171
 261  0.169
 260  0.167
 259  0.158
 258  0.168
 257  0.181
 256  0.174
 255  0.168
 254  0.170
 253  0.174
 252  0.171
 251  0.185
 250  0.190
 249  0.187
 248  0.185
 247  0.185
 246  0.186
 245  0.181
 244  0.182
 243  0.182
 242  0.185
 241  0.186
 240  0.191
 239  0.186
 238  0.178
 237  0.181
 236  0.180
 235  0.183
 234  0.183
 233  0.183
 232  0.189
 231  0.188
 230  0.192
 229  0.193
 228  0.197
 227  0.191
 226  0.185
 225  0.191
 224  0.196
 223  0.201
 222  0.196
 221  0.198
 220  0.210
    67-0.810
-231.6386   7.6289
 168 102
 168  0.110
 167  0.112
 166  0.115
 165  0.115
 164  0.104
 163  0.104
 162  0.110
 161  0.114
 160  0.115
 159  0.125
 158  0.125
 157  0.122
 156  0.130
 155  0.136
 154  0.129
 153  0.133
 152  0.140
 151  0.138
 150  0.128
 149  0.128
 148  0.140
 147  0.140
 146  0.138
 145  0.137
 144  0.145
 143  0.156
 142  0.152
 141  0.158
 140  0.160
 139  0.161
 138  0.155
 137  0.154
 136  0.153
 135  0.155
 134  0.160
 133  0.158
 132  0.163
 131  0.164
 130  0.157
 129  0.156
 128  0.161
 127  0.166
 126  0.167
 125  0.164
 124  0.174
 123  0.176
 122  0.184
 121  0.177
 120  0.170
 119  0.172
 118  0.176
 117  0.183
 116  0.177
 115  0.177
 114  0.173
 113  0.177
 112  0.175
 111  0.183
 110  0.175
 109  0.183
 108  0.175
 107  0.171
 106  0.167
 105  0.174
 104  0.161
 103  0.166
 102  0.170
    72-0.810
-232.2663   7.6237
 414 343
 414  0.313
 413  0.311
 412  0.314
 411  0.309
 410  0.311
 409  0.315
 408  0.324
 407  0.315
 406  0.315
 405  0.322
 404  0.315
 403  0.322
 402  0.328
 401  0.333
 400  0.324
 399  0.325
 398  0.341
 397  0.320
 396  0.321
 395  0.324
 394  0.334
 393  0.328
 392  0.331
 391  0.341
 390  0.330
 389  0.326
 388  0.329
 387  0.336
 386  0.333
 385  0.339
 384  0.348
 383  0.335
 382  0.332
 381  0.323
 380  0.323
 379  0.320
 378  0.317
 377  0.325
 376  0.333
 375  0.335
 374  0.329
 373  0.326
 372  0.325
 371  0.317
 370  0.318
 369  0.325
 368  0.326
 367  0.328
 366  0.314
 365  0.315
 364  0.305
 363  0.313
 362  0.321
 361  0.330
 360  0.323
 359  0.325
 358  0.319
 357  0.325
 356  0.313
 355  0.314
 354  0.321
 353  0.324
 352  0.326
 351  0.326
 350  0.321
 349  0.308
 348  0.297
 347  0.303
 346  0.307
 345  0.314
 344  0.322
 343  0.340
    71-0.810
-232.2663   7.6237
 291 221
 291  0.064
 290  0.073
 289  0.082
 288  0.089
 287  0.084
 286  0.094
 285  0.105
 284  0.109
 283  0.111
 282  0.120
 281  0.127
 280  0.120
 279  0.122
 278  0.128
 277  0.135
 276  0.136
 275  0.135
 274  0.142
 273  0.155
 272  0.148
 271  0.150
 270  0.160
 269  0.159
 268  0.153
 267  0.158
 266  0.163
 265  0.168
 264  0.169
 263  0.184
 262  0.178
 261  0.187
 260  0.180
 259  0.182
 258  0.188
 257  0.195
 256  0.195
 255  0.197
 254  0.188
 253  0.182
 252  0.197
 251  0.204
 250  0.200
 249  0.198
 248  0.196
 247  0.199
 246  0.210
 245  0.211
 244  0.202
 243  0.201
 242  0.205
 241  0.203
 240  0.207
 239  0.201
 238  0.205
 237  0.210
 236  0.209
 235  0.200
 234  0.213
 233  0.219
 232  0.210
 231  0.225
 230  0.222
 229  0.220
 228  0.213
 227  0.211
 226  0.218
 225  0.222
 224  0.231
 223  0.229
 222  0.237
 221  0.269
    73-0.810
-232.2663   7.6237
 178 106
 178  0.044
 177  0.056
 176  0.078
 175  0.078
 174  0.076
 173  0.089
 172  0.107
 171  0.114
 170  0.123
 169  0.114
 168  0.114
 167  0.125
 166  0.122
 165  0.122
 164  0.126
 163  0.125
 162  0.130
 161  0.124
 160  0.131
 159  0.143
 158  0.137
 157  0.136
 156  0.140
 155  0.141
 154  0.138
 153  0.148
 152  0.151
 151  0.158
 150  0.163
 149  0.156
 148  0.159
 147  0.144
 146  0.151
 145  0.158
 144  0.145
 143  0.155
 142  0.156
 141  0.157
 140  0.162
 139  0.163
 138  0.167
 137  0.165
 136  0.165
 135  0.168
 134  0.168
 133  0.175
 132  0.176
 131  0.170
 130  0.178
 129  0.180
 128  0.185
 127  0.176
 126  0.174
 125  0.177
 124  0.184
 123  0.186
 122  0.187
 121  0.184
 120  0.185
 119  0.188
 118  0.189
 117  0.196
 116  0.199
 115  0.188
 114  0.193
 113  0.194
 112  0.191
 111  0.187
 110  0.186
 109  0.191
 108  0.194
 107  0.201
 106  0.193
 0 TIME 12K RPM, 285 NM                         
