
    71-0.814
-231.0109   7.6298
 409 339
 409  0.019
 408  0.012
 407  0.012
 406  0.013
 405  0.013
 404  0.014
 403  0.015
 402  0.017
 401  0.016
 400  0.013
 399  0.011
 398  0.013
 397  0.014
 396  0.012
 395  0.010
 394  0.012
 393  0.017
 392  0.018
 391  0.014
 390  0.012
 389  0.010
 388  0.010
 387  0.010
 386  0.010
 385  0.010
 384  0.011
 383  0.011
 382  0.008
 381  0.005
 380  0.005
 379  0.009
 378  0.009
 377  0.010
 376  0.008
 375  0.007
 374  0.010
 373  0.010
 372  0.009
 371  0.008
 370  0.010
 369  0.010
 368  0.008
 367  0.007
 366  0.008
 365  0.012
 364  0.012
 363  0.011
 362  0.014
 361  0.013
 360  0.013
 359  0.012
 358  0.009
 357  0.009
 356  0.012
 355  0.013
 354  0.010
 353  0.008
 352  0.012
 351  0.007
 350  0.007
 349  0.006
 348  0.008
 347  0.008
 346  0.007
 345  0.008
 344  0.008
 343  0.007
 342  0.007
 341  0.005
 340  0.010
 339  0.033
    72-0.814
-231.0109   7.6298
 287 216
 287  0.005
 286  0.003
 285  0.003
 284  0.007
 283  0.006
 282  0.004
 281  0.004
 280  0.008
 279  0.006
 278  0.005
 277  0.006
 276  0.008
 275  0.009
 274  0.006
 273  0.005
 272  0.006
 271  0.006
 270  0.007
 269  0.006
 268  0.004
 267  0.006
 266  0.008
 265  0.007
 264  0.007
 263  0.003
 262  0.006
 261  0.008
 260  0.005
 259  0.005
 258  0.007
 257  0.010
 256  0.012
 255  0.009
 254  0.008
 253  0.010
 252  0.012
 251  0.010
 250  0.009
 249  0.011
 248  0.013
 247  0.015
 246  0.013
 245  0.014
 244  0.016
 243  0.015
 242  0.013
 241  0.013
 240  0.013
 239  0.012
 238  0.013
 237  0.012
 236  0.014
 235  0.010
 234  0.008
 233  0.011
 232  0.012
 231  0.007
 230  0.008
 229  0.012
 228  0.008
 227  0.004
 226  0.006
 225  0.012
 224  0.011
 223  0.005
 222 -0.001
 221 -0.002
 220  0.000
 219  0.001
 218 -0.001
 217  0.003
 216  0.011
    70-0.814
-231.0109   7.6298
 170 101
 170 -0.006
 169  0.003
 168  0.009
 167  0.008
 166  0.008
 165  0.009
 164  0.009
 163  0.008
 162  0.010
 161  0.008
 160  0.008
 159  0.008
 158  0.009
 157  0.009
 156  0.009
 155  0.007
 154  0.009
 153  0.009
 152  0.010
 151  0.009
 150  0.009
 149  0.011
 148  0.011
 147  0.009
 146  0.009
 145  0.012
 144  0.012
 143  0.010
 142  0.008
 141  0.011
 140  0.009
 139  0.010
 138  0.010
 137  0.012
 136  0.012
 135  0.008
 134  0.010
 133  0.011
 132  0.012
 131  0.012
 130  0.013
 129  0.015
 128  0.016
 127  0.019
 126  0.020
 125  0.023
 124  0.022
 123  0.023
 122  0.027
 121  0.034
 120  0.036
 119  0.036
 118  0.037
 117  0.033
 116  0.030
 115  0.030
 114  0.030
 113  0.032
 112  0.034
 111  0.033
 110  0.033
 109  0.032
 108  0.026
 107  0.026
 106  0.029
 105  0.025
 104  0.023
 103  0.021
 102  0.018
 101  0.005
    76-0.814
-231.0109   7.6298
 414 339
 414  0.018
 413  0.011
 412  0.013
 411  0.016
 410  0.015
 409  0.014
 408  0.014
 407  0.014
 406  0.013
 405  0.012
 404  0.010
 403  0.010
 402  0.012
 401  0.012
 400  0.011
 399  0.010
 398  0.009
 397  0.011
 396  0.014
 395  0.012
 394  0.011
 393  0.012
 392  0.012
 391  0.008
 390  0.008
 389  0.008
 388  0.010
 387  0.012
 386  0.010
 385  0.009
 384  0.009
 383  0.011
 382  0.010
 381  0.011
 380  0.012
 379  0.014
 378  0.015
 377  0.013
 376  0.015
 375  0.018
 374  0.019
 373  0.018
 372  0.019
 371  0.023
 370  0.019
 369  0.017
 368  0.016
 367  0.017
 366  0.017
 365  0.017
 364  0.018
 363  0.016
 362  0.017
 361  0.015
 360  0.014
 359  0.015
 358  0.013
 357  0.017
 356  0.016
 355  0.015
 354  0.014
 353  0.015
 352  0.013
 351  0.009
 350  0.006
 349  0.008
 348  0.009
 347  0.008
 346  0.008
 345  0.010
 344  0.007
 343  0.007
 342  0.008
 341  0.007
 340  0.011
 339  0.030
    77-0.814
-231.0109   7.6298
 293 217
 293  0.010
 292  0.005
 291  0.003
 290  0.005
 289  0.010
 288  0.009
 287  0.007
 286  0.008
 285  0.010
 284  0.008
 283  0.007
 282  0.007
 281  0.008
 280  0.007
 279  0.007
 278  0.010
 277  0.007
 276  0.008
 275  0.009
 274  0.008
 273  0.008
 272  0.008
 271  0.006
 270  0.007
 269  0.010
 268  0.009
 267  0.007
 266  0.010
 265  0.008
 264  0.009
 263  0.011
 262  0.010
 261  0.009
 260  0.009
 259  0.008
 258  0.008
 257  0.013
 256  0.011
 255  0.013
 254  0.015
 253  0.013
 252  0.015
 251  0.016
 250  0.017
 249  0.013
 248  0.007
 247  0.005
 246  0.005
 245  0.005
 244  0.005
 243  0.005
 242  0.006
 241  0.007
 240  0.004
 239  0.003
 238  0.002
 237  0.007
 236  0.003
 235 -0.000
 234  0.005
 233  0.012
 232  0.011
 231  0.008
 230  0.005
 229  0.006
 228  0.010
 227  0.009
 226  0.010
 225  0.008
 224  0.004
 223  0.005
 222  0.006
 221  0.008
 220  0.007
 219  0.007
 218  0.011
 217  0.037
    77-0.814
-231.0109   7.6298
 175  99
 175  0.006
 174  0.002
 173  0.001
 172  0.001
 171  0.002
 170  0.003
 169  0.004
 168  0.004
 167  0.002
 166  0.005
 165  0.003
 164  0.002
 163  0.002
 162  0.004
 161  0.001
 160  0.000
 159  0.001
 158  0.000
 157  0.002
 156  0.002
 155  0.001
 154  0.001
 153  0.002
 152  0.002
 151  0.001
 150  0.001
 149  0.001
 148  0.001
 147  0.000
 146  0.001
 145 -0.001
 144 -0.001
 143 -0.000
 142 -0.002
 141 -0.002
 140  0.001
 139  0.002
 138  0.002
 137  0.003
 136  0.006
 135  0.004
 134  0.001
 133 -0.004
 132  0.000
 131  0.001
 130 -0.000
 129 -0.002
 128 -0.002
 127 -0.004
 126 -0.008
 125 -0.005
 124 -0.002
 123 -0.002
 122 -0.003
 121 -0.003
 120 -0.004
 119 -0.002
 118 -0.003
 117 -0.006
 116 -0.006
 115 -0.005
 114 -0.003
 113  0.000
 112 -0.002
 111 -0.002
 110 -0.000
 109 -0.001
 108 -0.003
 107 -0.002
 106  0.002
 105  0.003
 104 -0.001
 103  0.002
 102  0.004
 101 -0.004
 100 -0.002
  99 -0.006
    72-0.814
-231.0109   7.6298
 413 342
 413  0.013
 412  0.008
 411  0.012
 410  0.012
 409  0.013
 408  0.008
 407  0.007
 406  0.008
 405  0.010
 404  0.009
 403  0.008
 402  0.005
 401  0.004
 400  0.003
 399  0.004
 398  0.007
 397  0.003
 396  0.004
 395  0.004
 394  0.005
 393  0.002
 392  0.004
 391  0.005
 390  0.002
 389  0.002
 388  0.004
 387  0.005
 386  0.007
 385  0.006
 384  0.005
 383  0.006
 382  0.008
 381  0.009
 380  0.007
 379  0.007
 378  0.008
 377  0.008
 376  0.008
 375  0.009
 374  0.011
 373  0.014
 372  0.013
 371  0.011
 370  0.011
 369  0.011
 368  0.010
 367  0.009
 366  0.008
 365  0.004
 364  0.006
 363  0.006
 362  0.008
 361  0.007
 360  0.009
 359  0.009
 358  0.010
 357  0.011
 356  0.011
 355  0.010
 354  0.008
 353  0.010
 352  0.010
 351  0.015
 350  0.012
 349  0.010
 348  0.008
 347  0.009
 346  0.008
 345  0.005
 344  0.007
 343  0.015
 342  0.032
    71-0.814
-231.0109   7.6298
 291 221
 291 -0.000
 290  0.003
 289  0.003
 288  0.005
 287  0.004
 286  0.006
 285  0.002
 284  0.001
 283  0.006
 282  0.003
 281  0.001
 280  0.005
 279  0.003
 278  0.002
 277  0.002
 276  0.005
 275  0.006
 274  0.006
 273  0.004
 272  0.003
 271  0.003
 270  0.006
 269  0.006
 268  0.007
 267  0.008
 266  0.012
 265  0.012
 264  0.010
 263  0.007
 262  0.009
 261  0.009
 260  0.008
 259  0.005
 258  0.009
 257  0.011
 256  0.013
 255  0.009
 254  0.012
 253  0.014
 252  0.014
 251  0.012
 250  0.011
 249  0.015
 248  0.017
 247  0.016
 246  0.019
 245  0.017
 244  0.013
 243  0.011
 242  0.013
 241  0.015
 240  0.014
 239  0.013
 238  0.016
 237  0.016
 236  0.014
 235  0.012
 234  0.011
 233  0.009
 232  0.005
 231  0.006
 230  0.008
 229  0.009
 228  0.006
 227  0.004
 226  0.005
 225  0.006
 224  0.007
 223  0.008
 222  0.014
 221  0.034
    69-0.814
-231.0109   7.6298
 171 103
 171  0.004
 170  0.005
 169  0.000
 168  0.001
 167  0.002
 166  0.001
 165  0.002
 164  0.001
 163  0.003
 162 -0.000
 161  0.000
 160  0.001
 159  0.004
 158  0.003
 157  0.002
 156  0.003
 155  0.002
 154  0.001
 153 -0.001
 152  0.000
 151 -0.000
 150  0.001
 149  0.002
 148  0.002
 147  0.002
 146  0.001
 145 -0.002
 144 -0.001
 143 -0.001
 142 -0.001
 141 -0.001
 140 -0.001
 139 -0.000
 138 -0.002
 137 -0.002
 136 -0.002
 135 -0.001
 134 -0.001
 133 -0.002
 132  0.001
 131  0.002
 130  0.000
 129 -0.000
 128 -0.004
 127 -0.003
 126  0.003
 125  0.005
 124  0.006
 123  0.007
 122  0.007
 121  0.008
 120  0.010
 119  0.010
 118  0.007
 117  0.005
 116  0.005
 115  0.008
 114  0.009
 113  0.008
 112  0.006
 111  0.006
 110  0.008
 109  0.008
 108  0.009
 107  0.011
 106  0.012
 105  0.015
 104  0.020
 103  0.032
    71-0.815
-231.0109   7.6298
 410 340
 410  0.009
 409  0.011
 408  0.010
 407  0.012
 406  0.015
 405  0.013
 404  0.011
 403  0.009
 402  0.010
 401  0.010
 400  0.014
 399  0.016
 398  0.015
 397  0.014
 396  0.007
 395  0.008
 394  0.010
 393  0.007
 392  0.008
 391  0.009
 390  0.012
 389  0.011
 388  0.010
 387  0.009
 386  0.008
 385  0.009
 384  0.010
 383  0.009
 382  0.010
 381  0.011
 380  0.009
 379  0.007
 378  0.009
 377  0.008
 376  0.008
 375  0.007
 374  0.007
 373  0.010
 372  0.010
 371  0.010
 370  0.009
 369  0.009
 368  0.011
 367  0.011
 366  0.011
 365  0.013
 364  0.012
 363  0.012
 362  0.012
 361  0.010
 360  0.011
 359  0.013
 358  0.013
 357  0.013
 356  0.012
 355  0.012
 354  0.012
 353  0.012
 352  0.010
 351  0.012
 350  0.013
 349  0.012
 348  0.009
 347  0.008
 346  0.010
 345  0.008
 344  0.009
 343  0.006
 342  0.004
 341  0.002
 340  0.008
    72-0.815
-231.0109   7.6298
 289 218
 289  0.014
 288  0.006
 287  0.005
 286  0.003
 285  0.002
 284  0.004
 283  0.006
 282  0.008
 281  0.004
 280  0.003
 279  0.002
 278  0.003
 277 -0.001
 276 -0.003
 275 -0.003
 274 -0.001
 273  0.002
 272  0.005
 271  0.003
 270  0.000
 269 -0.002
 268  0.001
 267 -0.001
 266 -0.002
 265 -0.004
 264  0.001
 263  0.001
 262  0.004
 261  0.003
 260  0.005
 259  0.002
 258  0.002
 257  0.002
 256  0.006
 255  0.005
 254  0.005
 253  0.007
 252  0.004
 251  0.004
 250  0.005
 249  0.008
 248  0.008
 247  0.009
 246  0.009
 245  0.011
 244  0.011
 243  0.011
 242  0.006
 241  0.008
 240  0.011
 239  0.008
 238  0.003
 237  0.006
 236  0.003
 235  0.008
 234  0.009
 233  0.007
 232  0.007
 231  0.009
 230  0.009
 229  0.006
 228  0.006
 227  0.009
 226  0.007
 225  0.006
 224  0.011
 223  0.013
 222  0.010
 221  0.007
 220  0.009
 219  0.008
 218  0.025
    68-0.815
-231.0109   7.6298
 168 101
 168  0.007
 167  0.004
 166  0.007
 165  0.006
 164  0.002
 163  0.004
 162  0.003
 161  0.008
 160  0.008
 159  0.007
 158  0.002
 157  0.002
 156  0.005
 155  0.007
 154  0.005
 153  0.001
 152  0.003
 151  0.004
 150  0.003
 149  0.003
 148  0.005
 147  0.006
 146  0.005
 145  0.000
 144  0.002
 143  0.002
 142  0.004
 141  0.007
 140  0.005
 139  0.007
 138  0.011
 137  0.010
 136  0.010
 135  0.009
 134  0.009
 133  0.007
 132  0.008
 131  0.007
 130  0.010
 129  0.007
 128  0.005
 127  0.005
 126  0.008
 125  0.009
 124  0.009
 123  0.008
 122  0.008
 121  0.010
 120  0.010
 119  0.010
 118  0.011
 117  0.016
 116  0.016
 115  0.013
 114  0.011
 113  0.010
 112  0.010
 111  0.009
 110  0.008
 109  0.008
 108  0.009
 107  0.007
 106  0.012
 105  0.011
 104  0.007
 103  0.011
 102  0.017
 101  0.029
    73-0.815
-231.0109   7.6298
 413 341
 413  0.011
 412  0.007
 411  0.008
 410  0.007
 409  0.005
 408  0.006
 407  0.007
 406  0.008
 405  0.007
 404  0.006
 403  0.003
 402  0.004
 401  0.002
 400  0.003
 399  0.001
 398  0.003
 397  0.004
 396  0.003
 395  0.002
 394  0.004
 393  0.001
 392  0.002
 391 -0.000
 390 -0.001
 389  0.000
 388 -0.000
 387 -0.000
 386 -0.002
 385  0.000
 384 -0.003
 383 -0.001
 382 -0.001
 381 -0.005
 380 -0.004
 379 -0.002
 378 -0.004
 377 -0.005
 376 -0.005
 375 -0.003
 374 -0.004
 373 -0.006
 372 -0.007
 371 -0.008
 370 -0.005
 369 -0.009
 368 -0.007
 367 -0.010
 366 -0.011
 365 -0.010
 364 -0.010
 363 -0.009
 362 -0.010
 361 -0.010
 360 -0.009
 359 -0.009
 358 -0.012
 357 -0.012
 356 -0.009
 355 -0.012
 354 -0.013
 353 -0.010
 352 -0.010
 351 -0.011
 350 -0.010
 349 -0.012
 348 -0.010
 347 -0.011
 346 -0.012
 345 -0.010
 344 -0.011
 343 -0.010
 342 -0.008
 341  0.008
    71-0.815
-231.0109   7.6298
 290 220
 290 -0.021
 289 -0.019
 288 -0.016
 287 -0.014
 286 -0.016
 285 -0.019
 284 -0.018
 283 -0.020
 282 -0.020
 281 -0.018
 280 -0.017
 279 -0.018
 278 -0.022
 277 -0.021
 276 -0.019
 275 -0.021
 274 -0.022
 273 -0.023
 272 -0.018
 271 -0.018
 270 -0.020
 269 -0.019
 268 -0.019
 267 -0.022
 266 -0.021
 265 -0.021
 264 -0.023
 263 -0.020
 262 -0.018
 261 -0.017
 260 -0.019
 259 -0.017
 258 -0.013
 257 -0.014
 256 -0.016
 255 -0.013
 254 -0.013
 253 -0.016
 252 -0.015
 251 -0.014
 250 -0.013
 249 -0.015
 248 -0.016
 247 -0.017
 246 -0.017
 245 -0.013
 244 -0.012
 243 -0.016
 242 -0.017
 241 -0.016
 240 -0.015
 239 -0.014
 238 -0.017
 237 -0.018
 236 -0.015
 235 -0.018
 234 -0.019
 233 -0.016
 232 -0.017
 231 -0.016
 230 -0.016
 229 -0.015
 228 -0.016
 227 -0.018
 226 -0.014
 225 -0.013
 224 -0.012
 223 -0.015
 222 -0.018
 221 -0.017
 220 -0.006
    69-0.815
-231.0109   7.6298
 171 103
 171 -0.033
 170 -0.030
 169 -0.029
 168 -0.029
 167 -0.026
 166 -0.028
 165 -0.028
 164 -0.029
 163 -0.030
 162 -0.031
 161 -0.030
 160 -0.028
 159 -0.028
 158 -0.029
 157 -0.027
 156 -0.030
 155 -0.030
 154 -0.029
 153 -0.029
 152 -0.029
 151 -0.026
 150 -0.024
 149 -0.027
 148 -0.025
 147 -0.026
 146 -0.028
 145 -0.025
 144 -0.027
 143 -0.029
 142 -0.027
 141 -0.027
 140 -0.026
 139 -0.026
 138 -0.025
 137 -0.028
 136 -0.026
 135 -0.026
 134 -0.026
 133 -0.023
 132 -0.023
 131 -0.022
 130 -0.022
 129 -0.022
 128 -0.020
 127 -0.019
 126 -0.019
 125 -0.018
 124 -0.018
 123 -0.019
 122 -0.018
 121 -0.021
 120 -0.017
 119 -0.016
 118 -0.014
 117 -0.010
 116 -0.005
 115 -0.012
 114 -0.016
 113 -0.014
 112 -0.014
 111 -0.017
 110 -0.019
 109 -0.017
 108 -0.019
 107 -0.023
 106 -0.028
 105 -0.026
 104 -0.022
 103 -0.018
 440 NM BASELINE, 1700 MIN , BASE FOR S2 SCAN   
