
  69
  5.8417 30.70
  5.8460 30.60
  5.8503 31.10
  5.8546 31.50
  5.8589 32.00
  5.8632 31.90
  5.8676 32.40
  5.8719 32.00
  5.8762 32.70
  5.8805 33.20
  5.8848 32.90
  5.8891 33.10
  5.8935 35.40
  5.8978 36.10
  5.9021 36.90
  5.9064 35.50
  5.9107 35.10
  5.9150 36.70
  5.9194 37.90
  5.9237 38.80
  5.9280 39.00
  5.9323 40.20
  5.9366 40.90
  5.9409 41.50
  5.9453 42.10
  5.9496 42.20
  5.9539 43.70
  5.9582 43.50
  5.9625 43.40
  5.9668 44.40
  5.9712 44.40
  5.9755 46.30
  5.9798 46.40
  5.9841 45.00
  5.9884 46.40
  5.9927 47.20
  5.9971 48.60
  6.0014 50.00
  6.0057 50.80
  6.0100 53.00
  6.0143 54.90
  6.0187 58.50
  6.0230 58.50
  6.0273 58.90
  6.0316 59.00
  6.0359 60.60
  6.0402 63.20
  6.0446 65.20
  6.0489 65.60
  6.0532 67.50
  6.0575 69.00
  6.0618 71.70
  6.0661 70.10
  6.0705 71.10
  6.0748 77.70
  6.0791 80.90
  6.0834 80.00
  6.0877 84.70
  6.0920 85.20
  6.0964 87.90
  6.1007 92.40
  6.1050 96.20
  6.1093 99.30
  6.1136101.00
  6.1179104.40
  6.1223112.20
  6.1266110.80
  6.1309118.10
  6.1352121.00
  67
  6.3770 27.30
  6.3813 28.00
  6.3856 27.80
  6.3899 28.30
  6.3942 28.70
  6.3986 28.70
  6.4029 29.10
  6.4072 29.40
  6.4115 30.00
  6.4158 30.30
  6.4201 30.10
  6.4245 30.60
  6.4288 30.70
  6.4331 31.30
  6.4374 32.10
  6.4417 32.60
  6.4460 32.30
  6.4504 32.90
  6.4547 33.30
  6.4590 32.60
  6.4633 32.80
  6.4676 32.90
  6.4719 34.10
  6.4763 34.90
  6.4806 34.90
  6.4849 34.40
  6.4892 36.00
  6.4935 36.80
  6.4978 36.90
  6.5022 36.70
  6.5065 37.60
  6.5108 37.10
  6.5151 37.30
  6.5194 37.80
  6.5237 38.90
  6.5281 39.80
  6.5324 39.50
  6.5367 41.19
  6.5410 42.10
  6.5453 42.30
  6.5497 42.60
  6.5540 43.20
  6.5583 44.10
  6.5626 43.30
  6.5669 44.90
  6.5712 44.40
  6.5756 45.90
  6.5799 47.10
  6.5842 46.30
  6.5885 48.40
  6.5928 49.00
  6.5971 49.70
  6.6015 52.40
  6.6058 54.20
  6.6101 52.20
  6.6144 54.60
  6.6187 57.30
  6.6230 57.60
  6.6274 57.40
  6.6317 59.20
  6.6360 62.51
  6.6403 61.10
  6.6446 64.40
  6.6489 68.50
  6.6533 67.00
  6.6576 66.70
  6.6619 70.70
  63
  6.9166 17.60
  6.9209 17.70
  6.9252 18.10
  6.9296 18.40
  6.9339 18.60
  6.9382 18.80
  6.9425 19.00
  6.9468 18.70
  6.9511 18.70
  6.9555 19.20
  6.9598 19.60
  6.9641 19.90
  6.9684 19.50
  6.9727 20.20
  6.9770 20.80
  6.9814 21.00
  6.9857 21.30
  6.9900 20.90
  6.9943 21.80
  6.9986 22.30
  7.0029 22.30
  7.0073 22.30
  7.0116 22.50
  7.0159 23.50
  7.0202 23.30
  7.0245 23.80
  7.0288 25.00
  7.0332 24.70
  7.0375 25.70
  7.0418 26.60
  7.0461 26.90
  7.0504 27.50
  7.0547 27.30
  7.0591 27.70
  7.0634 28.50
  7.0677 28.90
  7.0720 29.30
  7.0763 30.10
  7.0806 31.30
  7.0850 31.60
  7.0893 31.50
  7.0936 31.80
  7.0979 33.80
  7.1022 34.20
  7.1066 35.70
  7.1109 36.70
  7.1152 37.80
  7.1195 38.00
  7.1238 39.60
  7.1281 39.50
  7.1325 41.50
  7.1368 43.80
  7.1411 44.30
  7.1454 44.60
  7.1497 47.50
  7.1540 51.20
  7.1584 52.80
  7.1627 54.20
  7.1670 58.60
  7.1713 62.50
  7.1756 65.00
  7.1799 69.50
  7.1843 77.60
  65
  5.8589 19.21
  5.8632 19.32
  5.8676 20.09
  5.8719 20.52
  5.8762 20.71
  5.8805 20.98
  5.8848 20.98
  5.8891 20.90
  5.8935 21.33
  5.8978 21.83
  5.9021 21.39
  5.9064 21.76
  5.9107 22.35
  5.9150 23.29
  5.9194 22.69
  5.9237 23.26
  5.9280 23.13
  5.9323 24.30
  5.9366 24.48
  5.9409 24.40
  5.9453 24.50
  5.9496 24.40
  5.9539 25.20
  5.9582 25.95
  5.9625 26.50
  5.9668 26.50
  5.9712 26.30
  5.9755 26.92
  5.9798 28.12
  5.9841 28.98
  5.9884 29.29
  5.9927 29.38
  5.9971 29.58
  6.0014 29.48
  6.0057 29.60
  6.0100 31.26
  6.0143 31.86
  6.0187 31.52
  6.0230 32.50
  6.0273 33.26
  6.0316 34.18
  6.0359 34.70
  6.0402 35.28
  6.0446 36.52
  6.0489 37.93
  6.0532 38.28
  6.0575 38.98
  6.0618 40.67
  6.0661 42.38
  6.0705 43.00
  6.0748 45.62
  6.0791 47.70
  6.0834 48.38
  6.0877 48.15
  6.0920 50.07
  6.0964 51.45
  6.1007 54.25
  6.1050 57.60
  6.1093 60.07
  6.1136 65.45
  6.1179 66.33
  6.1223 70.90
  6.1266 73.85
  6.1309 76.10
  6.1352 81.73
  65
  6.3770 29.31
  6.3813 29.74
  6.3856 30.11
  6.3899 29.56
  6.3942 30.44
  6.3986 31.20
  6.4029 32.06
  6.4072 32.44
  6.4115 33.25
  6.4158 32.65
  6.4201 33.35
  6.4245 33.55
  6.4288 34.81
  6.4331 34.49
  6.4374 35.36
  6.4417 36.05
  6.4460 35.90
  6.4504 36.25
  6.4547 37.45
  6.4590 36.90
  6.4633 38.65
  6.4676 40.10
  6.4719 40.55
  6.4763 41.25
  6.4806 41.50
  6.4849 42.50
  6.4892 43.15
  6.4935 43.95
  6.4978 44.60
  6.5022 45.15
  6.5065 45.25
  6.5108 46.60
  6.5151 47.95
  6.5194 48.60
  6.5237 51.20
  6.5281 52.00
  6.5324 54.25
  6.5367 54.50
  6.5410 54.05
  6.5453 56.35
  6.5497 58.49
  6.5540 60.51
  6.5583 60.95
  6.5626 63.89
  6.5669 63.85
  6.5712 62.64
  6.5756 63.66
  6.5799 67.98
  6.5842 67.73
  6.5885 70.33
  6.5928 74.79
  6.5971 75.50
  6.6015 80.30
  6.6058 80.00
  6.6101 81.86
  6.6144 91.14
  6.6187 91.61
  6.6230 90.66
  6.6274 97.63
  6.6317105.50
  6.6360108.94
  6.6403110.18
  6.6446113.88
  6.6489117.12
  6.6533122.84
  62
  6.9080 28.18
  6.9123 28.38
  6.9166 28.40
  6.9209 28.92
  6.9252 29.39
  6.9296 29.08
  6.9339 29.90
  6.9382 29.87
  6.9425 29.96
  6.9468 30.26
  6.9511 31.00
  6.9555 30.72
  6.9598 31.22
  6.9641 31.62
  6.9684 32.02
  6.9727 31.82
  6.9770 32.44
  6.9814 32.70
  6.9857 33.72
  6.9900 34.02
  6.9943 34.28
  6.9986 35.34
  7.0029 35.37
  7.0073 35.12
  7.0116 34.92
  7.0159 35.98
  7.0202 37.72
  7.0245 37.63
  7.0288 38.35
  7.0332 37.48
  7.0375 39.25
  7.0418 39.98
  7.0461 40.43
  7.0504 41.03
  7.0547 41.23
  7.0591 40.80
  7.0634 41.27
  7.0677 42.36
  7.0720 43.71
  7.0763 43.69
  7.0806 43.41
  7.0850 45.37
  7.0893 47.19
  7.0936 47.62
  7.0979 47.80
  7.1022 48.31
  7.1066 49.49
  7.1109 50.00
  7.1152 51.79
  7.1195 51.80
  7.1238 53.59
  7.1281 54.49
  7.1325 54.21
  7.1368 56.56
  7.1411 59.50
  7.1454 60.03
  7.1497 62.07
  7.1540 62.72
  7.1584 63.61
  7.1627 66.80
  7.1670 67.59
  7.1713 70.59
  74
  5.8330 28.00
  5.8373 28.30
  5.8417 28.70
  5.8460 28.51
  5.8503 27.79
  5.8546 28.84
  5.8589 28.90
  5.8632 29.22
  5.8676 29.20
  5.8719 29.90
  5.8762 29.93
  5.8805 30.81
  5.8848 31.06
  5.8891 31.50
  5.8935 31.30
  5.8978 31.74
  5.9021 31.46
  5.9064 31.87
  5.9107 32.40
  5.9150 32.39
  5.9194 32.44
  5.9237 32.91
  5.9280 33.80
  5.9323 34.76
  5.9366 34.38
  5.9409 34.60
  5.9453 34.73
  5.9496 34.82
  5.9539 35.90
  5.9582 36.90
  5.9625 35.95
  5.9668 35.93
  5.9712 36.88
  5.9755 36.88
  5.9798 37.00
  5.9841 37.10
  5.9884 37.32
  5.9927 38.36
  5.9971 38.98
  6.0014 41.38
  6.0057 42.28
  6.0100 41.98
  6.0143 41.18
  6.0187 42.62
  6.0230 42.90
  6.0273 42.40
  6.0316 43.58
  6.0359 44.70
  6.0402 45.88
  6.0446 46.80
  6.0489 45.60
  6.0532 46.08
  6.0575 47.20
  6.0618 47.95
  6.0661 48.43
  6.0705 48.50
  6.0748 51.58
  6.0791 53.15
  6.0834 53.53
  6.0877 54.60
  6.0920 54.48
  6.0964 57.13
  6.1007 57.50
  6.1050 57.85
  6.1093 60.50
  6.1136 62.43
  6.1179 64.05
  6.1223 64.20
  6.1266 65.65
  6.1309 65.90
  6.1352 67.20
  6.1395 69.18
  6.1438 69.96
  6.1482 71.11
  74
  6.3640 16.60
  6.3683 16.82
  6.3726 17.11
  6.3770 16.67
  6.3813 16.50
  6.3856 17.17
  6.3899 17.50
  6.3942 17.37
  6.3986 17.60
  6.4029 17.64
  6.4072 18.01
  6.4115 17.76
  6.4158 18.15
  6.4201 18.57
  6.4245 19.41
  6.4288 19.65
  6.4331 19.11
  6.4374 19.70
  6.4417 19.90
  6.4460 20.16
  6.4504 20.90
  6.4547 21.00
  6.4590 20.40
  6.4633 21.25
  6.4676 21.90
  6.4719 21.75
  6.4763 21.95
  6.4806 22.10
  6.4849 22.60
  6.4892 23.55
  6.4935 23.95
  6.4978 23.95
  6.5022 24.15
  6.5065 24.70
  6.5108 25.85
  6.5151 25.90
  6.5194 26.80
  6.5237 26.55
  6.5281 26.90
  6.5324 27.40
  6.5367 27.99
  6.5410 28.61
  6.5453 29.35
  6.5497 29.99
  6.5540 29.55
  6.5583 30.91
  6.5626 32.45
  6.5669 32.28
  6.5712 32.86
  6.5756 33.70
  6.5799 33.60
  6.5842 34.30
  6.5885 36.14
  6.5928 37.07
  6.5971 38.43
  6.6015 40.14
  6.6058 39.96
  6.6101 41.43
  6.6144 43.22
  6.6187 44.23
  6.6230 45.22
  6.6274 47.76
  6.6317 49.60
  6.6360 51.20
  6.6403 55.22
  6.6446 58.08
  6.6489 60.26
  6.6533 62.58
  6.6576 66.20
  6.6619 74.84
  6.6662 79.22
  6.6705 82.64
  6.6748 90.36
  6.6792100.04
  63
  6.9166 29.08
  6.9209 29.68
  6.9252 30.20
  6.9296 30.42
  6.9339 30.44
  6.9382 31.48
  6.9425 31.90
  6.9468 32.00
  6.9511 32.42
  6.9555 32.60
  6.9598 33.18
  6.9641 33.62
  6.9684 34.44
  6.9727 34.66
  6.9770 35.68
  6.9814 35.82
  6.9857 36.82
  6.9900 36.92
  6.9943 36.92
  6.9986 37.90
  7.0029 39.08
  7.0073 38.64
  7.0116 39.18
  7.0159 40.02
  7.0202 41.35
  7.0245 42.30
  7.0288 42.12
  7.0332 42.80
  7.0375 43.67
  7.0418 44.62
  7.0461 46.30
  7.0504 48.07
  7.0547 49.46
  7.0591 50.36
  7.0634 51.20
  7.0677 51.51
  7.0720 52.59
  7.0763 53.35
  7.0806 54.97
  7.0850 56.96
  7.0893 57.08
  7.0936 59.40
  7.0979 58.98
  7.1022 58.98
  7.1066 61.42
  7.1109 64.62
  7.1152 67.92
  7.1195 70.02
  7.1238 70.31
  7.1281 74.19
  7.1325 78.58
  7.1368 79.03
  7.1411 82.10
  7.1454 86.43
  7.1497 92.08
  7.1540 91.01
  7.1584 93.60
  7.1627100.62
  7.1670104.42
  7.1713115.00
  7.1756125.29
  7.1799124.22
  7.1843128.83
