
    75-0.812
-232.2663   7.6323
 416 342
 416  0.057
 415  0.042
 414  0.044
 413  0.042
 412  0.040
 411  0.043
 410  0.041
 409  0.045
 408  0.046
 407  0.045
 406  0.047
 405  0.049
 404  0.048
 403  0.047
 402  0.048
 401  0.050
 400  0.050
 399  0.049
 398  0.043
 397  0.041
 396  0.042
 395  0.045
 394  0.051
 393  0.050
 392  0.052
 391  0.052
 390  0.050
 389  0.051
 388  0.051
 387  0.051
 386  0.053
 385  0.050
 384  0.050
 383  0.051
 382  0.052
 381  0.054
 380  0.054
 379  0.059
 378  0.056
 377  0.054
 376  0.058
 375  0.057
 374  0.060
 373  0.062
 372  0.060
 371  0.063
 370  0.061
 369  0.064
 368  0.064
 367  0.064
 366  0.067
 365  0.066
 364  0.067
 363  0.065
 362  0.067
 361  0.067
 360  0.066
 359  0.069
 358  0.067
 357  0.068
 356  0.068
 355  0.067
 354  0.071
 353  0.071
 352  0.073
 351  0.073
 350  0.070
 349  0.071
 348  0.068
 347  0.067
 346  0.068
 345  0.064
 344  0.061
 343  0.049
 342  0.039
    74-0.812
-232.2663   7.6323
 292 219
 292  0.039
 291  0.041
 290  0.038
 289  0.040
 288  0.037
 287  0.042
 286  0.039
 285  0.039
 284  0.040
 283  0.038
 282  0.039
 281  0.042
 280  0.041
 279  0.044
 278  0.043
 277  0.039
 276  0.041
 275  0.040
 274  0.042
 273  0.042
 272  0.047
 271  0.048
 270  0.045
 269  0.047
 268  0.047
 267  0.051
 266  0.052
 265  0.052
 264  0.052
 263  0.049
 262  0.048
 261  0.052
 260  0.051
 259  0.054
 258  0.055
 257  0.055
 256  0.054
 255  0.054
 254  0.055
 253  0.055
 252  0.060
 251  0.056
 250  0.055
 249  0.055
 248  0.052
 247  0.057
 246  0.057
 245  0.057
 244  0.062
 243  0.059
 242  0.057
 241  0.056
 240  0.057
 239  0.056
 238  0.057
 237  0.061
 236  0.056
 235  0.059
 234  0.056
 233  0.060
 232  0.059
 231  0.054
 230  0.053
 229  0.054
 228  0.054
 227  0.054
 226  0.053
 225  0.053
 224  0.049
 223  0.050
 222  0.046
 221  0.045
 220  0.053
 219  0.030
    70-0.812
-232.2663   7.6323
 170 101
 170  0.024
 169  0.023
 168  0.018
 167  0.020
 166  0.021
 165  0.022
 164  0.022
 163  0.019
 162  0.018
 161  0.019
 160  0.026
 159  0.024
 158  0.024
 157  0.023
 156  0.023
 155  0.025
 154  0.022
 153  0.026
 152  0.026
 151  0.022
 150  0.023
 149  0.020
 148  0.024
 147  0.025
 146  0.027
 145  0.028
 144  0.026
 143  0.026
 142  0.027
 141  0.026
 140  0.027
 139  0.022
 138  0.024
 137  0.027
 136  0.027
 135  0.030
 134  0.026
 133  0.026
 132  0.025
 131  0.029
 130  0.028
 129  0.027
 128  0.029
 127  0.027
 126  0.028
 125  0.031
 124  0.031
 123  0.033
 122  0.032
 121  0.035
 120  0.034
 119  0.034
 118  0.039
 117  0.036
 116  0.036
 115  0.035
 114  0.039
 113  0.037
 112  0.039
 111  0.042
 110  0.040
 109  0.044
 108  0.045
 107  0.045
 106  0.047
 105  0.048
 104  0.051
 103  0.051
 102  0.042
 101  0.030
    74-0.811
-232.2663   7.6323
 416 343
 416  0.045
 415  0.030
 414  0.032
 413  0.036
 412  0.034
 411  0.033
 410  0.034
 409  0.032
 408  0.031
 407  0.034
 406  0.037
 405  0.037
 404  0.036
 403  0.033
 402  0.036
 401  0.036
 400  0.036
 399  0.032
 398  0.034
 397  0.037
 396  0.037
 395  0.038
 394  0.036
 393  0.036
 392  0.037
 391  0.038
 390  0.037
 389  0.040
 388  0.040
 387  0.038
 386  0.040
 385  0.044
 384  0.041
 383  0.039
 382  0.047
 381  0.047
 380  0.050
 379  0.048
 378  0.048
 377  0.051
 376  0.051
 375  0.051
 374  0.055
 373  0.054
 372  0.052
 371  0.057
 370  0.057
 369  0.058
 368  0.058
 367  0.060
 366  0.059
 365  0.058
 364  0.059
 363  0.059
 362  0.059
 361  0.061
 360  0.060
 359  0.064
 358  0.064
 357  0.064
 356  0.061
 355  0.059
 354  0.059
 353  0.059
 352  0.059
 351  0.058
 350  0.056
 349  0.058
 348  0.061
 347  0.060
 346  0.062
 345  0.067
 344  0.089
 343  0.098
    72-0.811
-232.2663   7.6323
 292 221
 292  0.039
 291  0.041
 290  0.041
 289  0.044
 288  0.044
 287  0.042
 286  0.042
 285  0.044
 284  0.043
 283  0.043
 282  0.043
 281  0.042
 280  0.043
 279  0.045
 278  0.046
 277  0.046
 276  0.047
 275  0.046
 274  0.046
 273  0.049
 272  0.048
 271  0.046
 270  0.047
 269  0.047
 268  0.051
 267  0.051
 266  0.051
 265  0.054
 264  0.054
 263  0.051
 262  0.051
 261  0.055
 260  0.055
 259  0.057
 258  0.056
 257  0.058
 256  0.059
 255  0.061
 254  0.060
 253  0.059
 252  0.059
 251  0.061
 250  0.062
 249  0.063
 248  0.063
 247  0.064
 246  0.064
 245  0.063
 244  0.062
 243  0.066
 242  0.068
 241  0.066
 240  0.066
 239  0.067
 238  0.068
 237  0.067
 236  0.072
 235  0.074
 234  0.072
 233  0.068
 232  0.071
 231  0.071
 230  0.073
 229  0.072
 228  0.072
 227  0.073
 226  0.073
 225  0.071
 224  0.071
 223  0.071
 222  0.068
 221  0.048
    70-0.811
-232.2663   7.6323
 171 102
 171  0.025
 170  0.033
 169  0.036
 168  0.034
 167  0.031
 166  0.034
 165  0.036
 164  0.037
 163  0.039
 162  0.039
 161  0.043
 160  0.042
 159  0.041
 158  0.041
 157  0.043
 156  0.045
 155  0.047
 154  0.046
 153  0.047
 152  0.051
 151  0.052
 150  0.053
 149  0.055
 148  0.053
 147  0.057
 146  0.059
 145  0.060
 144  0.055
 143  0.058
 142  0.059
 141  0.062
 140  0.064
 139  0.063
 138  0.063
 137  0.064
 136  0.065
 135  0.065
 134  0.066
 133  0.065
 132  0.068
 131  0.070
 130  0.071
 129  0.068
 128  0.068
 127  0.067
 126  0.070
 125  0.072
 124  0.071
 123  0.074
 122  0.072
 121  0.070
 120  0.071
 119  0.071
 118  0.069
 117  0.069
 116  0.069
 115  0.068
 114  0.068
 113  0.066
 112  0.066
 111  0.066
 110  0.063
 109  0.062
 108  0.062
 107  0.061
 106  0.063
 105  0.066
 104  0.074
 103  0.118
 102  0.161
    79-0.812
-232.2663   7.6323
 420 342
 420  0.073
 419  0.064
 418  0.060
 417  0.060
 416  0.062
 415  0.055
 414  0.056
 413  0.056
 412  0.058
 411  0.052
 410  0.054
 409  0.050
 408  0.050
 407  0.048
 406  0.047
 405  0.044
 404  0.045
 403  0.044
 402  0.045
 401  0.047
 400  0.047
 399  0.048
 398  0.047
 397  0.045
 396  0.044
 395  0.046
 394  0.047
 393  0.047
 392  0.047
 391  0.047
 390  0.048
 389  0.047
 388  0.049
 387  0.049
 386  0.049
 385  0.048
 384  0.048
 383  0.049
 382  0.050
 381  0.048
 380  0.047
 379  0.050
 378  0.052
 377  0.052
 376  0.051
 375  0.053
 374  0.050
 373  0.051
 372  0.052
 371  0.055
 370  0.054
 369  0.054
 368  0.053
 367  0.057
 366  0.056
 365  0.055
 364  0.054
 363  0.056
 362  0.059
 361  0.059
 360  0.058
 359  0.059
 358  0.060
 357  0.058
 356  0.062
 355  0.061
 354  0.061
 353  0.062
 352  0.062
 351  0.061
 350  0.063
 349  0.063
 348  0.063
 347  0.063
 346  0.061
 345  0.064
 344  0.065
 343  0.075
 342  0.112
    77-0.812
-232.2663   7.6323
 296 220
 296  0.032
 295  0.023
 294  0.025
 293  0.026
 292  0.029
 291  0.030
 290  0.029
 289  0.028
 288  0.024
 287  0.029
 286  0.029
 285  0.026
 284  0.029
 283  0.032
 282  0.031
 281  0.027
 280  0.029
 279  0.031
 278  0.032
 277  0.030
 276  0.032
 275  0.033
 274  0.032
 273  0.035
 272  0.033
 271  0.033
 270  0.033
 269  0.034
 268  0.035
 267  0.035
 266  0.032
 265  0.037
 264  0.039
 263  0.039
 262  0.038
 261  0.040
 260  0.039
 259  0.038
 258  0.040
 257  0.039
 256  0.039
 255  0.040
 254  0.038
 253  0.038
 252  0.041
 251  0.042
 250  0.043
 249  0.040
 248  0.043
 247  0.043
 246  0.044
 245  0.044
 244  0.045
 243  0.045
 242  0.046
 241  0.046
 240  0.044
 239  0.046
 238  0.046
 237  0.046
 236  0.050
 235  0.053
 234  0.048
 233  0.051
 232  0.052
 231  0.053
 230  0.054
 229  0.053
 228  0.054
 227  0.056
 226  0.058
 225  0.059
 224  0.060
 223  0.060
 222  0.059
 221  0.063
 220  0.078
    77-0.812
-232.2663   7.6323
 177 101
 177  0.042
 176  0.037
 175  0.036
 174  0.034
 173  0.035
 172  0.036
 171  0.037
 170  0.036
 169  0.038
 168  0.040
 167  0.039
 166  0.035
 165  0.036
 164  0.037
 163  0.037
 162  0.040
 161  0.040
 160  0.038
 159  0.038
 158  0.039
 157  0.040
 156  0.041
 155  0.044
 154  0.045
 153  0.043
 152  0.044
 151  0.045
 150  0.041
 149  0.044
 148  0.044
 147  0.047
 146  0.050
 145  0.051
 144  0.052
 143  0.049
 142  0.047
 141  0.046
 140  0.050
 139  0.050
 138  0.050
 137  0.051
 136  0.050
 135  0.052
 134  0.054
 133  0.053
 132  0.051
 131  0.050
 130  0.053
 129  0.051
 128  0.048
 127  0.047
 126  0.047
 125  0.045
 124  0.043
 123  0.043
 122  0.046
 121  0.050
 120  0.050
 119  0.053
 118  0.054
 117  0.054
 116  0.052
 115  0.053
 114  0.054
 113  0.054
 112  0.054
 111  0.055
 110  0.056
 109  0.058
 108  0.059
 107  0.056
 106  0.057
 105  0.063
 104  0.066
 103  0.064
 102  0.058
 101  0.039
 366 NM BASELINE AT 1440 MIN, RTIC =6443        
