
  67
  5.8460 36.00
  5.8503 36.20
  5.8546 36.62
  5.8589 36.99
  5.8632 38.20
  5.8675 38.98
  5.8719 38.50
  5.8762 39.61
  5.8805 39.77
  5.8848 39.50
  5.8891 40.79
  5.8934 40.74
  5.8978 42.32
  5.9021 43.06
  5.9064 41.70
  5.9107 42.09
  5.9150 42.71
  5.9193 43.75
  5.9237 45.09
  5.9280 46.13
  5.9323 46.17
  5.9366 45.67
  5.9409 45.58
  5.9452 46.24
  5.9496 47.75
  5.9539 48.98
  5.9582 49.52
  5.9625 50.70
  5.9668 50.83
  5.9711 50.50
  5.9755 51.47
  5.9798 52.28
  5.9841 52.50
  5.9884 56.06
  5.9927 56.54
  5.9970 58.54
  6.0014 58.60
  6.0057 58.56
  6.0100 59.52
  6.0143 61.62
  6.0186 62.96
  6.0230 64.10
  6.0273 66.90
  6.0316 66.40
  6.0359 66.40
  6.0402 68.90
  6.0445 70.36
  6.0489 71.20
  6.0532 74.08
  6.0575 72.54
  6.0618 76.83
  6.0661 77.80
  6.0704 78.75
  6.0748 78.70
  6.0791 83.02
  6.0834 88.03
  6.0877 86.30
  6.0920 89.25
  6.0963 92.78
  6.1007 93.85
  6.1050 98.60
  6.1093 98.40
  6.1136 98.15
  6.1179102.77
  6.1222105.33
  6.1266107.67
  6.1309113.75
  65
  6.3813 31.49
  6.3856 31.86
  6.3899 32.10
  6.3942 32.71
  6.3985 32.41
  6.4029 32.13
  6.4072 32.66
  6.4115 33.04
  6.4158 33.80
  6.4201 34.26
  6.4244 34.39
  6.4288 34.91
  6.4331 34.80
  6.4374 35.29
  6.4417 36.05
  6.4460 35.69
  6.4503 36.31
  6.4547 35.61
  6.4590 36.40
  6.4633 36.36
  6.4676 36.65
  6.4719 37.45
  6.4762 38.90
  6.4806 39.45
  6.4849 38.95
  6.4892 39.95
  6.4935 39.75
  6.4978 39.80
  6.5021 40.85
  6.5065 40.60
  6.5108 41.90
  6.5151 42.50
  6.5194 40.90
  6.5237 41.95
  6.5280 42.19
  6.5324 43.45
  6.5367 44.66
  6.5410 45.69
  6.5453 44.80
  6.5496 45.60
  6.5540 45.01
  6.5583 45.49
  6.5626 46.55
  6.5669 47.90
  6.5712 47.04
  6.5755 49.31
  6.5799 50.03
  6.5842 50.51
  6.5885 51.16
  6.5928 53.00
  6.5971 53.23
  6.6014 53.92
  6.6058 55.56
  6.6101 56.04
  6.6144 56.17
  6.6187 56.46
  6.6230 59.58
  6.6273 59.37
  6.6317 58.17
  6.6360 57.65
  6.6403 57.74
  6.6446 60.86
  6.6489 62.84
  6.6532 63.14
  6.6576 64.90
  65
  6.9079 19.68
  6.9123 19.68
  6.9166 20.42
  6.9209 20.38
  6.9252 20.32
  6.9295 20.51
  6.9339 20.82
  6.9382 21.24
  6.9425 21.59
  6.9468 21.40
  6.9511 22.01
  6.9554 22.14
  6.9598 22.78
  6.9641 22.80
  6.9684 22.82
  6.9727 23.78
  6.9770 23.88
  6.9813 24.14
  6.9857 25.24
  6.9900 25.44
  6.9943 25.88
  6.9986 25.64
  7.0029 26.02
  7.0072 26.02
  7.0116 26.48
  7.0159 27.27
  7.0202 27.53
  7.0245 27.27
  7.0288 28.28
  7.0331 28.82
  7.0375 28.57
  7.0418 28.55
  7.0461 29.84
  7.0504 29.96
  7.0547 31.10
  7.0590 31.59
  7.0634 31.03
  7.0677 31.26
  7.0720 32.30
  7.0763 33.10
  7.0806 33.50
  7.0849 34.13
  7.0893 34.47
  7.0936 34.94
  7.0979 37.48
  7.1022 36.94
  7.1065 37.41
  7.1109 39.09
  7.1152 40.73
  7.1195 40.68
  7.1238 41.12
  7.1281 42.50
  7.1324 44.58
  7.1368 46.00
  7.1411 47.31
  7.1454 48.02
  7.1497 48.90
  7.1540 50.20
  7.1583 52.62
  7.1627 53.89
  7.1670 56.01
  7.1713 59.19
  7.1756 60.79
  7.1799 62.23
  7.1842 66.40
  66
  5.8542 22.20
  5.8585 23.00
  5.8628 22.60
  5.8671 22.80
  5.8714 23.00
  5.8757 24.10
  5.8800 24.40
  5.8843 24.70
  5.8886 24.90
  5.8929 24.40
  5.8972 25.50
  5.9015 25.80
  5.9058 25.60
  5.9101 26.20
  5.9144 26.10
  5.9188 26.90
  5.9231 27.10
  5.9274 26.60
  5.9317 27.70
  5.9360 27.80
  5.9403 28.30
  5.9446 27.60
  5.9489 28.40
  5.9532 28.90
  5.9575 28.80
  5.9618 29.40
  5.9661 30.20
  5.9704 30.30
  5.9747 30.50
  5.9790 30.90
  5.9833 31.20
  5.9876 31.60
  5.9919 32.30
  5.9963 32.60
  6.0006 32.60
  6.0049 33.30
  6.0092 33.60
  6.0135 34.50
  6.0178 35.00
  6.0221 35.40
  6.0264 36.30
  6.0307 37.50
  6.0350 37.30
  6.0393 37.70
  6.0436 39.40
  6.0479 40.10
  6.0522 40.80
  6.0565 40.60
  6.0608 41.70
  6.0651 43.10
  6.0694 44.00
  6.0737 45.10
  6.0781 45.90
  6.0824 47.00
  6.0867 48.50
  6.0910 48.40
  6.0953 50.00
  6.0996 52.40
  6.1039 54.60
  6.1082 56.70
  6.1125 59.30
  6.1168 61.10
  6.1211 60.20
  6.1254 62.30
  6.1297 64.80
  6.1340 68.50
  65
  6.3751 34.00
  6.3794 34.00
  6.3837 35.50
  6.3880 35.20
  6.3924 35.00
  6.3967 35.70
  6.4010 36.10
  6.4053 36.90
  6.4096 37.10
  6.4139 38.10
  6.4182 38.40
  6.4225 38.80
  6.4268 40.50
  6.4311 40.80
  6.4354 41.10
  6.4397 41.20
  6.4440 41.40
  6.4483 41.10
  6.4526 42.20
  6.4569 42.90
  6.4612 42.60
  6.4655 43.30
  6.4698 45.80
  6.4742 45.60
  6.4785 46.10
  6.4828 47.40
  6.4871 47.90
  6.4914 48.00
  6.4957 47.70
  6.5000 49.70
  6.5043 51.60
  6.5086 52.60
  6.5129 52.80
  6.5172 52.00
  6.5215 54.50
  6.5258 56.90
  6.5301 56.90
  6.5344 60.20
  6.5387 60.10
  6.5430 59.90
  6.5473 60.40
  6.5516 64.00
  6.5560 67.10
  6.5603 68.30
  6.5646 67.40
  6.5689 70.20
  6.5732 68.20
  6.5775 69.60
  6.5818 73.00
  6.5861 74.90
  6.5904 77.00
  6.5947 79.10
  6.5990 82.70
  6.6033 85.00
  6.6076 83.30
  6.6119 85.10
  6.6162 87.60
  6.6205 95.60
  6.6248 97.40
  6.6291 95.40
  6.6335 98.80
  6.6378102.20
  6.6421106.10
  6.6464110.30
  6.6507115.90
  63
  6.9047 31.00
  6.9090 31.10
  6.9133 31.50
  6.9176 31.00
  6.9219 31.70
  6.9262 31.80
  6.9305 32.10
  6.9348 32.60
  6.9391 33.90
  6.9434 33.80
  6.9477 34.00
  6.9521 34.20
  6.9564 34.40
  6.9607 35.20
  6.9650 35.20
  6.9693 35.60
  6.9736 35.70
  6.9779 36.30
  6.9822 36.90
  6.9865 37.30
  6.9908 37.60
  6.9951 37.80
  6.9994 37.90
  7.0037 38.80
  7.0080 38.60
  7.0123 38.70
  7.0166 40.10
  7.0209 40.90
  7.0252 41.30
  7.0296 42.00
  7.0339 42.00
  7.0382 42.00
  7.0425 42.50
  7.0468 43.90
  7.0511 44.50
  7.0554 44.40
  7.0597 45.50
  7.0640 46.60
  7.0683 46.90
  7.0726 48.00
  7.0769 47.70
  7.0812 47.50
  7.0855 48.70
  7.0898 49.70
  7.0941 49.90
  7.0984 50.00
  7.1027 51.70
  7.1070 53.70
  7.1114 54.40
  7.1157 54.70
  7.1200 54.10
  7.1243 55.00
  7.1286 55.20
  7.1329 56.80
  7.1372 58.10
  7.1415 59.20
  7.1458 60.50
  7.1501 62.90
  7.1544 62.20
  7.1587 63.00
  7.1630 65.50
  7.1673 67.00
  7.1716 67.50
  65
  5.8416 31.92
  5.8460 31.67
  5.8503 31.42
  5.8546 32.62
  5.8589 32.71
  5.8632 32.70
  5.8675 33.21
  5.8719 33.72
  5.8762 33.59
  5.8805 33.46
  5.8848 33.20
  5.8891 34.21
  5.8934 33.81
  5.8978 34.60
  5.9021 35.39
  5.9064 36.49
  5.9107 36.40
  5.9150 35.51
  5.9193 36.20
  5.9237 37.24
  5.9280 37.87
  5.9323 37.60
  5.9366 38.56
  5.9409 37.63
  5.9452 36.90
  5.9496 38.92
  5.9539 39.48
  5.9582 39.20
  5.9625 39.47
  5.9668 40.43
  5.9711 40.20
  5.9755 41.10
  5.9798 41.70
  5.9841 42.16
  5.9884 41.62
  5.9927 41.92
  5.9970 43.08
  6.0014 42.86
  6.0057 43.84
  6.0100 43.86
  6.0143 43.72
  6.0186 45.38
  6.0230 45.64
  6.0273 46.26
  6.0316 48.30
  6.0359 48.58
  6.0402 47.42
  6.0445 48.88
  6.0489 49.08
  6.0532 49.00
  6.0575 48.84
  6.0618 50.55
  6.0661 50.82
  6.0704 50.55
  6.0748 50.88
  6.0791 52.32
  6.0834 52.82
  6.0877 55.15
  6.0920 56.10
  6.0963 58.10
  6.1007 59.70
  6.1050 60.45
  6.1093 62.13
  6.1136 61.30
  6.1179 62.37
  71
  6.3770 20.07
  6.3813 20.29
  6.3856 20.73
  6.3899 21.20
  6.3942 21.57
  6.3985 21.84
  6.4029 22.29
  6.4072 22.36
  6.4115 22.87
  6.4158 22.30
  6.4201 22.69
  6.4244 23.20
  6.4288 23.95
  6.4331 23.21
  6.4374 23.34
  6.4417 23.46
  6.4460 23.80
  6.4503 23.95
  6.4547 24.30
  6.4590 24.70
  6.4633 24.65
  6.4676 25.75
  6.4719 26.15
  6.4762 26.05
  6.4806 26.05
  6.4849 26.75
  6.4892 27.25
  6.4935 27.45
  6.4978 27.75
  6.5021 27.90
  6.5065 28.90
  6.5108 29.60
  6.5151 29.25
  6.5194 29.50
  6.5237 30.45
  6.5280 30.60
  6.5324 31.25
  6.5367 31.55
  6.5410 32.54
  6.5453 33.25
  6.5496 33.20
  6.5540 33.95
  6.5583 34.65
  6.5626 35.75
  6.5669 36.25
  6.5712 36.10
  6.5755 36.65
  6.5799 37.71
  6.5842 38.09
  6.5885 38.44
  6.5928 39.56
  6.5971 40.36
  6.6014 41.20
  6.6058 42.59
  6.6101 43.34
  6.6144 43.36
  6.6187 45.04
  6.6230 48.06
  6.6273 48.14
  6.6317 49.20
  6.6360 52.04
  6.6403 53.18
  6.6446 54.92
  6.6489 56.90
  6.6532 58.98
  6.6576 61.16
  6.6619 64.00
  6.6662 65.84
  6.6705 69.80
  6.6748 74.90
  6.6791 79.43
  70
  6.8820 31.65
  6.8864 32.60
  6.8907 32.35
  6.8950 32.00
  6.8993 31.60
  6.9036 32.82
  6.9079 32.92
  6.9123 34.45
  6.9166 34.32
  6.9209 34.55
  6.9252 34.70
  6.9295 35.88
  6.9339 35.62
  6.9382 36.32
  6.9425 38.10
  6.9468 37.28
  6.9511 37.50
  6.9554 38.42
  6.9598 38.80
  6.9641 38.98
  6.9684 40.24
  6.9727 41.00
  6.9770 42.12
  6.9813 42.42
  6.9857 42.88
  6.9900 42.94
  6.9943 43.76
  6.9986 43.64
  7.0029 44.50
  7.0072 45.52
  7.0116 46.00
  7.0159 49.18
  7.0202 47.70
  7.0245 48.38
  7.0288 49.20
  7.0331 49.42
  7.0375 51.73
  7.0418 52.38
  7.0461 53.20
  7.0504 54.10
  7.0547 53.73
  7.0590 55.19
  7.0634 55.40
  7.0677 56.19
  7.0720 59.61
  7.0763 61.07
  7.0806 60.20
  7.0849 60.06
  7.0893 60.91
  7.0936 62.77
  7.0979 64.68
  7.1022 64.59
  7.1065 65.72
  7.1109 66.72
  7.1152 68.52
  7.1195 72.00
  7.1238 73.62
  7.1281 76.28
  7.1324 78.60
  7.1368 79.41
  7.1411 80.40
  7.1454 86.90
  7.1497 87.18
  7.1540 87.51
  7.1583 88.32
  7.1627 93.61
  7.1670 99.11
  7.1713101.98
  7.1756103.99
  7.1799109.21
