
    74-0.812
-232.2663   7.6323
 415 342
 415  0.018
 414  0.018
 413  0.018
 412  0.016
 411  0.017
 410  0.017
 409  0.019
 408  0.019
 407  0.018
 406  0.021
 405  0.021
 404  0.022
 403  0.019
 402  0.017
 401  0.020
 400  0.020
 399  0.021
 398  0.020
 397  0.016
 396  0.017
 395  0.015
 394  0.017
 393  0.019
 392  0.020
 391  0.024
 390  0.021
 389  0.022
 388  0.021
 387  0.021
 386  0.025
 385  0.019
 384  0.021
 383  0.022
 382  0.022
 381  0.024
 380  0.022
 379  0.025
 378  0.025
 377  0.022
 376  0.026
 375  0.025
 374  0.027
 373  0.027
 372  0.027
 371  0.027
 370  0.027
 369  0.027
 368  0.029
 367  0.029
 366  0.030
 365  0.028
 364  0.031
 363  0.031
 362  0.029
 361  0.029
 360  0.028
 359  0.031
 358  0.027
 357  0.029
 356  0.030
 355  0.028
 354  0.032
 353  0.032
 352  0.034
 351  0.035
 350  0.030
 349  0.031
 348  0.029
 347  0.028
 346  0.029
 345  0.025
 344  0.021
 343  0.015
 342  0.004
    74-0.812
-232.2663   7.6323
 292 219
 292  0.012
 291  0.014
 290  0.012
 289  0.013
 288  0.013
 287  0.015
 286  0.017
 285  0.014
 284  0.015
 283  0.014
 282  0.014
 281  0.017
 280  0.015
 279  0.017
 278  0.017
 277  0.013
 276  0.014
 275  0.012
 274  0.014
 273  0.016
 272  0.016
 271  0.019
 270  0.018
 269  0.017
 268  0.019
 267  0.020
 266  0.023
 265  0.022
 264  0.023
 263  0.023
 262  0.022
 261  0.024
 260  0.024
 259  0.026
 258  0.026
 257  0.025
 256  0.029
 255  0.028
 254  0.025
 253  0.027
 252  0.027
 251  0.027
 250  0.025
 249  0.027
 248  0.026
 247  0.026
 246  0.029
 245  0.027
 244  0.030
 243  0.028
 242  0.027
 241  0.027
 240  0.023
 239  0.028
 238  0.027
 237  0.028
 236  0.025
 235  0.024
 234  0.026
 233  0.023
 232  0.027
 231  0.021
 230  0.022
 229  0.021
 228  0.022
 227  0.023
 226  0.018
 225  0.019
 224  0.016
 223  0.017
 222  0.015
 221  0.017
 220  0.038
 219  0.028
    71-0.812
-232.2663   7.6323
 170 100
 170  0.004
 169  0.007
 168  0.006
 167  0.005
 166  0.006
 165  0.005
 164  0.006
 163  0.002
 162  0.003
 161  0.005
 160  0.009
 159  0.009
 158  0.005
 157  0.007
 156  0.006
 155  0.006
 154  0.007
 153  0.006
 152  0.010
 151  0.007
 150  0.004
 149  0.006
 148  0.005
 147  0.007
 146  0.008
 145  0.009
 144  0.008
 143  0.006
 142  0.008
 141  0.006
 140  0.005
 139  0.006
 138  0.004
 137  0.007
 136  0.003
 135  0.007
 134  0.007
 133  0.006
 132  0.008
 131  0.005
 130  0.005
 129  0.005
 128  0.005
 127  0.007
 126  0.005
 125  0.008
 124  0.006
 123  0.009
 122  0.010
 121  0.009
 120  0.012
 119  0.010
 118  0.012
 117  0.012
 116  0.010
 115  0.010
 114  0.011
 113  0.013
 112  0.013
 111  0.013
 110  0.015
 109  0.014
 108  0.015
 107  0.014
 106  0.012
 105  0.016
 104  0.016
 103  0.016
 102  0.011
 101  0.002
 100 -0.006
    73-0.812
-232.2663   7.6323
 415 343
 415  0.014
 414  0.010
 413  0.015
 412  0.014
 411  0.013
 410  0.013
 409  0.014
 408  0.013
 407  0.013
 406  0.015
 405  0.015
 404  0.016
 403  0.014
 402  0.013
 401  0.015
 400  0.015
 399  0.014
 398  0.014
 397  0.015
 396  0.017
 395  0.016
 394  0.015
 393  0.015
 392  0.015
 391  0.016
 390  0.017
 389  0.017
 388  0.017
 387  0.016
 386  0.017
 385  0.020
 384  0.020
 383  0.018
 382  0.021
 381  0.022
 380  0.023
 379  0.025
 378  0.025
 377  0.026
 376  0.027
 375  0.028
 374  0.029
 373  0.029
 372  0.028
 371  0.031
 370  0.032
 369  0.032
 368  0.034
 367  0.035
 366  0.036
 365  0.033
 364  0.031
 363  0.032
 362  0.030
 361  0.031
 360  0.032
 359  0.033
 358  0.033
 357  0.033
 356  0.032
 355  0.029
 354  0.029
 353  0.027
 352  0.026
 351  0.028
 350  0.026
 349  0.025
 348  0.025
 347  0.025
 346  0.025
 345  0.026
 344  0.044
 343  0.065
    72-0.812
-232.2663   7.6323
 292 221
 292  0.016
 291  0.016
 290  0.015
 289  0.016
 288  0.018
 287  0.016
 286  0.018
 285  0.017
 284  0.015
 283  0.015
 282  0.018
 281  0.019
 280  0.020
 279  0.017
 278  0.019
 277  0.020
 276  0.020
 275  0.020
 274  0.020
 273  0.022
 272  0.020
 271  0.019
 270  0.018
 269  0.020
 268  0.021
 267  0.022
 266  0.020
 265  0.023
 264  0.025
 263  0.023
 262  0.022
 261  0.024
 260  0.023
 259  0.025
 258  0.024
 257  0.026
 256  0.026
 255  0.027
 254  0.027
 253  0.026
 252  0.027
 251  0.027
 250  0.027
 249  0.028
 248  0.029
 247  0.028
 246  0.029
 245  0.027
 244  0.027
 243  0.029
 242  0.031
 241  0.030
 240  0.030
 239  0.030
 238  0.031
 237  0.030
 236  0.030
 235  0.032
 234  0.032
 233  0.030
 232  0.031
 231  0.032
 230  0.032
 229  0.031
 228  0.032
 227  0.033
 226  0.031
 225  0.032
 224  0.029
 223  0.038
 222  0.049
 221  0.037
    71-0.812
-232.2663   7.6323
 171 101
 171  0.006
 170  0.011
 169  0.012
 168  0.012
 167  0.011
 166  0.011
 165  0.012
 164  0.014
 163  0.014
 162  0.015
 161  0.017
 160  0.017
 159  0.016
 158  0.015
 157  0.019
 156  0.016
 155  0.019
 154  0.020
 153  0.020
 152  0.022
 151  0.023
 150  0.024
 149  0.025
 148  0.026
 147  0.029
 146  0.030
 145  0.031
 144  0.030
 143  0.029
 142  0.030
 141  0.032
 140  0.035
 139  0.036
 138  0.034
 137  0.033
 136  0.033
 135  0.036
 134  0.036
 133  0.035
 132  0.035
 131  0.036
 130  0.038
 129  0.037
 128  0.039
 127  0.036
 126  0.037
 125  0.038
 124  0.039
 123  0.037
 122  0.038
 121  0.036
 120  0.038
 119  0.037
 118  0.035
 117  0.035
 116  0.034
 115  0.032
 114  0.030
 113  0.029
 112  0.030
 111  0.028
 110  0.028
 109  0.026
 108  0.026
 107  0.025
 106  0.026
 105  0.027
 104  0.032
 103  0.057
 102  0.108
 101  0.105
    79-0.812
-232.2663   7.6323
 420 342
 420  0.054
 419  0.041
 418  0.037
 417  0.032
 416  0.031
 415  0.029
 414  0.032
 413  0.030
 412  0.028
 411  0.027
 410  0.027
 409  0.026
 408  0.024
 407  0.025
 406  0.020
 405  0.020
 404  0.019
 403  0.018
 402  0.018
 401  0.019
 400  0.020
 399  0.020
 398  0.019
 397  0.019
 396  0.016
 395  0.018
 394  0.018
 393  0.021
 392  0.019
 391  0.019
 390  0.018
 389  0.019
 388  0.019
 387  0.021
 386  0.019
 385  0.019
 384  0.019
 383  0.019
 382  0.021
 381  0.020
 380  0.019
 379  0.020
 378  0.022
 377  0.020
 376  0.022
 375  0.021
 374  0.022
 373  0.020
 372  0.022
 371  0.022
 370  0.023
 369  0.022
 368  0.023
 367  0.024
 366  0.024
 365  0.022
 364  0.024
 363  0.023
 362  0.025
 361  0.026
 360  0.025
 359  0.024
 358  0.026
 357  0.026
 356  0.026
 355  0.026
 354  0.028
 353  0.027
 352  0.027
 351  0.028
 350  0.028
 349  0.028
 348  0.027
 347  0.028
 346  0.027
 345  0.026
 344  0.028
 343  0.031
 342  0.056
    78-0.812
-232.2663   7.6323
 296 219
 296  0.019
 295  0.007
 294  0.008
 293  0.008
 292  0.011
 291  0.014
 290  0.012
 289  0.009
 288  0.009
 287  0.012
 286  0.011
 285  0.009
 284  0.010
 283  0.013
 282  0.013
 281  0.011
 280  0.011
 279  0.012
 278  0.014
 277  0.011
 276  0.014
 275  0.014
 274  0.015
 273  0.015
 272  0.015
 271  0.014
 270  0.013
 269  0.016
 268  0.013
 267  0.014
 266  0.015
 265  0.016
 264  0.017
 263  0.016
 262  0.016
 261  0.016
 260  0.014
 259  0.017
 258  0.017
 257  0.016
 256  0.018
 255  0.017
 254  0.016
 253  0.019
 252  0.020
 251  0.020
 250  0.019
 249  0.018
 248  0.019
 247  0.020
 246  0.020
 245  0.021
 244  0.019
 243  0.021
 242  0.022
 241  0.021
 240  0.020
 239  0.020
 238  0.022
 237  0.023
 236  0.022
 235  0.023
 234  0.022
 233  0.023
 232  0.023
 231  0.024
 230  0.026
 229  0.024
 228  0.024
 227  0.026
 226  0.025
 225  0.025
 224  0.026
 223  0.026
 222  0.026
 221  0.032
 220  0.048
 219  0.099
    78-0.812
-232.2663   7.6323
 177 100
 177  0.017
 176  0.015
 175  0.015
 174  0.013
 173  0.013
 172  0.015
 171  0.015
 170  0.015
 169  0.016
 168  0.017
 167  0.015
 166  0.016
 165  0.014
 164  0.014
 163  0.013
 162  0.014
 161  0.015
 160  0.015
 159  0.014
 158  0.014
 157  0.015
 156  0.015
 155  0.014
 154  0.016
 153  0.016
 152  0.017
 151  0.018
 150  0.017
 149  0.019
 148  0.017
 147  0.019
 146  0.019
 145  0.020
 144  0.020
 143  0.019
 142  0.019
 141  0.018
 140  0.018
 139  0.019
 138  0.021
 137  0.020
 136  0.020
 135  0.020
 134  0.022
 133  0.021
 132  0.021
 131  0.020
 130  0.021
 129  0.019
 128  0.019
 127  0.016
 126  0.017
 125  0.015
 124  0.013
 123  0.012
 122  0.014
 121  0.016
 120  0.018
 119  0.018
 118  0.020
 117  0.018
 116  0.018
 115  0.019
 114  0.019
 113  0.019
 112  0.017
 111  0.018
 110  0.020
 109  0.021
 108  0.022
 107  0.019
 106  0.017
 105  0.018
 104  0.021
 103  0.022
 102  0.013
 101 -0.000
 100 -0.042
 436 NM BASELINE, 1410 MIN, CA 4.8 DEG          
