
  3 0.10814E+06
 CELL C(0)     M(W)     M(V)     M(Z)  L(S)  L(B)           
  3  31.28   73973.   56780.  183166.  285.  436.
  3  29.14   75715.   58333.  182745.  285.  366.
  3  33.35   76084.   58612.  170694.  285.  436.
  3  32.04   79748.   62566.  162370.  285.  366.
  4  32.64   76017.   56846.  197315.  285.  436.
  4  29.88   79844.   58737.  198932.  285.  366.
  4  36.18   81370.   62651.  189020.  285.  436.
  4  33.63   84964.   65193.  191556.  285.  366.
  8  31.61   76621.   55569.  200326.  285.  436.
  8  29.14   79323.   57205.  200910.  285.  366.
  8  35.39   88169.   61594.  231893.  285.  436.
  8  32.42   89173.   61620.  229794.  285.  366.
-1
  1  54.36   71148.   67308.  132541.  285.  436.
  1  51.15   73743.   69623.  138441.  285.  366.
  1  61.32   78563.   72309.  137924.  285.  436.
  1  58.12   81254.   74649.  142882.  285.  366.
  5  53.14   75157.   67706.  165276.  285.  436.
  5  50.57   79617.   70185.  171907.  285.  366.
  5  59.66   80633.   72011.  151982.  285.  436.
  5  56.38   83653.   74173.  153800.  285.  366.
  9  50.48   65683.   54640.  147999.  285.  436.
  9  47.53   67523.   56839.  147914.  285.  366.
  9  55.27   72050.   56985.  161619.  285.  436.
  9  53.65   75921.   60153.  158156.  285.  366.
-1
  2  40.21   43421.   38299.   91068.  285.  436.
  2  37.33   45642.   40179.   90531.  285.  366.
  2  44.14   43549.   44334.   57476.  285.  436.
  2  41.27   45453.   46671.   57623.  285.  366.
  6  39.87   42598.   37282.  105540.  285.  436.
  6  36.79   43646.   38631.  116233.  285.  366.
  6  44.59   47925.   43321.  102692.  285.  436.
  6  41.49   49469.   45070.  111343.  285.  366.
  7  40.68   45680.   39186.  104993.  285.  436.
  7  37.69   47793.   40617.  105770.  285.  366.
  7  43.03   48148.   40121.  153252.  285.  436.
  7  40.07   50463.   41552.  151870.  285.  366.
-1
 105540.  285.  436.
  6  36.79   43646.   38631.  116233.  285.  366.
  6  44.59   47925.   43321.  102692.  285.  436.
  6  41.49   49469.   45070.  111343.  285.  366.
  7  40.68   45680.   39186.  104993.  285.  436.
  7  37.69   47793.   40617.  105770.  285.  366.
  7  43.03   48148.   40121.  153252.  285.  436.
  7  40.07   50463.   41552.  151870.  285.  36