
  9 0.10814E+06
 CELL C(0)     M(W)     M(V)     M(Z)  L(S)  L(B)
  1  54.36   71148.   67308.  132541.  285.  436.
  2  40.21   43421.   38299.   91068.  285.  436.
  3  31.28   73973.   56780.  183166.  285.  436.
  4  32.64   76017.   56846.  197315.  285.  436.
  5  53.14   75157.   67706.  165276.  285.  436.
  6  39.87   42598.   37282.  105540.  285.  436.
  7  40.68   45680.   39186.  104993.  285.  436.
  8  31.61   76621.   55569.  200326.  285.  436.
  9  50.48   65683.   54640.  147999.  285.  436.
