
    71-0.808
-231.6386   7.6246
 414 344
 414  0.321
 413  0.324
 412  0.319
 411  0.325
 410  0.330
 409  0.329
 408  0.334
 407  0.339
 406  0.335
 405  0.342
 404  0.347
 403  0.347
 402  0.349
 401  0.366
 400  0.377
 399  0.382
 398  0.370
 397  0.367
 396  0.379
 395  0.391
 394  0.398
 393  0.402
 392  0.410
 391  0.422
 390  0.430
 389  0.436
 388  0.440
 387  0.452
 386  0.450
 385  0.452
 384  0.457
 383  0.460
 382  0.481
 381  0.480
 380  0.470
 379  0.483
 378  0.493
 377  0.506
 376  0.520
 375  0.529
 374  0.552
 373  0.573
 372  0.611
 371  0.608
 370  0.615
 369  0.615
 368  0.630
 367  0.658
 366  0.675
 365  0.683
 364  0.702
 363  0.717
 362  0.746
 361  0.728
 360  0.739
 359  0.803
 358  0.835
 357  0.830
 356  0.874
 355  0.878
 354  0.906
 353  0.953
 352  0.995
 351  1.024
 350  1.046
 349  1.079
 348  1.153
 347  1.141
 346  1.212
 345  1.239
 344  1.273
    70-0.808
-231.6386   7.6246
 291 222
 291  0.281
 290  0.284
 289  0.282
 288  0.286
 287  0.283
 286  0.289
 285  0.291
 284  0.294
 283  0.299
 282  0.299
 281  0.307
 280  0.308
 279  0.310
 278  0.314
 277  0.314
 276  0.321
 275  0.327
 274  0.334
 273  0.331
 272  0.336
 271  0.343
 270  0.337
 269  0.339
 268  0.342
 267  0.351
 266  0.363
 265  0.362
 264  0.360
 263  0.377
 262  0.385
 261  0.386
 260  0.383
 259  0.395
 258  0.390
 257  0.392
 256  0.401
 255  0.407
 254  0.421
 253  0.418
 252  0.430
 251  0.445
 250  0.447
 249  0.450
 248  0.457
 247  0.461
 246  0.454
 245  0.470
 244  0.465
 243  0.482
 242  0.490
 241  0.487
 240  0.505
 239  0.512
 238  0.519
 237  0.543
 236  0.566
 235  0.543
 234  0.570
 233  0.596
 232  0.597
 231  0.596
 230  0.613
 229  0.647
 228  0.627
 227  0.663
 226  0.701
 225  0.687
 224  0.684
 223  0.724
 222  0.727
    67-0.808
-231.6386   7.6246
 167 101
 167  0.166
 166  0.164
 165  0.165
 164  0.173
 163  0.173
 162  0.178
 161  0.179
 160  0.180
 159  0.184
 158  0.187
 157  0.188
 156  0.186
 155  0.189
 154  0.194
 153  0.196
 152  0.194
 151  0.200
 150  0.206
 149  0.208
 148  0.209
 147  0.208
 146  0.212
 145  0.220
 144  0.222
 143  0.223
 142  0.224
 141  0.231
 140  0.231
 139  0.236
 138  0.247
 137  0.245
 136  0.250
 135  0.263
 134  0.267
 133  0.273
 132  0.273
 131  0.275
 130  0.285
 129  0.289
 128  0.296
 127  0.300
 126  0.313
 125  0.316
 124  0.314
 123  0.321
 122  0.340
 121  0.347
 120  0.362
 119  0.374
 118  0.385
 117  0.386
 116  0.402
 115  0.402
 114  0.424
 113  0.448
 112  0.453
 111  0.461
 110  0.488
 109  0.528
 108  0.543
 107  0.559
 106  0.605
 105  0.644
 104  0.670
 103  0.715
 102  0.802
 101  0.867
    71-0.808
-231.6386   7.6246
 414 344
 414  0.197
 413  0.202
 412  0.207
 411  0.206
 410  0.204
 409  0.204
 408  0.204
 407  0.210
 406  0.215
 405  0.215
 404  0.217
 403  0.219
 402  0.220
 401  0.224
 400  0.227
 399  0.221
 398  0.226
 397  0.234
 396  0.240
 395  0.235
 394  0.242
 393  0.243
 392  0.253
 391  0.255
 390  0.255
 389  0.256
 388  0.255
 387  0.263
 386  0.271
 385  0.279
 384  0.279
 383  0.277
 382  0.283
 381  0.294
 380  0.302
 379  0.307
 378  0.313
 377  0.316
 376  0.316
 375  0.318
 374  0.335
 373  0.343
 372  0.341
 371  0.350
 370  0.358
 369  0.369
 368  0.375
 367  0.381
 366  0.394
 365  0.408
 364  0.414
 363  0.422
 362  0.439
 361  0.454
 360  0.461
 359  0.487
 358  0.507
 357  0.514
 356  0.513
 355  0.533
 354  0.545
 353  0.574
 352  0.606
 351  0.631
 350  0.685
 349  0.692
 348  0.737
 347  0.767
 346  0.791
 345  0.847
 344  0.859
    68-0.808
-231.6386   7.6246
 291 224
 291  0.300
 290  0.306
 289  0.303
 288  0.308
 287  0.312
 286  0.308
 285  0.317
 284  0.324
 283  0.333
 282  0.337
 281  0.344
 280  0.338
 279  0.346
 278  0.349
 277  0.363
 276  0.360
 275  0.369
 274  0.377
 273  0.375
 272  0.378
 271  0.390
 270  0.385
 269  0.402
 268  0.415
 267  0.420
 266  0.428
 265  0.431
 264  0.442
 263  0.449
 262  0.459
 261  0.466
 260  0.470
 259  0.471
 258  0.485
 257  0.500
 256  0.508
 255  0.534
 254  0.543
 253  0.566
 252  0.568
 251  0.564
 250  0.587
 249  0.609
 248  0.629
 247  0.633
 246  0.664
 245  0.665
 244  0.654
 243  0.664
 242  0.704
 241  0.701
 240  0.730
 239  0.777
 238  0.785
 237  0.833
 236  0.830
 235  0.848
 234  0.941
 233  0.949
 232  0.941
 231  1.008
 230  1.085
 229  1.120
 228  1.134
 227  1.173
 226  1.205
 225  1.262
 224  1.315
    63-0.808
-231.6386   7.6246
 166 104
 166  0.287
 165  0.288
 164  0.288
 163  0.294
 162  0.302
 161  0.299
 160  0.307
 159  0.309
 158  0.313
 157  0.315
 156  0.322
 155  0.320
 154  0.326
 153  0.331
 152  0.336
 151  0.335
 150  0.343
 149  0.346
 148  0.357
 147  0.361
 146  0.363
 145  0.375
 144  0.379
 143  0.378
 142  0.377
 141  0.387
 140  0.405
 139  0.406
 138  0.416
 137  0.407
 136  0.422
 135  0.428
 134  0.434
 133  0.442
 132  0.446
 131  0.442
 130  0.445
 129  0.459
 128  0.474
 127  0.473
 126  0.471
 125  0.489
 124  0.506
 123  0.512
 122  0.514
 121  0.520
 120  0.531
 119  0.536
 118  0.553
 117  0.553
 116  0.570
 115  0.578
 114  0.576
 113  0.596
 112  0.625
 111  0.633
 110  0.650
 109  0.658
 108  0.668
 107  0.700
 106  0.706
 105  0.734
 104  0.733
    76-0.809
-231.6386   7.6246
 416 341
 416  0.316
 415  0.321
 414  0.314
 413  0.318
 412  0.316
 411  0.308
 410  0.319
 409  0.316
 408  0.319
 407  0.317
 406  0.324
 405  0.324
 404  0.330
 403  0.331
 402  0.331
 401  0.329
 400  0.333
 399  0.328
 398  0.335
 397  0.342
 396  0.342
 395  0.343
 394  0.345
 393  0.353
 392  0.363
 391  0.362
 390  0.365
 389  0.366
 388  0.365
 387  0.375
 386  0.385
 385  0.376
 384  0.378
 383  0.386
 382  0.387
 381  0.389
 380  0.390
 379  0.392
 378  0.401
 377  0.405
 376  0.430
 375  0.440
 374  0.438
 373  0.431
 372  0.446
 371  0.448
 370  0.443
 369  0.455
 368  0.467
 367  0.479
 366  0.489
 365  0.477
 364  0.482
 363  0.494
 362  0.501
 361  0.505
 360  0.508
 359  0.539
 358  0.555
 357  0.558
 356  0.571
 355  0.570
 354  0.597
 353  0.601
 352  0.607
 351  0.632
 350  0.651
 349  0.667
 348  0.670
 347  0.685
 346  0.689
 345  0.702
 344  0.721
 343  0.726
 342  0.737
 341  0.763
    75-0.809
-231.6386   7.6246
 292 218
 292  0.171
 291  0.174
 290  0.179
 289  0.177
 288  0.177
 287  0.182
 286  0.183
 285  0.183
 284  0.187
 283  0.187
 282  0.191
 281  0.191
 280  0.197
 279  0.199
 278  0.205
 277  0.208
 276  0.203
 275  0.210
 274  0.212
 273  0.216
 272  0.225
 271  0.226
 270  0.220
 269  0.229
 268  0.235
 267  0.233
 266  0.236
 265  0.238
 264  0.242
 263  0.251
 262  0.257
 261  0.257
 260  0.258
 259  0.264
 258  0.276
 257  0.278
 256  0.288
 255  0.286
 254  0.289
 253  0.293
 252  0.300
 251  0.306
 250  0.312
 249  0.320
 248  0.317
 247  0.329
 246  0.343
 245  0.343
 244  0.350
 243  0.358
 242  0.357
 241  0.364
 240  0.383
 239  0.395
 238  0.408
 237  0.424
 236  0.422
 235  0.438
 234  0.456
 233  0.467
 232  0.477
 231  0.501
 230  0.519
 229  0.535
 228  0.577
 227  0.608
 226  0.630
 225  0.654
 224  0.691
 223  0.778
 222  0.824
 221  0.860
 220  0.937
 219  1.034
 218  1.115
    64-0.809
-231.6386   7.6246
 164 101
 164  0.299
 163  0.304
 162  0.309
 161  0.312
 160  0.314
 159  0.324
 158  0.328
 157  0.329
 156  0.334
 155  0.340
 154  0.346
 153  0.351
 152  0.361
 151  0.366
 150  0.376
 149  0.378
 148  0.389
 147  0.391
 146  0.392
 145  0.402
 144  0.413
 143  0.410
 142  0.415
 141  0.424
 140  0.435
 139  0.444
 138  0.443
 137  0.450
 136  0.457
 135  0.467
 134  0.484
 133  0.500
 132  0.517
 131  0.524
 130  0.532
 129  0.536
 128  0.546
 127  0.550
 126  0.564
 125  0.581
 124  0.580
 123  0.603
 122  0.597
 121  0.595
 120  0.621
 119  0.655
 118  0.690
 117  0.713
 116  0.717
 115  0.755
 114  0.797
 113  0.804
 112  0.835
 111  0.881
 110  0.936
 109  0.926
 108  0.952
 107  1.025
 106  1.065
 105  1.171
 104  1.272
 103  1.264
 102  1.314
 101  1.344
 285 NM 4155 MIN, RTIC 6424                     
