
    69-0.808
-231.6386   7.6289
 414 346
 414  0.376
 413  0.374
 412  0.376
 411  0.380
 410  0.382
 409  0.395
 408  0.403
 407  0.400
 406  0.411
 405  0.412
 404  0.412
 403  0.425
 402  0.425
 401  0.438
 400  0.444
 399  0.433
 398  0.437
 397  0.444
 396  0.453
 395  0.463
 394  0.474
 393  0.473
 392  0.470
 391  0.471
 390  0.479
 389  0.497
 388  0.507
 387  0.513
 386  0.524
 385  0.526
 384  0.525
 383  0.530
 382  0.540
 381  0.543
 380  0.579
 379  0.585
 378  0.604
 377  0.607
 376  0.606
 375  0.614
 374  0.638
 373  0.651
 372  0.664
 371  0.692
 370  0.687
 369  0.687
 368  0.712
 367  0.727
 366  0.737
 365  0.766
 364  0.751
 363  0.793
 362  0.805
 361  0.814
 360  0.812
 359  0.855
 358  0.905
 357  0.889
 356  0.916
 355  0.953
 354  0.964
 353  1.011
 352  1.012
 351  1.010
 350  1.058
 349  1.083
 348  1.103
 347  1.164
 346  1.179
    68-0.808
-231.6386   7.6289
 291 224
 291  0.317
 290  0.317
 289  0.324
 288  0.327
 287  0.330
 286  0.337
 285  0.336
 284  0.333
 283  0.337
 282  0.341
 281  0.348
 280  0.354
 279  0.356
 278  0.361
 277  0.361
 276  0.364
 275  0.370
 274  0.366
 273  0.372
 272  0.367
 271  0.376
 270  0.377
 269  0.381
 268  0.388
 267  0.403
 266  0.410
 265  0.407
 264  0.418
 263  0.416
 262  0.417
 261  0.427
 260  0.425
 259  0.439
 258  0.446
 257  0.431
 256  0.441
 255  0.445
 254  0.459
 253  0.469
 252  0.479
 251  0.471
 250  0.479
 249  0.472
 248  0.477
 247  0.488
 246  0.501
 245  0.494
 244  0.517
 243  0.525
 242  0.530
 241  0.535
 240  0.553
 239  0.553
 238  0.561
 237  0.579
 236  0.584
 235  0.584
 234  0.585
 233  0.617
 232  0.614
 231  0.603
 230  0.596
 229  0.595
 228  0.626
 227  0.646
 226  0.650
 225  0.665
 224  0.696
    66-0.808
-231.6386   7.6289
 167 102
 167  0.199
 166  0.198
 165  0.206
 164  0.205
 163  0.205
 162  0.204
 161  0.207
 160  0.213
 159  0.220
 158  0.219
 157  0.222
 156  0.224
 155  0.230
 154  0.230
 153  0.231
 152  0.240
 151  0.244
 150  0.245
 149  0.253
 148  0.256
 147  0.260
 146  0.259
 145  0.264
 144  0.265
 143  0.269
 142  0.275
 141  0.279
 140  0.275
 139  0.284
 138  0.290
 137  0.286
 136  0.288
 135  0.298
 134  0.302
 133  0.314
 132  0.318
 131  0.314
 130  0.314
 129  0.324
 128  0.332
 127  0.336
 126  0.344
 125  0.346
 124  0.353
 123  0.377
 122  0.374
 121  0.380
 120  0.396
 119  0.415
 118  0.413
 117  0.419
 116  0.433
 115  0.452
 114  0.466
 113  0.480
 112  0.489
 111  0.498
 110  0.511
 109  0.537
 108  0.549
 107  0.571
 106  0.602
 105  0.616
 104  0.634
 103  0.676
 102  0.706
    69-0.808
-232.2663   7.6280
 414 346
 414  0.240
 413  0.237
 412  0.233
 411  0.240
 410  0.235
 409  0.237
 408  0.240
 407  0.250
 406  0.253
 405  0.258
 404  0.260
 403  0.256
 402  0.265
 401  0.267
 400  0.267
 399  0.273
 398  0.271
 397  0.279
 396  0.282
 395  0.279
 394  0.289
 393  0.289
 392  0.294
 391  0.287
 390  0.296
 389  0.302
 388  0.301
 387  0.307
 386  0.314
 385  0.316
 384  0.321
 383  0.325
 382  0.326
 381  0.333
 380  0.341
 379  0.345
 378  0.347
 377  0.354
 376  0.358
 375  0.368
 374  0.374
 373  0.379
 372  0.388
 371  0.399
 370  0.400
 369  0.405
 368  0.422
 367  0.431
 366  0.439
 365  0.438
 364  0.446
 363  0.458
 362  0.468
 361  0.477
 360  0.486
 359  0.498
 358  0.514
 357  0.513
 356  0.529
 355  0.552
 354  0.571
 353  0.592
 352  0.616
 351  0.633
 350  0.626
 349  0.645
 348  0.669
 347  0.706
 346  0.710
    66-0.808
-232.2663   7.6280
 291 226
 291  0.352
 290  0.352
 289  0.366
 288  0.364
 287  0.364
 286  0.369
 285  0.375
 284  0.382
 283  0.382
 282  0.392
 281  0.398
 280  0.403
 279  0.421
 278  0.421
 277  0.426
 276  0.428
 275  0.430
 274  0.427
 273  0.438
 272  0.447
 271  0.442
 270  0.448
 269  0.472
 268  0.472
 267  0.478
 266  0.492
 265  0.495
 264  0.499
 263  0.498
 262  0.516
 261  0.534
 260  0.546
 259  0.547
 258  0.541
 257  0.565
 256  0.591
 255  0.591
 254  0.625
 253  0.624
 252  0.621
 251  0.627
 250  0.663
 249  0.694
 248  0.707
 247  0.699
 246  0.726
 245  0.707
 244  0.719
 243  0.753
 242  0.774
 241  0.797
 240  0.817
 239  0.853
 238  0.876
 237  0.860
 236  0.877
 235  0.902
 234  0.984
 233  1.002
 232  0.980
 231  1.015
 230  1.050
 229  1.089
 228  1.130
 227  1.187
 226  1.256
    64-0.808
-232.2663   7.6280
 168 105
 168  0.318
 167  0.319
 166  0.322
 165  0.317
 164  0.325
 163  0.328
 162  0.331
 161  0.337
 160  0.352
 159  0.351
 158  0.352
 157  0.353
 156  0.359
 155  0.364
 154  0.367
 153  0.372
 152  0.373
 151  0.381
 150  0.388
 149  0.393
 148  0.397
 147  0.400
 146  0.404
 145  0.414
 144  0.413
 143  0.413
 142  0.426
 141  0.435
 140  0.441
 139  0.451
 138  0.452
 137  0.450
 136  0.454
 135  0.468
 134  0.477
 133  0.476
 132  0.486
 131  0.497
 130  0.501
 129  0.514
 128  0.510
 127  0.510
 126  0.519
 125  0.530
 124  0.533
 123  0.535
 122  0.550
 121  0.571
 120  0.576
 119  0.581
 118  0.574
 117  0.581
 116  0.583
 115  0.598
 114  0.609
 113  0.618
 112  0.630
 111  0.655
 110  0.646
 109  0.654
 108  0.677
 107  0.692
 106  0.696
 105  0.696
    69-0.809
-231.6386   7.6289
 417 349
 417  0.346
 416  0.360
 415  0.359
 414  0.347
 413  0.343
 412  0.343
 411  0.353
 410  0.352
 409  0.351
 408  0.356
 407  0.360
 406  0.357
 405  0.356
 404  0.349
 403  0.359
 402  0.354
 401  0.361
 400  0.369
 399  0.381
 398  0.381
 397  0.372
 396  0.378
 395  0.388
 394  0.392
 393  0.391
 392  0.401
 391  0.394
 390  0.385
 389  0.405
 388  0.410
 387  0.408
 386  0.411
 385  0.422
 384  0.418
 383  0.427
 382  0.433
 381  0.438
 380  0.434
 379  0.436
 378  0.447
 377  0.446
 376  0.457
 375  0.456
 374  0.456
 373  0.472
 372  0.475
 371  0.480
 370  0.502
 369  0.505
 368  0.494
 367  0.508
 366  0.511
 365  0.511
 364  0.509
 363  0.525
 362  0.529
 361  0.526
 360  0.531
 359  0.546
 358  0.550
 357  0.573
 356  0.584
 355  0.604
 354  0.620
 353  0.628
 352  0.646
 351  0.637
 350  0.648
 349  0.676
    76-0.809
-231.6386   7.6289
 294 219
 294  0.204
 293  0.209
 292  0.207
 291  0.212
 290  0.210
 289  0.213
 288  0.215
 287  0.218
 286  0.223
 285  0.227
 284  0.230
 283  0.230
 282  0.237
 281  0.233
 280  0.236
 279  0.240
 278  0.248
 277  0.242
 276  0.243
 275  0.244
 274  0.249
 273  0.251
 272  0.255
 271  0.259
 270  0.258
 269  0.268
 268  0.273
 267  0.272
 266  0.271
 265  0.279
 264  0.285
 263  0.288
 262  0.291
 261  0.292
 260  0.302
 259  0.308
 258  0.305
 257  0.309
 256  0.318
 255  0.320
 254  0.327
 253  0.329
 252  0.340
 251  0.349
 250  0.349
 249  0.356
 248  0.362
 247  0.373
 246  0.379
 245  0.378
 244  0.384
 243  0.394
 242  0.398
 241  0.403
 240  0.414
 239  0.421
 238  0.429
 237  0.444
 236  0.453
 235  0.453
 234  0.470
 233  0.500
 232  0.501
 231  0.512
 230  0.541
 229  0.554
 228  0.571
 227  0.590
 226  0.612
 225  0.634
 224  0.662
 223  0.681
 222  0.721
 221  0.772
 220  0.821
 219  0.854
    71-0.809
-231.6386   7.6289
 173 103
 173  0.327
 172  0.336
 171  0.335
 170  0.332
 169  0.328
 168  0.341
 167  0.343
 166  0.357
 165  0.356
 164  0.357
 163  0.358
 162  0.369
 161  0.367
 160  0.375
 159  0.393
 158  0.384
 157  0.386
 156  0.396
 155  0.400
 154  0.401
 153  0.415
 152  0.423
 151  0.435
 150  0.439
 149  0.443
 148  0.445
 147  0.452
 146  0.452
 145  0.461
 144  0.472
 143  0.477
 142  0.508
 141  0.493
 140  0.499
 139  0.507
 138  0.510
 137  0.535
 136  0.541
 135  0.549
 134  0.558
 133  0.556
 132  0.570
 131  0.572
 130  0.579
 129  0.614
 128  0.627
 127  0.618
 126  0.614
 125  0.623
 124  0.640
 123  0.657
 122  0.655
 121  0.668
 120  0.680
 119  0.700
 118  0.735
 117  0.753
 116  0.778
 115  0.801
 114  0.810
 113  0.820
 112  0.885
 111  0.886
 110  0.890
 109  0.900
 108  0.954
 107  1.010
 106  1.036
 105  1.054
 104  1.107
 103  1.184
 285 NM, 1540 MIN, RTIC =6448                   
