
  9 0.10814E+06
 CELL C(0)     M(W)     M(V)     M(Z)  L(S)  L(B)
  1  61.32   78563.   72309.  137924.  285.  436.
  2  44.14   43549.   44334.   57476.  285.  436.
  3  33.35   76084.   58612.  170694.  285.  436.
  4  36.18   81370.   62651.  189020.  285.  436.
  5  59.66   80633.   72011.  151982.  285.  436.
  6  44.59   47925.   43321.  102692.  285.  436.
  7  43.03   48148.   40121.  153252.  285.  436.
  8  35.39   88169.   61594.  231893.  285.  436.
  9  55.27   72050.   56985.  161619.  285.  436.
