
    68-0.808
-231.0109   7.6298
 412 345
 412  0.303
 411  0.305
 410  0.309
 409  0.319
 408  0.321
 407  0.316
 406  0.322
 405  0.329
 404  0.332
 403  0.327
 402  0.336
 401  0.346
 400  0.348
 399  0.343
 398  0.338
 397  0.342
 396  0.345
 395  0.354
 394  0.357
 393  0.358
 392  0.365
 391  0.367
 390  0.373
 389  0.374
 388  0.374
 387  0.374
 386  0.378
 385  0.382
 384  0.391
 383  0.399
 382  0.400
 381  0.404
 380  0.408
 379  0.414
 378  0.416
 377  0.423
 376  0.428
 375  0.434
 374  0.447
 373  0.453
 372  0.455
 371  0.468
 370  0.478
 369  0.490
 368  0.488
 367  0.485
 366  0.495
 365  0.501
 364  0.510
 363  0.519
 362  0.524
 361  0.529
 360  0.544
 359  0.550
 358  0.567
 357  0.583
 356  0.596
 355  0.604
 354  0.628
 353  0.647
 352  0.670
 351  0.656
 350  0.672
 349  0.671
 348  0.681
 347  0.700
 346  0.730
 345  0.748
    69-0.808
-231.0109   7.6298
 291 223
 291  0.260
 290  0.262
 289  0.258
 288  0.265
 287  0.269
 286  0.270
 285  0.275
 284  0.269
 283  0.278
 282  0.275
 281  0.279
 280  0.279
 279  0.285
 278  0.286
 277  0.284
 276  0.288
 275  0.296
 274  0.294
 273  0.301
 272  0.302
 271  0.302
 270  0.304
 269  0.308
 268  0.308
 267  0.309
 266  0.316
 265  0.318
 264  0.318
 263  0.325
 262  0.328
 261  0.331
 260  0.332
 259  0.336
 258  0.347
 257  0.342
 256  0.341
 255  0.349
 254  0.349
 253  0.351
 252  0.353
 251  0.361
 250  0.369
 249  0.368
 248  0.366
 247  0.364
 246  0.370
 245  0.377
 244  0.384
 243  0.391
 242  0.396
 241  0.397
 240  0.398
 239  0.401
 238  0.405
 237  0.414
 236  0.418
 235  0.419
 234  0.422
 233  0.421
 232  0.435
 231  0.436
 230  0.438
 229  0.439
 228  0.449
 227  0.459
 226  0.460
 225  0.463
 224  0.478
 223  0.468
    66-0.808
-231.0109   7.6298
 167 102
 167  0.164
 166  0.165
 165  0.167
 164  0.170
 163  0.169
 162  0.168
 161  0.169
 160  0.171
 159  0.178
 158  0.181
 157  0.179
 156  0.183
 155  0.184
 154  0.188
 153  0.192
 152  0.193
 151  0.197
 150  0.194
 149  0.196
 148  0.198
 147  0.200
 146  0.207
 145  0.216
 144  0.213
 143  0.215
 142  0.220
 141  0.222
 140  0.223
 139  0.230
 138  0.223
 137  0.229
 136  0.234
 135  0.242
 134  0.245
 133  0.251
 132  0.254
 131  0.255
 130  0.261
 129  0.260
 128  0.261
 127  0.267
 126  0.276
 125  0.283
 124  0.283
 123  0.290
 122  0.297
 121  0.304
 120  0.311
 119  0.315
 118  0.321
 117  0.330
 116  0.334
 115  0.339
 114  0.349
 113  0.355
 112  0.363
 111  0.370
 110  0.375
 109  0.389
 108  0.402
 107  0.417
 106  0.432
 105  0.443
 104  0.464
 103  0.480
 102  0.502
    71-0.808
-231.6386   7.6289
 415 345
 415  0.185
 414  0.191
 413  0.195
 412  0.194
 411  0.198
 410  0.202
 409  0.198
 408  0.197
 407  0.205
 406  0.210
 405  0.210
 404  0.209
 403  0.216
 402  0.219
 401  0.216
 400  0.212
 399  0.213
 398  0.221
 397  0.228
 396  0.230
 395  0.228
 394  0.231
 393  0.235
 392  0.235
 391  0.238
 390  0.241
 389  0.246
 388  0.248
 387  0.255
 386  0.255
 385  0.257
 384  0.257
 383  0.261
 382  0.266
 381  0.276
 380  0.279
 379  0.281
 378  0.283
 377  0.285
 376  0.294
 375  0.295
 374  0.301
 373  0.299
 372  0.309
 371  0.313
 370  0.314
 369  0.320
 368  0.325
 367  0.329
 366  0.334
 365  0.339
 364  0.338
 363  0.347
 362  0.354
 361  0.364
 360  0.374
 359  0.379
 358  0.386
 357  0.389
 356  0.400
 355  0.406
 354  0.406
 353  0.419
 352  0.423
 351  0.432
 350  0.445
 349  0.456
 348  0.460
 347  0.485
 346  0.494
 345  0.500
    68-0.808
-231.6386   7.6289
 291 224
 291  0.285
 290  0.288
 289  0.296
 288  0.294
 287  0.295
 286  0.294
 285  0.300
 284  0.295
 283  0.301
 282  0.307
 281  0.311
 280  0.318
 279  0.318
 278  0.320
 277  0.326
 276  0.327
 275  0.335
 274  0.338
 273  0.342
 272  0.346
 271  0.347
 270  0.349
 269  0.351
 268  0.364
 267  0.364
 266  0.371
 265  0.377
 264  0.383
 263  0.390
 262  0.396
 261  0.394
 260  0.397
 259  0.409
 258  0.414
 257  0.416
 256  0.423
 255  0.429
 254  0.437
 253  0.445
 252  0.444
 251  0.455
 250  0.455
 249  0.463
 248  0.474
 247  0.482
 246  0.484
 245  0.493
 244  0.499
 243  0.508
 242  0.512
 241  0.534
 240  0.542
 239  0.558
 238  0.570
 237  0.574
 236  0.582
 235  0.583
 234  0.611
 233  0.641
 232  0.641
 231  0.658
 230  0.671
 229  0.686
 228  0.686
 227  0.728
 226  0.751
 225  0.755
 224  0.788
    65-0.808
-231.6386   7.6289
 168 104
 168  0.254
 167  0.261
 166  0.260
 165  0.265
 164  0.260
 163  0.264
 162  0.267
 161  0.271
 160  0.284
 159  0.283
 158  0.280
 157  0.284
 156  0.293
 155  0.293
 154  0.298
 153  0.299
 152  0.302
 151  0.308
 150  0.307
 149  0.309
 148  0.318
 147  0.315
 146  0.318
 145  0.328
 144  0.331
 143  0.334
 142  0.339
 141  0.340
 140  0.347
 139  0.346
 138  0.346
 137  0.357
 136  0.361
 135  0.365
 134  0.364
 133  0.366
 132  0.364
 131  0.376
 130  0.377
 129  0.387
 128  0.389
 127  0.387
 126  0.393
 125  0.401
 124  0.406
 123  0.410
 122  0.415
 121  0.418
 120  0.417
 119  0.420
 118  0.427
 117  0.427
 116  0.437
 115  0.434
 114  0.433
 113  0.440
 112  0.444
 111  0.454
 110  0.462
 109  0.474
 108  0.471
 107  0.482
 106  0.488
 105  0.490
 104  0.494
    75-0.809
-232.2663   7.6280
 418 344
 418  0.289
 417  0.286
 416  0.287
 415  0.292
 414  0.292
 413  0.287
 412  0.282
 411  0.290
 410  0.291
 409  0.289
 408  0.291
 407  0.293
 406  0.289
 405  0.289
 404  0.291
 403  0.290
 402  0.290
 401  0.292
 400  0.299
 399  0.300
 398  0.295
 397  0.298
 396  0.306
 395  0.312
 394  0.315
 393  0.308
 392  0.307
 391  0.313
 390  0.318
 389  0.320
 388  0.323
 387  0.326
 386  0.324
 385  0.327
 384  0.329
 383  0.332
 382  0.337
 381  0.337
 380  0.336
 379  0.341
 378  0.345
 377  0.351
 376  0.353
 375  0.359
 374  0.357
 373  0.358
 372  0.363
 371  0.361
 370  0.365
 369  0.378
 368  0.375
 367  0.383
 366  0.391
 365  0.385
 364  0.387
 363  0.394
 362  0.395
 361  0.400
 360  0.399
 359  0.410
 358  0.414
 357  0.412
 356  0.427
 355  0.435
 354  0.435
 353  0.433
 352  0.441
 351  0.450
 350  0.457
 349  0.460
 348  0.463
 347  0.473
 346  0.481
 345  0.486
 344  0.490
    78-0.809
-232.2663   7.6280
 295 218
 295  0.167
 294  0.170
 293  0.171
 292  0.174
 291  0.175
 290  0.173
 289  0.170
 288  0.180
 287  0.181
 286  0.182
 285  0.185
 284  0.189
 283  0.189
 282  0.189
 281  0.190
 280  0.186
 279  0.192
 278  0.201
 277  0.199
 276  0.200
 275  0.204
 274  0.208
 273  0.210
 272  0.213
 271  0.214
 270  0.213
 269  0.217
 268  0.219
 267  0.223
 266  0.230
 265  0.231
 264  0.235
 263  0.236
 262  0.238
 261  0.243
 260  0.243
 259  0.252
 258  0.258
 257  0.253
 256  0.255
 255  0.261
 254  0.266
 253  0.269
 252  0.273
 251  0.278
 250  0.283
 249  0.288
 248  0.287
 247  0.292
 246  0.294
 245  0.295
 244  0.306
 243  0.310
 242  0.313
 241  0.319
 240  0.323
 239  0.329
 238  0.334
 237  0.339
 236  0.336
 235  0.350
 234  0.351
 233  0.361
 232  0.374
 231  0.378
 230  0.387
 229  0.393
 228  0.404
 227  0.421
 226  0.431
 225  0.448
 224  0.449
 223  0.463
 222  0.486
 221  0.509
 220  0.534
 219  0.556
 218  0.586
    73-0.809
-232.2663   7.6280
 174 102
 174  0.262
 173  0.266
 172  0.264
 171  0.272
 170  0.272
 169  0.275
 168  0.278
 167  0.280
 166  0.284
 165  0.277
 164  0.279
 163  0.286
 162  0.294
 161  0.296
 160  0.298
 159  0.301
 158  0.308
 157  0.312
 156  0.317
 155  0.314
 154  0.319
 153  0.328
 152  0.333
 151  0.336
 150  0.343
 149  0.342
 148  0.343
 147  0.347
 146  0.355
 145  0.359
 144  0.362
 143  0.364
 142  0.370
 141  0.372
 140  0.376
 139  0.383
 138  0.393
 137  0.397
 136  0.403
 135  0.409
 134  0.414
 133  0.420
 132  0.428
 131  0.429
 130  0.436
 129  0.434
 128  0.441
 127  0.444
 126  0.442
 125  0.446
 124  0.456
 123  0.463
 122  0.474
 121  0.479
 120  0.486
 119  0.494
 118  0.500
 117  0.501
 116  0.521
 115  0.537
 114  0.546
 113  0.563
 112  0.563
 111  0.578
 110  0.606
 109  0.611
 108  0.619
 107  0.645
 106  0.664
 105  0.665
 104  0.684
 103  0.717
 102  0.747
292NM , 1460 MIN, RTIC=6446                     
