
  3 0.10774E+06
 CELL C(0)     M(W)     M(V)     M(Z)  L(S)  L(B)           
  3  31.56  101506.   70236.  269264.  285.  436.
  3  28.26  104537.   70325.  256480.  285.  366.
  4  35.16  113873.   82077.  267733.  285.  436.
  4  32.02  120196.   86143.  276178.  285.  366.
  8  33.10  125448.   76220.  317870.  285.  436.
  8  30.23  131624.   80270.  323265.  285.  366.
  1  56.77   98808.   83129.  200029.  285.  436.
  1  53.77  104178.   87523.  204234.  285.  366.
  5  56.43  101752.   81238.  209649.  285.  436.
  5  52.35  106865.   84806.  213065.  285.  366.
  9  56.05  104037.   76942.  227165.  285.  436.
  9  52.35  107574.   80885.  230236.  285.  366.
  2  41.81   60278.   49352.  134384.  285.  436.
  2  38.26   63992.   52456.  136465.  285.  366.
  6  41.94   57825.   49369.  145530.  285.  436.
  6  38.20   60547.   52164.  152710.  285.  366.
  7  42.51   59782.   51545.  126338.  285.  436.
  7  38.72   62559.   53587.  125907.  285.  366.
42.  227165.  285.  436.
  9  52.35  107574.   80885.  230236.  285.  366.
  2  41.81   60278.   49352.  134384.  285.  436.
  2  38.26   63992.   524