
    75-0.812
-231.6386   7.6332
 415 341
 415  0.021
 414  0.017
 413  0.018
 412  0.019
 411  0.013
 410  0.019
 409  0.019
 408  0.019
 407  0.019
 406  0.019
 405  0.022
 404  0.022
 403  0.016
 402  0.020
 401  0.017
 400  0.019
 399  0.020
 398  0.016
 397  0.016
 396  0.014
 395  0.016
 394  0.012
 393  0.017
 392  0.019
 391  0.019
 390  0.022
 389  0.019
 388  0.019
 387  0.022
 386  0.017
 385  0.020
 384  0.022
 383  0.020
 382  0.024
 381  0.023
 380  0.025
 379  0.024
 378  0.024
 377  0.025
 376  0.026
 375  0.028
 374  0.030
 373  0.027
 372  0.030
 371  0.029
 370  0.028
 369  0.030
 368  0.027
 367  0.031
 366  0.031
 365  0.031
 364  0.033
 363  0.031
 362  0.032
 361  0.030
 360  0.030
 359  0.034
 358  0.031
 357  0.030
 356  0.031
 355  0.033
 354  0.037
 353  0.035
 352  0.040
 351  0.039
 350  0.035
 349  0.037
 348  0.035
 347  0.033
 346  0.031
 345  0.028
 344  0.028
 343  0.023
 342  0.017
 341 -0.012
    74-0.812
-231.6386   7.6332
 292 219
 292  0.008
 291  0.013
 290  0.010
 289  0.009
 288  0.010
 287  0.008
 286  0.011
 285  0.012
 284  0.009
 283  0.011
 282  0.009
 281  0.013
 280  0.012
 279  0.011
 278  0.012
 277  0.010
 276  0.012
 275  0.012
 274  0.011
 273  0.014
 272  0.015
 271  0.015
 270  0.017
 269  0.014
 268  0.018
 267  0.017
 266  0.020
 265  0.021
 264  0.021
 263  0.021
 262  0.020
 261  0.023
 260  0.023
 259  0.023
 258  0.027
 257  0.022
 256  0.027
 255  0.027
 254  0.022
 253  0.028
 252  0.028
 251  0.028
 250  0.029
 249  0.024
 248  0.025
 247  0.025
 246  0.025
 245  0.027
 244  0.023
 243  0.028
 242  0.025
 241  0.026
 240  0.026
 239  0.023
 238  0.028
 237  0.025
 236  0.028
 235  0.027
 234  0.025
 233  0.026
 232  0.025
 231  0.026
 230  0.020
 229  0.023
 228  0.020
 227  0.021
 226  0.021
 225  0.021
 224  0.021
 223  0.015
 222  0.016
 221  0.016
 220  0.026
 219  0.052
    71-0.812
-231.6386   7.6332
 170 100
 170  0.012
 169  0.001
 168  0.004
 167 -0.000
 166  0.001
 165 -0.000
 164  0.001
 163 -0.001
 162 -0.002
 161  0.000
 160  0.001
 159  0.005
 158  0.003
 157  0.001
 156  0.002
 155  0.001
 154  0.003
 153  0.002
 152  0.002
 151  0.002
 150  0.000
 149  0.003
 148 -0.002
 147  0.001
 146  0.003
 145  0.004
 144  0.003
 143  0.000
 142  0.002
 141  0.002
 140  0.001
 139  0.002
 138 -0.003
 137  0.001
 136  0.002
 135  0.002
 134  0.004
 133  0.002
 132  0.004
 131  0.004
 130  0.007
 129  0.003
 128  0.004
 127  0.004
 126  0.003
 125  0.007
 124  0.006
 123  0.009
 122  0.009
 121  0.011
 120  0.011
 119  0.010
 118  0.010
 117  0.011
 116  0.013
 115  0.014
 114  0.014
 113  0.019
 112  0.017
 111  0.020
 110  0.019
 109  0.021
 108  0.023
 107  0.023
 106  0.024
 105  0.024
 104  0.030
 103  0.029
 102  0.030
 101  0.020
 100  0.017
    74-0.812
-232.2663   7.6323
 415 342
 415  0.017
 414  0.010
 413  0.013
 412  0.016
 411  0.015
 410  0.013
 409  0.014
 408  0.012
 407  0.011
 406  0.013
 405  0.015
 404  0.015
 403  0.013
 402  0.011
 401  0.012
 400  0.015
 399  0.011
 398  0.012
 397  0.013
 396  0.016
 395  0.014
 394  0.014
 393  0.015
 392  0.015
 391  0.015
 390  0.015
 389  0.015
 388  0.018
 387  0.018
 386  0.018
 385  0.018
 384  0.017
 383  0.016
 382  0.017
 381  0.023
 380  0.024
 379  0.025
 378  0.026
 377  0.026
 376  0.028
 375  0.030
 374  0.029
 373  0.029
 372  0.031
 371  0.032
 370  0.032
 369  0.033
 368  0.032
 367  0.035
 366  0.036
 365  0.037
 364  0.034
 363  0.035
 362  0.035
 361  0.034
 360  0.034
 359  0.035
 358  0.037
 357  0.034
 356  0.036
 355  0.034
 354  0.034
 353  0.035
 352  0.033
 351  0.032
 350  0.032
 349  0.034
 348  0.034
 347  0.033
 346  0.033
 345  0.035
 344  0.046
 343  0.079
 342  0.076
    72-0.812
-232.2663   7.6323
 292 221
 292  0.013
 291  0.015
 290  0.014
 289  0.016
 288  0.017
 287  0.016
 286  0.016
 285  0.017
 284  0.016
 283  0.015
 282  0.016
 281  0.017
 280  0.018
 279  0.020
 278  0.018
 277  0.021
 276  0.020
 275  0.020
 274  0.019
 273  0.020
 272  0.020
 271  0.019
 270  0.017
 269  0.020
 268  0.019
 267  0.021
 266  0.021
 265  0.022
 264  0.025
 263  0.023
 262  0.022
 261  0.023
 260  0.023
 259  0.026
 258  0.026
 257  0.026
 256  0.028
 255  0.027
 254  0.027
 253  0.028
 252  0.027
 251  0.029
 250  0.027
 249  0.028
 248  0.030
 247  0.031
 246  0.032
 245  0.031
 244  0.026
 243  0.029
 242  0.032
 241  0.034
 240  0.034
 239  0.034
 238  0.034
 237  0.033
 236  0.034
 235  0.039
 234  0.038
 233  0.034
 232  0.034
 231  0.035
 230  0.037
 229  0.039
 228  0.037
 227  0.038
 226  0.040
 225  0.039
 224  0.036
 223  0.036
 222  0.047
 221  0.050
    68-0.812
-232.2663   7.6323
 170 103
 170  0.010
 169  0.010
 168  0.009
 167  0.008
 166  0.008
 165  0.009
 164  0.013
 163  0.012
 162  0.012
 161  0.015
 160  0.018
 159  0.016
 158  0.016
 157  0.017
 156  0.018
 155  0.019
 154  0.020
 153  0.021
 152  0.023
 151  0.023
 150  0.024
 149  0.025
 148  0.024
 147  0.026
 146  0.030
 145  0.031
 144  0.032
 143  0.031
 142  0.032
 141  0.034
 140  0.037
 139  0.036
 138  0.033
 137  0.032
 136  0.034
 135  0.036
 134  0.038
 133  0.038
 132  0.036
 131  0.040
 130  0.041
 129  0.040
 128  0.041
 127  0.039
 126  0.038
 125  0.040
 124  0.040
 123  0.041
 122  0.040
 121  0.040
 120  0.039
 119  0.039
 118  0.038
 117  0.037
 116  0.038
 115  0.034
 114  0.034
 113  0.037
 112  0.033
 111  0.035
 110  0.036
 109  0.036
 108  0.034
 107  0.032
 106  0.032
 105  0.035
 104  0.039
 103  0.062
    79-0.812
-232.2663   7.6323
 420 342
 420  0.066
 419  0.048
 418  0.045
 417  0.034
 416  0.034
 415  0.034
 414  0.033
 413  0.034
 412  0.030
 411  0.030
 410  0.028
 409  0.028
 408  0.028
 407  0.025
 406  0.024
 405  0.019
 404  0.019
 403  0.019
 402  0.016
 401  0.019
 400  0.021
 399  0.021
 398  0.022
 397  0.019
 396  0.018
 395  0.018
 394  0.021
 393  0.022
 392  0.022
 391  0.020
 390  0.019
 389  0.019
 388  0.019
 387  0.022
 386  0.020
 385  0.021
 384  0.022
 383  0.022
 382  0.022
 381  0.021
 380  0.018
 379  0.019
 378  0.020
 377  0.021
 376  0.022
 375  0.023
 374  0.022
 373  0.022
 372  0.022
 371  0.023
 370  0.023
 369  0.024
 368  0.024
 367  0.024
 366  0.025
 365  0.025
 364  0.023
 363  0.026
 362  0.026
 361  0.027
 360  0.025
 359  0.028
 358  0.028
 357  0.029
 356  0.028
 355  0.032
 354  0.030
 353  0.030
 352  0.029
 351  0.031
 350  0.031
 349  0.033
 348  0.033
 347  0.033
 346  0.030
 345  0.028
 344  0.031
 343  0.033
 342  0.046
    78-0.812
-232.2663   7.6323
 296 219
 296  0.016
 295  0.008
 294  0.008
 293  0.010
 292  0.012
 291  0.015
 290  0.015
 289  0.011
 288  0.011
 287  0.014
 286  0.014
 285  0.013
 284  0.015
 283  0.018
 282  0.019
 281  0.013
 280  0.015
 279  0.014
 278  0.016
 277  0.016
 276  0.016
 275  0.019
 274  0.019
 273  0.019
 272  0.019
 271  0.020
 270  0.018
 269  0.019
 268  0.020
 267  0.020
 266  0.018
 265  0.019
 264  0.022
 263  0.019
 262  0.020
 261  0.020
 260  0.021
 259  0.023
 258  0.023
 257  0.024
 256  0.022
 255  0.022
 254  0.024
 253  0.022
 252  0.021
 251  0.025
 250  0.024
 249  0.022
 248  0.021
 247  0.025
 246  0.024
 245  0.024
 244  0.024
 243  0.024
 242  0.025
 241  0.029
 240  0.025
 239  0.026
 238  0.025
 237  0.028
 236  0.026
 235  0.029
 234  0.027
 233  0.026
 232  0.026
 231  0.026
 230  0.029
 229  0.031
 228  0.030
 227  0.032
 226  0.032
 225  0.033
 224  0.036
 223  0.037
 222  0.036
 221  0.037
 220  0.042
 219  0.069
    77-0.812
-232.2663   7.6323
 177 101
 177  0.032
 176  0.011
 175  0.009
 174  0.009
 173  0.009
 172  0.010
 171  0.012
 170  0.011
 169  0.012
 168  0.012
 167  0.012
 166  0.011
 165  0.010
 164  0.010
 163  0.011
 162  0.013
 161  0.012
 160  0.012
 159  0.012
 158  0.013
 157  0.018
 156  0.017
 155  0.018
 154  0.020
 153  0.023
 152  0.022
 151  0.023
 150  0.024
 149  0.025
 148  0.026
 147  0.026
 146  0.025
 145  0.027
 144  0.026
 143  0.027
 142  0.024
 141  0.024
 140  0.025
 139  0.025
 138  0.023
 137  0.024
 136  0.024
 135  0.022
 134  0.026
 133  0.023
 132  0.023
 131  0.024
 130  0.023
 129  0.019
 128  0.017
 127  0.014
 126  0.012
 125  0.012
 124  0.010
 123  0.008
 122  0.010
 121  0.012
 120  0.014
 119  0.016
 118  0.017
 117  0.016
 116  0.014
 115  0.017
 114  0.017
 113  0.020
 112  0.018
 111  0.019
 110  0.019
 109  0.022
 108  0.024
 107  0.024
 106  0.022
 105  0.025
 104  0.029
 103  0.029
 102  0.027
 101  0.014
 436 NM, 4206 MIN, RTIC=6431, BASELINE          
