
  9 0.10774E+06
 CELL C(0)     M(W)     M(V)     M(Z)  L(S)  L(B)
  1  53.77  104178.   87523.  204234.  285.  366.
  2  38.26   63992.   52456.  136465.  285.  366.
  3  28.26  104537.   70325.  256480.  285.  366.
  4  32.02  120196.   86143.  276178.  285.  366.
  5  52.35  106865.   84806.  213065.  285.  366.
  6  38.20   60547.   52164.  152710.  285.  366.
  7  38.72   62559.   53587.  125907.  285.  366.
  8  30.23  131624.   80270.  323265.  285.  366.
  9  52.35  107574.   80885.  230236.  285.  366.
