
    71-0.811
-232.8941   7.6314
 415 345
 415  0.022
 414  0.022
 413  0.019
 412  0.023
 411  0.019
 410  0.021
 409  0.025
 408  0.020
 407  0.024
 406  0.027
 405  0.022
 404  0.026
 403  0.024
 402  0.021
 401  0.025
 400  0.022
 399  0.024
 398  0.023
 397  0.017
 396  0.023
 395  0.018
 394  0.021
 393  0.020
 392  0.025
 391  0.026
 390  0.021
 389  0.023
 388  0.025
 387  0.021
 386  0.024
 385  0.023
 384  0.020
 383  0.025
 382  0.023
 381  0.021
 380  0.025
 379  0.022
 378  0.026
 377  0.024
 376  0.023
 375  0.026
 374  0.024
 373  0.026
 372  0.027
 371  0.022
 370  0.028
 369  0.024
 368  0.027
 367  0.028
 366  0.022
 365  0.027
 364  0.027
 363  0.024
 362  0.026
 361  0.023
 360  0.024
 359  0.023
 358  0.024
 357  0.026
 356  0.020
 355  0.024
 354  0.026
 353  0.023
 352  0.027
 351  0.025
 350  0.022
 349  0.025
 348  0.020
 347  0.017
 346  0.017
 345  0.012
    70-0.811
-232.8941   7.6314
 291 222
 291  0.018
 290  0.016
 289  0.021
 288  0.021
 287  0.019
 286  0.023
 285  0.017
 284  0.020
 283  0.017
 282  0.021
 281  0.022
 280  0.019
 279  0.023
 278  0.018
 277  0.017
 276  0.020
 275  0.018
 274  0.019
 273  0.024
 272  0.020
 271  0.023
 270  0.023
 269  0.020
 268  0.026
 267  0.023
 266  0.024
 265  0.026
 264  0.021
 263  0.024
 262  0.024
 261  0.025
 260  0.030
 259  0.023
 258  0.028
 257  0.028
 256  0.027
 255  0.030
 254  0.026
 253  0.029
 252  0.030
 251  0.023
 250  0.028
 249  0.025
 248  0.023
 247  0.029
 246  0.024
 245  0.029
 244  0.028
 243  0.027
 242  0.028
 241  0.025
 240  0.025
 239  0.025
 238  0.025
 237  0.024
 236  0.022
 235  0.025
 234  0.021
 233  0.024
 232  0.021
 231  0.017
 230  0.018
 229  0.016
 228  0.020
 227  0.015
 226  0.014
 225  0.016
 224  0.009
 223  0.013
 222  0.008
    68-0.811
-232.8941   7.6314
 170 103
 170  0.010
 169  0.013
 168  0.012
 167  0.009
 166  0.012
 165  0.011
 164  0.015
 163  0.009
 162  0.011
 161  0.014
 160  0.015
 159  0.014
 158  0.011
 157  0.012
 156  0.010
 155  0.012
 154  0.014
 153  0.010
 152  0.012
 151  0.010
 150  0.009
 149  0.013
 148  0.010
 147  0.017
 146  0.012
 145  0.012
 144  0.012
 143  0.008
 142  0.011
 141  0.009
 140  0.005
 139  0.008
 138  0.005
 137  0.009
 136  0.008
 135  0.008
 134  0.009
 133  0.005
 132  0.009
 131  0.004
 130  0.006
 129  0.005
 128  0.004
 127  0.008
 126  0.005
 125  0.008
 124  0.006
 123  0.006
 122  0.011
 121  0.005
 120  0.008
 119  0.008
 118  0.005
 117  0.008
 116  0.001
 115  0.006
 114  0.006
 113  0.005
 112  0.007
 111  0.003
 110  0.006
 109  0.005
 108  0.004
 107  0.002
 106 -0.001
 105  0.003
 104 -0.004
 103 -0.006
    70-0.811
-232.2663   7.6323
 414 345
 414  0.016
 413  0.016
 412  0.017
 411  0.017
 410  0.019
 409  0.019
 408  0.017
 407  0.018
 406  0.016
 405  0.019
 404  0.019
 403  0.019
 402  0.018
 401  0.019
 400  0.018
 399  0.018
 398  0.018
 397  0.018
 396  0.020
 395  0.021
 394  0.020
 393  0.016
 392  0.019
 391  0.018
 390  0.020
 389  0.020
 388  0.022
 387  0.020
 386  0.019
 385  0.019
 384  0.018
 383  0.019
 382  0.022
 381  0.026
 380  0.027
 379  0.027
 378  0.027
 377  0.027
 376  0.028
 375  0.028
 374  0.028
 373  0.029
 372  0.030
 371  0.028
 370  0.032
 369  0.030
 368  0.032
 367  0.034
 366  0.033
 365  0.030
 364  0.031
 363  0.028
 362  0.029
 361  0.028
 360  0.029
 359  0.030
 358  0.030
 357  0.027
 356  0.025
 355  0.025
 354  0.025
 353  0.021
 352  0.022
 351  0.020
 350  0.019
 349  0.018
 348  0.019
 347  0.019
 346  0.018
 345  0.022
    69-0.811
-232.2663   7.6323
 292 224
 292  0.019
 291  0.022
 290  0.021
 289  0.023
 288  0.023
 287  0.022
 286  0.023
 285  0.023
 284  0.020
 283  0.021
 282  0.023
 281  0.021
 280  0.022
 279  0.024
 278  0.026
 277  0.025
 276  0.025
 275  0.026
 274  0.027
 273  0.026
 272  0.024
 271  0.024
 270  0.025
 269  0.023
 268  0.024
 267  0.024
 266  0.026
 265  0.026
 264  0.027
 263  0.026
 262  0.027
 261  0.027
 260  0.025
 259  0.027
 258  0.025
 257  0.027
 256  0.029
 255  0.027
 254  0.026
 253  0.026
 252  0.025
 251  0.025
 250  0.028
 249  0.027
 248  0.028
 247  0.029
 246  0.026
 245  0.024
 244  0.023
 243  0.027
 242  0.030
 241  0.027
 240  0.026
 239  0.025
 238  0.024
 237  0.027
 236  0.030
 235  0.026
 234  0.025
 233  0.024
 232  0.024
 231  0.024
 230  0.025
 229  0.027
 228  0.022
 227  0.024
 226  0.022
 225  0.023
 224  0.023
    66-0.811
-232.2663   7.6323
 171 106
 171  0.015
 170  0.020
 169  0.019
 168  0.015
 167  0.014
 166  0.018
 165  0.020
 164  0.021
 163  0.020
 162  0.021
 161  0.023
 160  0.024
 159  0.019
 158  0.022
 157  0.023
 156  0.023
 155  0.022
 154  0.026
 153  0.026
 152  0.029
 151  0.030
 150  0.029
 149  0.030
 148  0.031
 147  0.032
 146  0.034
 145  0.032
 144  0.033
 143  0.032
 142  0.035
 141  0.037
 140  0.036
 139  0.035
 138  0.037
 137  0.034
 136  0.036
 135  0.036
 134  0.037
 133  0.037
 132  0.035
 131  0.039
 130  0.038
 129  0.037
 128  0.035
 127  0.037
 126  0.034
 125  0.036
 124  0.037
 123  0.037
 122  0.035
 121  0.034
 120  0.034
 119  0.032
 118  0.029
 117  0.026
 116  0.025
 115  0.026
 114  0.024
 113  0.024
 112  0.020
 111  0.020
 110  0.018
 109  0.018
 108  0.016
 107  0.017
 106  0.017
    77-0.812
-232.2663   7.6323
 419 343
 419  0.043
 418  0.038
 417  0.031
 416  0.034
 415  0.034
 414  0.032
 413  0.031
 412  0.031
 411  0.028
 410  0.026
 409  0.027
 408  0.027
 407  0.025
 406  0.023
 405  0.020
 404  0.022
 403  0.021
 402  0.019
 401  0.021
 400  0.022
 399  0.022
 398  0.020
 397  0.021
 396  0.018
 395  0.019
 394  0.023
 393  0.020
 392  0.019
 391  0.019
 390  0.018
 389  0.018
 388  0.019
 387  0.023
 386  0.022
 385  0.022
 384  0.021
 383  0.022
 382  0.023
 381  0.020
 380  0.021
 379  0.019
 378  0.022
 377  0.022
 376  0.023
 375  0.020
 374  0.019
 373  0.019
 372  0.020
 371  0.022
 370  0.021
 369  0.022
 368  0.023
 367  0.023
 366  0.021
 365  0.021
 364  0.020
 363  0.021
 362  0.024
 361  0.022
 360  0.021
 359  0.022
 358  0.024
 357  0.022
 356  0.024
 355  0.024
 354  0.023
 353  0.020
 352  0.021
 351  0.020
 350  0.023
 349  0.022
 348  0.021
 347  0.021
 346  0.023
 345  0.023
 344  0.026
 343  0.040
    75-0.812
-232.2663   7.6323
 295 221
 295  0.014
 294  0.014
 293  0.013
 292  0.017
 291  0.015
 290  0.014
 289  0.013
 288  0.013
 287  0.015
 286  0.012
 285  0.011
 284  0.012
 283  0.016
 282  0.012
 281  0.013
 280  0.016
 279  0.014
 278  0.014
 277  0.014
 276  0.015
 275  0.016
 274  0.016
 273  0.017
 272  0.017
 271  0.014
 270  0.012
 269  0.016
 268  0.013
 267  0.013
 266  0.015
 265  0.015
 264  0.018
 263  0.017
 262  0.017
 261  0.014
 260  0.015
 259  0.015
 258  0.013
 257  0.013
 256  0.015
 255  0.014
 254  0.014
 253  0.015
 252  0.018
 251  0.014
 250  0.014
 249  0.016
 248  0.017
 247  0.018
 246  0.017
 245  0.015
 244  0.017
 243  0.016
 242  0.018
 241  0.016
 240  0.014
 239  0.016
 238  0.016
 237  0.018
 236  0.017
 235  0.014
 234  0.015
 233  0.014
 232  0.015
 231  0.016
 230  0.017
 229  0.014
 228  0.016
 227  0.017
 226  0.016
 225  0.019
 224  0.014
 223  0.013
 222  0.016
 221  0.022
    74-0.812
-232.2663   7.6323
 176 103
 176  0.022
 175  0.021
 174  0.021
 173  0.021
 172  0.022
 171  0.022
 170  0.023
 169  0.024
 168  0.024
 167  0.022
 166  0.020
 165  0.021
 164  0.021
 163  0.018
 162  0.022
 161  0.022
 160  0.020
 159  0.019
 158  0.020
 157  0.021
 156  0.020
 155  0.021
 154  0.023
 153  0.021
 152  0.021
 151  0.022
 150  0.023
 149  0.023
 148  0.022
 147  0.023
 146  0.024
 145  0.022
 144  0.022
 143  0.021
 142  0.020
 141  0.022
 140  0.021
 139  0.020
 138  0.022
 137  0.022
 136  0.020
 135  0.024
 134  0.022
 133  0.023
 132  0.020
 131  0.020
 130  0.019
 129  0.018
 128  0.014
 127  0.014
 126  0.012
 125  0.009
 124  0.011
 123  0.015
 122  0.016
 121  0.015
 120  0.015
 119  0.016
 118  0.015
 117  0.011
 116  0.013
 115  0.014
 114  0.011
 113  0.009
 112  0.007
 111  0.009
 110  0.011
 109  0.009
 108  0.007
 107  0.004
 106  0.006
 105  0.005
 104 -0.001
 103 -0.007
 436 NM 0 TIME BASELINE AT 10 K RPM             
