
  9 0.10774E+06
 CELL C(0)     M(W)     M(V)     M(Z)  L(S)  L(B)
  1  56.77   98808.   83129.  200029.  285.  436.
  2  41.81   60278.   49352.  134384.  285.  436.
  3  31.56  101506.   70236.  269264.  285.  436.
  4  35.16  113873.   82077.  267733.  285.  436.
  5  56.43  101752.   81238.  209649.  285.  436.
  6  41.94   57825.   49369.  145530.  285.  436.
  7  42.51   59782.   51545.  126338.  285.  436.
  8  33.10  125448.   76220.  317870.  285.  436.
  9  56.05  104037.   76942.  227165.  285.  436.
