
  67
  5.8460 33.58
  5.8503 33.62
  5.8546 34.22
  5.8589 34.57
  5.8632 35.62
  5.8675 36.56
  5.8719 35.89
  5.8762 36.91
  5.8805 37.08
  5.8848 36.88
  5.8891 38.01
  5.8934 38.11
  5.8978 39.49
  5.9021 39.97
  5.9064 38.70
  5.9107 39.11
  5.9150 39.98
  5.9193 41.43
  5.9237 42.59
  5.9280 43.56
  5.9323 43.11
  5.9366 42.31
  5.9409 42.47
  5.9452 43.10
  5.9496 44.93
  5.9539 46.08
  5.9582 46.60
  5.9625 47.70
  5.9668 47.87
  5.9711 47.65
  5.9755 48.40
  5.9798 49.38
  5.9841 49.58
  5.9884 53.06
  5.9927 53.50
  5.9970 55.31
  6.0014 55.26
  6.0057 55.44
  6.0100 56.32
  6.0143 58.42
  6.0186 59.74
  6.0230 60.76
  6.0273 63.44
  6.0316 63.04
  6.0359 62.84
  6.0402 65.44
  6.0445 66.70
  6.0489 67.70
  6.0532 70.53
  6.0575 68.82
  6.0618 73.08
  6.0661 74.25
  6.0704 75.25
  6.0748 74.90
  6.0791 79.22
  6.0834 84.23
  6.0877 82.45
  6.0920 85.28
  6.0963 88.90
  6.1007 90.03
  6.1050 94.70
  6.1093 94.50
  6.1136 94.25
  6.1179 98.90
  6.1222101.48
  6.1266103.67
  6.1309109.78
  65
  6.3813 28.83
  6.3856 29.21
  6.3899 29.53
  6.3942 30.18
  6.3985 29.93
  6.4029 29.80
  6.4072 30.16
  6.4115 30.59
  6.4158 31.36
  6.4201 31.76
  6.4244 31.85
  6.4288 32.26
  6.4331 32.15
  6.4374 32.69
  6.4417 33.41
  6.4460 32.95
  6.4503 33.51
  6.4547 32.90
  6.4590 33.56
  6.4633 33.35
  6.4676 33.84
  6.4719 34.60
  6.4762 36.00
  6.4806 36.50
  6.4849 35.95
  6.4892 37.00
  6.4935 36.80
  6.4978 37.05
  6.5021 38.25
  6.5065 37.90
  6.5108 39.15
  6.5151 39.75
  6.5194 38.05
  6.5237 39.00
  6.5280 39.45
  6.5324 40.90
  6.5367 41.85
  6.5410 42.80
  6.5453 41.73
  6.5496 42.51
  6.5540 42.05
  6.5583 42.60
  6.5626 43.86
  6.5669 45.03
  6.5712 44.10
  6.5755 46.40
  6.5799 46.92
  6.5842 47.37
  6.5885 48.11
  6.5928 50.06
  6.5971 50.04
  6.6014 50.86
  6.6058 52.64
  6.6101 52.87
  6.6144 52.99
  6.6187 53.13
  6.6230 56.37
  6.6273 55.97
  6.6317 54.76
  6.6360 54.39
  6.6403 54.56
  6.6446 57.64
  6.6489 59.60
  6.6532 60.00
  6.6576 61.56
  61
  6.9252 18.70
  6.9295 18.83
  6.9339 19.28
  6.9382 19.82
  6.9425 19.95
  6.9468 19.86
  6.9511 20.20
  6.9554 20.48
  6.9598 21.10
  6.9641 20.94
  6.9684 21.24
  6.9727 21.88
  6.9770 22.20
  6.9813 22.62
  6.9857 23.42
  6.9900 23.94
  6.9943 24.08
  6.9986 23.82
  7.0029 24.14
  7.0072 24.12
  7.0116 24.66
  7.0159 25.30
  7.0202 25.62
  7.0245 25.28
  7.0288 26.12
  7.0331 27.12
  7.0375 26.63
  7.0418 26.55
  7.0461 27.50
  7.0504 27.65
  7.0547 29.14
  7.0590 29.60
  7.0634 29.29
  7.0677 28.96
  7.0720 29.99
  7.0763 30.89
  7.0806 31.13
  7.0849 32.07
  7.0893 32.21
  7.0936 32.64
  7.0979 35.00
  7.1022 34.52
  7.1065 35.19
  7.1109 36.53
  7.1152 38.49
  7.1195 38.30
  7.1238 38.45
  7.1281 40.07
  7.1324 42.00
  7.1368 43.49
  7.1411 44.54
  7.1454 45.58
  7.1497 46.32
  7.1540 47.33
  7.1583 50.08
  7.1627 50.93
  7.1670 53.01
  7.1713 56.10
  7.1756 57.31
  7.1799 59.01
  7.1842 62.92
  66
  5.8542 20.00
  5.8585 20.90
  5.8628 20.50
  5.8671 20.60
  5.8714 21.10
  5.8757 22.20
  5.8800 22.20
  5.8843 22.40
  5.8886 22.60
  5.8929 22.30
  5.8972 23.50
  5.9015 23.40
  5.9058 23.40
  5.9101 24.00
  5.9144 24.20
  5.9188 24.80
  5.9231 24.80
  5.9274 24.50
  5.9317 25.40
  5.9360 25.60
  5.9403 26.10
  5.9446 25.30
  5.9489 26.10
  5.9532 26.80
  5.9575 26.40
  5.9618 27.00
  5.9661 27.90
  5.9704 27.90
  5.9747 28.00
  5.9790 28.70
  5.9833 29.00
  5.9876 28.90
  5.9919 29.70
  5.9963 29.80
  6.0006 30.20
  6.0049 30.90
  6.0092 31.00
  6.0135 32.00
  6.0178 32.60
  6.0221 32.70
  6.0264 33.70
  6.0307 35.00
  6.0350 34.60
  6.0393 35.10
  6.0436 36.70
  6.0479 37.60
  6.0522 38.20
  6.0565 38.20
  6.0608 39.10
  6.0651 40.20
  6.0694 41.20
  6.0737 42.10
  6.0781 42.80
  6.0824 44.10
  6.0867 45.30
  6.0910 45.20
  6.0953 46.80
  6.0996 49.40
  6.1039 51.50
  6.1082 53.60
  6.1125 56.00
  6.1168 57.70
  6.1211 57.10
  6.1254 59.20
  6.1297 61.40
  6.1340 64.80
  65
  6.3751 31.60
  6.3794 31.40
  6.3837 32.80
  6.3880 32.30
  6.3924 32.30
  6.3967 33.00
  6.4010 33.60
  6.4053 34.10
  6.4096 34.20
  6.4139 35.20
  6.4182 35.80
  6.4225 36.40
  6.4268 38.10
  6.4311 37.90
  6.4354 38.30
  6.4397 38.50
  6.4440 38.60
  6.4483 38.40
  6.4526 39.50
  6.4569 40.10
  6.4612 39.70
  6.4655 40.50
  6.4698 42.80
  6.4742 42.80
  6.4785 43.00
  6.4828 44.40
  6.4871 44.70
  6.4914 44.80
  6.4957 44.70
  6.5000 46.80
  6.5043 48.60
  6.5086 49.40
  6.5129 49.50
  6.5172 48.70
  6.5215 51.20
  6.5258 53.60
  6.5301 53.50
  6.5344 56.70
  6.5387 56.70
  6.5430 56.50
  6.5473 57.10
  6.5516 60.50
  6.5560 63.50
  6.5603 64.70
  6.5646 63.90
  6.5689 66.50
  6.5732 64.60
  6.5775 65.90
  6.5818 69.40
  6.5861 71.10
  6.5904 73.20
  6.5947 75.40
  6.5990 79.00
  6.6033 81.20
  6.6076 79.50
  6.6119 81.30
  6.6162 83.30
  6.6205 91.30
  6.6248 93.30
  6.6291 91.50
  6.6335 94.70
  6.6378 98.20
  6.6421101.90
  6.6464106.10
  6.6507111.80
  63
  6.9047 28.50
  6.9090 28.80
  6.9133 29.40
  6.9176 28.60
  6.9219 29.20
  6.9262 29.40
  6.9305 29.50
  6.9348 30.10
  6.9391 31.20
  6.9434 31.20
  6.9477 31.40
  6.9521 31.50
  6.9564 31.90
  6.9607 32.20
  6.9650 32.30
  6.9693 32.90
  6.9736 32.90
  6.9779 33.30
  6.9822 33.90
  6.9865 34.30
  6.9908 34.50
  6.9951 35.00
  6.9994 35.00
  7.0037 35.80
  7.0080 35.60
  7.0123 36.10
  7.0166 37.10
  7.0209 37.90
  7.0252 38.20
  7.0296 39.00
  7.0339 39.20
  7.0382 39.00
  7.0425 39.30
  7.0468 40.60
  7.0511 41.50
  7.0554 41.30
  7.0597 42.40
  7.0640 43.20
  7.0683 43.40
  7.0726 44.60
  7.0769 44.50
  7.0812 44.50
  7.0855 45.50
  7.0898 46.30
  7.0941 46.40
  7.0984 46.70
  7.1027 47.90
  7.1070 50.20
  7.1114 50.90
  7.1157 51.30
  7.1200 50.60
  7.1243 51.50
  7.1286 51.70
  7.1329 53.20
  7.1372 54.40
  7.1415 55.30
  7.1458 56.70
  7.1501 59.20
  7.1544 58.30
  7.1587 59.40
  7.1630 61.80
  7.1673 63.30
  7.1716 63.80
  65
  5.8416 28.86
  5.8460 29.09
  5.8503 29.00
  5.8546 29.98
  5.8589 29.76
  5.8632 30.18
  5.8675 30.54
  5.8719 31.30
  5.8762 31.02
  5.8805 31.11
  5.8848 30.53
  5.8891 31.79
  5.8934 31.21
  5.8978 31.99
  5.9021 32.67
  5.9064 33.70
  5.9107 33.69
  5.9150 32.71
  5.9193 33.43
  5.9237 34.61
  5.9280 35.07
  5.9323 34.79
  5.9366 35.70
  5.9409 35.00
  5.9452 34.10
  5.9496 36.08
  5.9539 36.52
  5.9582 36.37
  5.9625 36.50
  5.9668 37.60
  5.9711 37.22
  5.9755 38.20
  5.9798 38.78
  5.9841 39.18
  5.9884 38.74
  5.9927 39.12
  5.9970 40.24
  6.0014 39.86
  6.0057 40.80
  6.0100 40.72
  6.0143 40.76
  6.0186 42.26
  6.0230 42.78
  6.0273 43.18
  6.0316 45.24
  6.0359 45.32
  6.0402 44.30
  6.0445 45.72
  6.0489 46.01
  6.0532 45.72
  6.0575 45.62
  6.0618 47.32
  6.0661 47.75
  6.0704 47.23
  6.0748 47.50
  6.0791 49.02
  6.0834 49.48
  6.0877 51.68
  6.0920 52.75
  6.0963 54.80
  6.1007 56.13
  6.1050 57.00
  6.1093 58.77
  6.1136 57.80
  6.1179 58.93
  75
  6.3597 17.87
  6.3640 18.82
  6.3683 18.46
  6.3726 18.77
  6.3770 18.36
  6.3813 18.64
  6.3856 18.94
  6.3899 19.47
  6.3942 19.98
  6.3985 20.10
  6.4029 20.53
  6.4072 20.57
  6.4115 20.97
  6.4158 20.44
  6.4201 20.98
  6.4244 21.51
  6.4288 22.11
  6.4331 21.35
  6.4374 21.49
  6.4417 21.61
  6.4460 21.95
  6.4503 22.15
  6.4547 22.46
  6.4590 22.80
  6.4633 22.80
  6.4676 23.80
  6.4719 24.25
  6.4762 24.05
  6.4806 23.90
  6.4849 24.85
  6.4892 25.35
  6.4935 25.30
  6.4978 25.50
  6.5021 25.65
  6.5065 26.60
  6.5108 27.15
  6.5151 26.95
  6.5194 27.30
  6.5237 28.15
  6.5280 28.40
  6.5324 29.05
  6.5367 29.31
  6.5410 30.50
  6.5453 31.24
  6.5496 31.05
  6.5540 31.65
  6.5583 32.36
  6.5626 33.44
  6.5669 33.90
  6.5712 33.75
  6.5755 34.30
  6.5799 35.24
  6.5842 35.60
  6.5885 36.04
  6.5928 37.10
  6.5971 37.91
  6.6014 38.69
  6.6058 40.10
  6.6101 41.00
  6.6144 40.77
  6.6187 42.13
  6.6230 45.29
  6.6273 45.43
  6.6317 46.34
  6.6360 49.14
  6.6403 50.34
  6.6446 52.06
  6.6489 53.94
  6.6532 55.98
  6.6576 57.98
  6.6619 60.64
  6.6662 62.44
  6.6705 66.40
  6.6748 71.56
  6.6791 76.25
  66
  6.8993 29.48
  6.9036 30.65
  6.9079 30.65
  6.9123 32.08
  6.9166 32.31
  6.9209 32.42
  6.9252 32.42
  6.9295 33.50
  6.9339 33.07
  6.9382 33.80
  6.9425 35.76
  6.9468 34.90
  6.9511 35.02
  6.9554 35.92
  6.9598 36.22
  6.9641 36.06
  6.9684 37.32
  6.9727 38.26
  6.9770 39.42
  6.9813 39.72
  6.9857 40.42
  6.9900 40.46
  6.9943 41.10
  6.9986 40.86
  7.0029 41.45
  7.0072 42.42
  7.0116 42.82
  7.0159 46.15
  7.0202 44.87
  7.0245 45.58
  7.0288 46.07
  7.0331 46.30
  7.0375 48.80
  7.0418 49.32
  7.0461 50.18
  7.0504 50.93
  7.0547 50.53
  7.0590 51.99
  7.0634 52.37
  7.0677 53.19
  7.0720 56.44
  7.0763 57.87
  7.0806 57.26
  7.0849 56.99
  7.0893 57.90
  7.0936 59.77
  7.0979 61.68
  7.1022 61.50
  7.1065 62.54
  7.1109 63.35
  7.1152 65.30
  7.1195 68.53
  7.1238 70.21
  7.1281 72.70
  7.1324 75.18
  7.1368 76.01
  7.1411 76.91
  7.1454 83.40
  7.1497 83.50
  7.1540 83.81
  7.1583 84.71
  7.1627 89.92
  7.1670 95.41
  7.1713 98.28
  7.1756100.01
  7.1799104.74
