
    74-0.812
-232.8941   7.6271
 414 341
 414  0.046
 413  0.048
 412  0.044
 411  0.045
 410  0.048
 409  0.048
 408  0.052
 407  0.054
 406  0.052
 405  0.054
 404  0.051
 403  0.050
 402  0.050
 401  0.052
 400  0.053
 399  0.050
 398  0.050
 397  0.047
 396  0.045
 395  0.046
 394  0.049
 393  0.053
 392  0.054
 391  0.057
 390  0.055
 389  0.055
 388  0.055
 387  0.055
 386  0.056
 385  0.057
 384  0.054
 383  0.057
 382  0.058
 381  0.060
 380  0.062
 379  0.063
 378  0.065
 377  0.061
 376  0.062
 375  0.067
 374  0.066
 373  0.070
 372  0.069
 371  0.069
 370  0.071
 369  0.070
 368  0.071
 367  0.075
 366  0.075
 365  0.078
 364  0.075
 363  0.078
 362  0.078
 361  0.077
 360  0.077
 359  0.079
 358  0.081
 357  0.080
 356  0.081
 355  0.082
 354  0.085
 353  0.089
 352  0.089
 351  0.088
 350  0.090
 349  0.087
 348  0.089
 347  0.085
 346  0.086
 345  0.088
 344  0.081
 343  0.078
 342  0.066
 341  0.020
    74-0.812
-232.8941   7.6271
 292 219
 292  0.041
 291  0.042
 290  0.043
 289  0.039
 288  0.043
 287  0.043
 286  0.043
 285  0.043
 284  0.042
 283  0.042
 282  0.044
 281  0.043
 280  0.045
 279  0.043
 278  0.045
 277  0.045
 276  0.044
 275  0.044
 274  0.041
 273  0.047
 272  0.049
 271  0.047
 270  0.052
 269  0.048
 268  0.048
 267  0.053
 266  0.054
 265  0.056
 264  0.053
 263  0.055
 262  0.055
 261  0.057
 260  0.059
 259  0.058
 258  0.061
 257  0.058
 256  0.056
 255  0.061
 254  0.059
 253  0.060
 252  0.063
 251  0.064
 250  0.064
 249  0.062
 248  0.059
 247  0.059
 246  0.061
 245  0.062
 244  0.060
 243  0.065
 242  0.065
 241  0.064
 240  0.061
 239  0.062
 238  0.064
 237  0.066
 236  0.070
 235  0.067
 234  0.066
 233  0.066
 232  0.069
 231  0.067
 230  0.062
 229  0.061
 228  0.062
 227  0.066
 226  0.064
 225  0.066
 224  0.064
 223  0.063
 222  0.063
 221  0.058
 220  0.064
 219  0.074
    71-0.812
-232.8941   7.6271
 169  99
 169  0.029
 168  0.020
 167  0.022
 166  0.020
 165  0.018
 164  0.022
 163  0.020
 162  0.022
 161  0.017
 160  0.018
 159  0.022
 158  0.023
 157  0.023
 156  0.017
 155  0.023
 154  0.021
 153  0.024
 152  0.025
 151  0.023
 150  0.022
 149  0.021
 148  0.020
 147  0.022
 146  0.021
 145  0.026
 144  0.025
 143  0.025
 142  0.026
 141  0.023
 140  0.025
 139  0.025
 138  0.024
 137  0.025
 136  0.024
 135  0.026
 134  0.027
 133  0.032
 132  0.030
 131  0.030
 130  0.029
 129  0.027
 128  0.029
 127  0.029
 126  0.032
 125  0.031
 124  0.032
 123  0.036
 122  0.038
 121  0.040
 120  0.041
 119  0.043
 118  0.039
 117  0.041
 116  0.045
 115  0.047
 114  0.047
 113  0.049
 112  0.054
 111  0.053
 110  0.057
 109  0.059
 108  0.060
 107  0.062
 106  0.062
 105  0.064
 104  0.072
 103  0.079
 102  0.079
 101  0.078
 100  0.069
  99  0.047
    73-0.812
-232.8941   7.6271
 415 343
 415  0.040
 414  0.035
 413  0.038
 412  0.038
 411  0.039
 410  0.036
 409  0.036
 408  0.036
 407  0.037
 406  0.037
 405  0.038
 404  0.040
 403  0.036
 402  0.036
 401  0.039
 400  0.039
 399  0.037
 398  0.035
 397  0.037
 396  0.041
 395  0.042
 394  0.041
 393  0.040
 392  0.043
 391  0.042
 390  0.042
 389  0.043
 388  0.046
 387  0.044
 386  0.043
 385  0.046
 384  0.048
 383  0.044
 382  0.047
 381  0.053
 380  0.054
 379  0.055
 378  0.055
 377  0.054
 376  0.056
 375  0.058
 374  0.062
 373  0.062
 372  0.061
 371  0.064
 370  0.064
 369  0.065
 368  0.068
 367  0.070
 366  0.070
 365  0.068
 364  0.067
 363  0.070
 362  0.071
 361  0.074
 360  0.073
 359  0.075
 358  0.076
 357  0.076
 356  0.076
 355  0.076
 354  0.076
 353  0.076
 352  0.076
 351  0.077
 350  0.078
 349  0.078
 348  0.081
 347  0.081
 346  0.082
 345  0.084
 344  0.098
 343  0.115
    72-0.812
-232.8941   7.6271
 292 221
 292  0.046
 291  0.047
 290  0.044
 289  0.047
 288  0.048
 287  0.046
 286  0.047
 285  0.048
 284  0.047
 283  0.046
 282  0.045
 281  0.047
 280  0.050
 279  0.050
 278  0.051
 277  0.054
 276  0.053
 275  0.055
 274  0.055
 273  0.055
 272  0.055
 271  0.054
 270  0.053
 269  0.055
 268  0.056
 267  0.060
 266  0.056
 265  0.057
 264  0.062
 263  0.062
 262  0.062
 261  0.061
 260  0.061
 259  0.065
 258  0.065
 257  0.065
 256  0.066
 255  0.070
 254  0.070
 253  0.071
 252  0.069
 251  0.071
 250  0.072
 249  0.073
 248  0.074
 247  0.076
 246  0.076
 245  0.077
 244  0.073
 243  0.076
 242  0.081
 241  0.082
 240  0.081
 239  0.080
 238  0.083
 237  0.082
 236  0.087
 235  0.089
 234  0.089
 233  0.086
 232  0.085
 231  0.088
 230  0.089
 229  0.094
 228  0.094
 227  0.094
 226  0.097
 225  0.097
 224  0.093
 223  0.088
 222  0.085
 221  0.067
    70-0.812
-232.8941   7.6271
 170 101
 170  0.028
 169  0.037
 168  0.039
 167  0.040
 166  0.036
 165  0.039
 164  0.040
 163  0.043
 162  0.040
 161  0.043
 160  0.048
 159  0.048
 158  0.047
 157  0.051
 156  0.051
 155  0.052
 154  0.054
 153  0.053
 152  0.054
 151  0.057
 150  0.059
 149  0.058
 148  0.059
 147  0.059
 146  0.064
 145  0.067
 144  0.065
 143  0.064
 142  0.065
 141  0.067
 140  0.070
 139  0.071
 138  0.072
 137  0.071
 136  0.071
 135  0.071
 134  0.074
 133  0.074
 132  0.071
 131  0.075
 130  0.078
 129  0.079
 128  0.080
 127  0.079
 126  0.077
 125  0.079
 124  0.080
 123  0.083
 122  0.082
 121  0.082
 120  0.079
 119  0.081
 118  0.081
 117  0.082
 116  0.080
 115  0.081
 114  0.079
 113  0.080
 112  0.081
 111  0.083
 110  0.082
 109  0.084
 108  0.082
 107  0.080
 106  0.081
 105  0.081
 104  0.081
 103  0.090
 102  0.120
 101  0.174
    79-0.813
-232.8941   7.6271
 420 342
 420  0.090
 419  0.077
 418  0.072
 417  0.067
 416  0.063
 415  0.064
 414  0.064
 413  0.062
 412  0.062
 411  0.061
 410  0.061
 409  0.058
 408  0.055
 407  0.055
 406  0.051
 405  0.053
 404  0.051
 403  0.051
 402  0.051
 401  0.051
 400  0.052
 399  0.054
 398  0.054
 397  0.052
 396  0.050
 395  0.053
 394  0.054
 393  0.056
 392  0.056
 391  0.055
 390  0.055
 389  0.056
 388  0.055
 387  0.056
 386  0.056
 385  0.055
 384  0.057
 383  0.057
 382  0.059
 381  0.057
 380  0.055
 379  0.057
 378  0.057
 377  0.057
 376  0.059
 375  0.060
 374  0.060
 373  0.059
 372  0.062
 371  0.061
 370  0.062
 369  0.063
 368  0.063
 367  0.065
 366  0.064
 365  0.064
 364  0.065
 363  0.065
 362  0.068
 361  0.069
 360  0.067
 359  0.069
 358  0.070
 357  0.070
 356  0.070
 355  0.073
 354  0.075
 353  0.077
 352  0.075
 351  0.076
 350  0.078
 349  0.078
 348  0.077
 347  0.079
 346  0.079
 345  0.075
 344  0.079
 343  0.081
 342  0.095
    77-0.813
-232.8941   7.6271
 295 219
 295  0.027
 294  0.027
 293  0.030
 292  0.033
 291  0.037
 290  0.036
 289  0.032
 288  0.031
 287  0.033
 286  0.036
 285  0.037
 284  0.037
 283  0.038
 282  0.039
 281  0.037
 280  0.034
 279  0.040
 278  0.041
 277  0.040
 276  0.038
 275  0.040
 274  0.041
 273  0.044
 272  0.045
 271  0.044
 270  0.043
 269  0.043
 268  0.047
 267  0.044
 266  0.045
 265  0.043
 264  0.044
 263  0.046
 262  0.047
 261  0.048
 260  0.050
 259  0.050
 258  0.052
 257  0.051
 256  0.050
 255  0.050
 254  0.051
 253  0.050
 252  0.051
 251  0.053
 250  0.054
 249  0.052
 248  0.054
 247  0.054
 246  0.054
 245  0.053
 244  0.055
 243  0.057
 242  0.058
 241  0.058
 240  0.059
 239  0.058
 238  0.060
 237  0.061
 236  0.062
 235  0.062
 234  0.061
 233  0.063
 232  0.065
 231  0.066
 230  0.068
 229  0.070
 228  0.072
 227  0.075
 226  0.078
 225  0.081
 224  0.081
 223  0.084
 222  0.086
 221  0.089
 220  0.100
 219  0.131
    77-0.813
-232.8941   7.6271
 176 100
 176  0.048
 175  0.036
 174  0.035
 173  0.033
 172  0.035
 171  0.035
 170  0.037
 169  0.038
 168  0.038
 167  0.038
 166  0.038
 165  0.036
 164  0.036
 163  0.037
 162  0.039
 161  0.039
 160  0.041
 159  0.042
 158  0.041
 157  0.045
 156  0.048
 155  0.050
 154  0.051
 153  0.054
 152  0.057
 151  0.057
 150  0.057
 149  0.056
 148  0.057
 147  0.056
 146  0.060
 145  0.059
 144  0.059
 143  0.060
 142  0.060
 141  0.060
 140  0.057
 139  0.057
 138  0.060
 137  0.061
 136  0.059
 135  0.060
 134  0.060
 133  0.063
 132  0.064
 131  0.060
 130  0.058
 129  0.061
 128  0.060
 127  0.058
 126  0.052
 125  0.054
 124  0.052
 123  0.050
 122  0.047
 121  0.049
 120  0.053
 119  0.055
 118  0.056
 117  0.059
 116  0.057
 115  0.061
 114  0.063
 113  0.066
 112  0.064
 111  0.065
 110  0.066
 109  0.069
 108  0.073
 107  0.078
 106  0.077
 105  0.078
 104  0.083
 103  0.090
 102  0.094
 101  0.095
 100  0.085
 366 NM AT 4223 MIN, BASELINE                   
