
  9 0.10814E+06
 CELL C(0)     M(W)     M(V)     M(Z)  L(S)  L(B)
  1  58.12   81254.   74649.  142882.  285.  366.
  2  41.27   45453.   46671.   57623.  285.  366.
  3  32.04   79748.   62566.  162370.  285.  366.
  4  33.63   84964.   65193.  191556.  285.  366.
  5  56.38   83653.   74173.  153800.  285.  366.
  6  41.49   49469.   45070.  111343.  285.  366.
  7  40.07   50463.   41552.  151870.  285.  366.
  8  32.42   89173.   61620.  229794.  285.  366.
  9  53.65   75921.   60153.  158156.  285.  366.
