
    71-0.808
-231.6386   7.6073
 411 341
 411  0.347
 410  0.351
 409  0.346
 408  0.350
 407  0.356
 406  0.354
 405  0.362
 404  0.372
 403  0.373
 402  0.383
 401  0.378
 400  0.383
 399  0.383
 398  0.389
 397  0.391
 396  0.400
 395  0.400
 394  0.406
 393  0.409
 392  0.406
 391  0.413
 390  0.424
 389  0.422
 388  0.430
 387  0.440
 386  0.441
 385  0.437
 384  0.454
 383  0.459
 382  0.462
 381  0.461
 380  0.473
 379  0.471
 378  0.471
 377  0.479
 376  0.498
 375  0.517
 374  0.515
 373  0.524
 372  0.530
 371  0.540
 370  0.558
 369  0.568
 368  0.578
 367  0.586
 366  0.594
 365  0.604
 364  0.625
 363  0.646
 362  0.624
 361  0.647
 360  0.676
 359  0.672
 358  0.686
 357  0.697
 356  0.733
 355  0.738
 354  0.743
 353  0.770
 352  0.762
 351  0.792
 350  0.827
 349  0.803
 348  0.847
 347  0.898
 346  0.912
 345  0.918
 344  0.936
 343  0.930
 342  0.975
 341  0.981
    68-0.808
-231.6386   7.6073
 286 219
 286  0.294
 285  0.297
 284  0.300
 283  0.301
 282  0.309
 281  0.316
 280  0.309
 279  0.311
 278  0.311
 277  0.319
 276  0.318
 275  0.327
 274  0.332
 273  0.333
 272  0.335
 271  0.338
 270  0.341
 269  0.346
 268  0.346
 267  0.353
 266  0.361
 265  0.357
 264  0.358
 263  0.364
 262  0.364
 261  0.367
 260  0.381
 259  0.387
 258  0.391
 257  0.392
 256  0.393
 255  0.393
 254  0.397
 253  0.402
 252  0.398
 251  0.405
 250  0.409
 249  0.421
 248  0.435
 247  0.438
 246  0.434
 245  0.438
 244  0.429
 243  0.430
 242  0.450
 241  0.470
 240  0.478
 239  0.468
 238  0.470
 237  0.478
 236  0.484
 235  0.480
 234  0.489
 233  0.503
 232  0.520
 231  0.513
 230  0.520
 229  0.535
 228  0.542
 227  0.550
 226  0.544
 225  0.551
 224  0.553
 223  0.568
 222  0.581
 221  0.592
 220  0.611
 219  0.622
    69-0.808
-231.6386   7.6073
 164  96
 164  0.193
 163  0.189
 162  0.188
 161  0.194
 160  0.197
 159  0.193
 158  0.193
 157  0.191
 156  0.198
 155  0.206
 154  0.210
 153  0.212
 152  0.209
 151  0.213
 150  0.221
 149  0.220
 148  0.221
 147  0.217
 146  0.223
 145  0.232
 144  0.231
 143  0.239
 142  0.238
 141  0.245
 140  0.247
 139  0.248
 138  0.248
 137  0.258
 136  0.259
 135  0.261
 134  0.263
 133  0.266
 132  0.278
 131  0.279
 130  0.286
 129  0.287
 128  0.291
 127  0.295
 126  0.301
 125  0.301
 124  0.307
 123  0.310
 122  0.317
 121  0.324
 120  0.330
 119  0.339
 118  0.350
 117  0.359
 116  0.363
 115  0.366
 114  0.377
 113  0.383
 112  0.384
 111  0.402
 110  0.410
 109  0.413
 108  0.438
 107  0.438
 106  0.455
 105  0.478
 104  0.488
 103  0.493
 102  0.529
 101  0.543
 100  0.562
  99  0.579
  98  0.604
  97  0.634
  96  0.653
    69-0.808
-232.2663   7.6065
 410 342
 410  0.214
 409  0.213
 408  0.218
 407  0.223
 406  0.226
 405  0.223
 404  0.227
 403  0.229
 402  0.234
 401  0.243
 400  0.240
 399  0.239
 398  0.245
 397  0.248
 396  0.248
 395  0.247
 394  0.252
 393  0.262
 392  0.257
 391  0.256
 390  0.261
 389  0.266
 388  0.273
 387  0.270
 386  0.270
 385  0.278
 384  0.285
 383  0.287
 382  0.293
 381  0.289
 380  0.288
 379  0.295
 378  0.301
 377  0.304
 376  0.312
 375  0.318
 374  0.320
 373  0.324
 372  0.327
 371  0.335
 370  0.339
 369  0.348
 368  0.351
 367  0.357
 366  0.367
 365  0.362
 364  0.369
 363  0.375
 362  0.387
 361  0.401
 360  0.401
 359  0.397
 358  0.409
 357  0.427
 356  0.439
 355  0.446
 354  0.466
 353  0.478
 352  0.480
 351  0.480
 350  0.488
 349  0.505
 348  0.525
 347  0.569
 346  0.583
 345  0.576
 344  0.577
 343  0.620
 342  0.626
    68-0.808
-232.2663   7.6065
 287 220
 287  0.331
 286  0.335
 285  0.334
 284  0.336
 283  0.342
 282  0.345
 281  0.347
 280  0.349
 279  0.351
 278  0.358
 277  0.368
 276  0.375
 275  0.373
 274  0.376
 273  0.380
 272  0.382
 271  0.387
 270  0.400
 269  0.402
 268  0.405
 267  0.402
 266  0.408
 265  0.415
 264  0.423
 263  0.444
 262  0.455
 261  0.455
 260  0.469
 259  0.475
 258  0.476
 257  0.471
 256  0.481
 255  0.494
 254  0.501
 253  0.517
 252  0.522
 251  0.522
 250  0.546
 249  0.560
 248  0.583
 247  0.573
 246  0.590
 245  0.601
 244  0.598
 243  0.626
 242  0.652
 241  0.652
 240  0.652
 239  0.647
 238  0.680
 237  0.695
 236  0.709
 235  0.729
 234  0.751
 233  0.746
 232  0.787
 231  0.815
 230  0.806
 229  0.826
 228  0.860
 227  0.872
 226  0.908
 225  0.960
 224  0.972
 223  1.021
 222  1.026
 221  1.006
 220  1.049
    65-0.808
-232.2663   7.6065
 165 101
 165  0.290
 164  0.299
 163  0.302
 162  0.298
 161  0.302
 160  0.306
 159  0.310
 158  0.311
 157  0.322
 156  0.326
 155  0.322
 154  0.318
 153  0.326
 152  0.326
 151  0.336
 150  0.343
 149  0.349
 148  0.356
 147  0.358
 146  0.357
 145  0.360
 144  0.366
 143  0.366
 142  0.370
 141  0.377
 140  0.381
 139  0.385
 138  0.389
 137  0.389
 136  0.398
 135  0.396
 134  0.407
 133  0.413
 132  0.420
 131  0.425
 130  0.429
 129  0.436
 128  0.436
 127  0.442
 126  0.444
 125  0.450
 124  0.456
 123  0.454
 122  0.459
 121  0.478
 120  0.483
 119  0.476
 118  0.491
 117  0.502
 116  0.507
 115  0.508
 114  0.511
 113  0.515
 112  0.513
 111  0.531
 110  0.535
 109  0.538
 108  0.548
 107  0.557
 106  0.577
 105  0.598
 104  0.591
 103  0.597
 102  0.601
 101  0.622
    76-0.808
-231.6386   7.6073
 412 337
 412  0.322
 411  0.330
 410  0.333
 409  0.324
 408  0.318
 407  0.322
 406  0.333
 405  0.331
 404  0.334
 403  0.335
 402  0.333
 401  0.329
 400  0.331
 399  0.337
 398  0.342
 397  0.340
 396  0.339
 395  0.346
 394  0.353
 393  0.358
 392  0.358
 391  0.350
 390  0.360
 389  0.365
 388  0.361
 387  0.361
 386  0.368
 385  0.364
 384  0.365
 383  0.374
 382  0.378
 381  0.376
 380  0.377
 379  0.387
 378  0.384
 377  0.380
 376  0.392
 375  0.401
 374  0.409
 373  0.413
 372  0.413
 371  0.423
 370  0.414
 369  0.413
 368  0.421
 367  0.424
 366  0.433
 365  0.441
 364  0.444
 363  0.448
 362  0.448
 361  0.461
 360  0.464
 359  0.474
 358  0.492
 357  0.500
 356  0.485
 355  0.497
 354  0.510
 353  0.517
 352  0.516
 351  0.514
 350  0.524
 349  0.526
 348  0.547
 347  0.559
 346  0.570
 345  0.575
 344  0.584
 343  0.597
 342  0.604
 341  0.598
 340  0.619
 339  0.644
 338  0.643
 337  0.706
    74-0.808
-231.6386   7.6073
 289 216
 289  0.194
 288  0.198
 287  0.201
 286  0.204
 285  0.203
 284  0.203
 283  0.203
 282  0.206
 281  0.205
 280  0.206
 279  0.213
 278  0.216
 277  0.217
 276  0.222
 275  0.228
 274  0.228
 273  0.231
 272  0.232
 271  0.236
 270  0.239
 269  0.236
 268  0.247
 267  0.250
 266  0.253
 265  0.248
 264  0.251
 263  0.254
 262  0.256
 261  0.262
 260  0.269
 259  0.269
 258  0.270
 257  0.278
 256  0.286
 255  0.284
 254  0.286
 253  0.290
 252  0.289
 251  0.299
 250  0.308
 249  0.303
 248  0.303
 247  0.316
 246  0.318
 245  0.319
 244  0.327
 243  0.331
 242  0.340
 241  0.337
 240  0.349
 239  0.358
 238  0.361
 237  0.365
 236  0.378
 235  0.388
 234  0.405
 233  0.416
 232  0.407
 231  0.431
 230  0.441
 229  0.439
 228  0.456
 227  0.466
 226  0.476
 225  0.485
 224  0.504
 223  0.512
 222  0.556
 221  0.572
 220  0.589
 219  0.617
 218  0.637
 217  0.685
 216  0.748
    74-0.808
-231.6386   7.6073
 170  97
 170  0.299
 169  0.305
 168  0.311
 167  0.317
 166  0.322
 165  0.326
 164  0.317
 163  0.316
 162  0.329
 161  0.331
 160  0.328
 159  0.327
 158  0.338
 157  0.346
 156  0.353
 155  0.352
 154  0.361
 153  0.364
 152  0.366
 151  0.362
 150  0.363
 149  0.383
 148  0.402
 147  0.402
 146  0.405
 145  0.398
 144  0.402
 143  0.404
 142  0.418
 141  0.436
 140  0.438
 139  0.442
 138  0.449
 137  0.452
 136  0.456
 135  0.456
 134  0.463
 133  0.481
 132  0.490
 131  0.485
 130  0.494
 129  0.510
 128  0.511
 127  0.503
 126  0.523
 125  0.562
 124  0.582
 123  0.572
 122  0.555
 121  0.568
 120  0.584
 119  0.595
 118  0.600
 117  0.618
 116  0.608
 115  0.614
 114  0.630
 113  0.666
 112  0.697
 111  0.684
 110  0.699
 109  0.730
 108  0.755
 107  0.795
 106  0.799
 105  0.773
 104  0.788
 103  0.809
 102  0.869
 101  0.864
 100  0.920
  99  0.992
  98  0.995
  97  1.062
285 NM 1370 MIN, 4 DEG , 10K RPM                
