
    73-0.807
-232.2663   7.6323
 418 346
 418  0.525
 417  0.521
 416  0.538
 415  0.528
 414  0.515
 413  0.544
 412  0.537
 411  0.541
 410  0.548
 409  0.557
 408  0.560
 407  0.579
 406  0.553
 405  0.541
 404  0.557
 403  0.588
 402  0.572
 401  0.570
 400  0.572
 399  0.575
 398  0.551
 397  0.523
 396  0.525
 395  0.531
 394  0.552
 393  0.539
 392  0.564
 391  0.548
 390  0.544
 389  0.556
 388  0.550
 387  0.552
 386  0.557
 385  0.540
 384  0.533
 383  0.537
 382  0.540
 381  0.542
 380  0.526
 379  0.525
 378  0.541
 377  0.551
 376  0.534
 375  0.556
 374  0.555
 373  0.548
 372  0.544
 371  0.533
 370  0.538
 369  0.547
 368  0.547
 367  0.550
 366  0.580
 365  0.570
 364  0.559
 363  0.547
 362  0.549
 361  0.592
 360  0.570
 359  0.594
 358  0.557
 357  0.545
 356  0.542
 355  0.547
 354  0.544
 353  0.547
 352  0.534
 351  0.549
 350  0.519
 349  0.511
 348  0.531
 347  0.539
 346  0.527
    70-0.807
-232.2663   7.6323
 293 224
 293  0.381
 292  0.382
 291  0.384
 290  0.383
 289  0.390
 288  0.394
 287  0.389
 286  0.404
 285  0.391
 284  0.397
 283  0.390
 282  0.398
 281  0.410
 280  0.408
 279  0.415
 278  0.407
 277  0.413
 276  0.439
 275  0.432
 274  0.444
 273  0.444
 272  0.429
 271  0.423
 270  0.429
 269  0.429
 268  0.411
 267  0.422
 266  0.434
 265  0.433
 264  0.432
 263  0.439
 262  0.428
 261  0.427
 260  0.429
 259  0.418
 258  0.421
 257  0.433
 256  0.437
 255  0.440
 254  0.429
 253  0.418
 252  0.419
 251  0.424
 250  0.418
 249  0.425
 248  0.434
 247  0.430
 246  0.425
 245  0.423
 244  0.412
 243  0.411
 242  0.410
 241  0.418
 240  0.423
 239  0.421
 238  0.425
 237  0.431
 236  0.412
 235  0.406
 234  0.413
 233  0.416
 232  0.404
 231  0.410
 230  0.415
 229  0.412
 228  0.405
 227  0.405
 226  0.426
 225  0.428
 224  0.406
    68-0.807
-232.2663   7.6323
 170 103
 170  0.316
 169  0.324
 168  0.327
 167  0.324
 166  0.320
 165  0.316
 164  0.318
 163  0.309
 162  0.314
 161  0.321
 160  0.319
 159  0.315
 158  0.317
 157  0.318
 156  0.321
 155  0.316
 154  0.321
 153  0.317
 152  0.317
 151  0.310
 150  0.313
 149  0.316
 148  0.324
 147  0.332
 146  0.328
 145  0.336
 144  0.326
 143  0.320
 142  0.325
 141  0.317
 140  0.309
 139  0.313
 138  0.314
 137  0.316
 136  0.332
 135  0.326
 134  0.324
 133  0.320
 132  0.316
 131  0.317
 130  0.318
 129  0.308
 128  0.310
 127  0.303
 126  0.313
 125  0.310
 124  0.312
 123  0.306
 122  0.316
 121  0.322
 120  0.317
 119  0.312
 118  0.322
 117  0.304
 116  0.298
 115  0.300
 114  0.309
 113  0.314
 112  0.314
 111  0.301
 110  0.303
 109  0.305
 108  0.308
 107  0.305
 106  0.302
 105  0.306
 104  0.306
 103  0.296
    70-0.808
-231.6386   7.6332
 416 347
 416  0.304
 415  0.307
 414  0.308
 413  0.305
 412  0.313
 411  0.317
 410  0.316
 409  0.312
 408  0.320
 407  0.326
 406  0.324
 405  0.331
 404  0.334
 403  0.329
 402  0.330
 401  0.335
 400  0.341
 399  0.338
 398  0.336
 397  0.333
 396  0.336
 395  0.346
 394  0.341
 393  0.343
 392  0.340
 391  0.341
 390  0.332
 389  0.328
 388  0.335
 387  0.333
 386  0.339
 385  0.336
 384  0.332
 383  0.338
 382  0.334
 381  0.337
 380  0.335
 379  0.336
 378  0.343
 377  0.339
 376  0.342
 375  0.349
 374  0.343
 373  0.334
 372  0.342
 371  0.346
 370  0.355
 369  0.355
 368  0.347
 367  0.342
 366  0.340
 365  0.350
 364  0.356
 363  0.353
 362  0.360
 361  0.355
 360  0.349
 359  0.357
 358  0.350
 357  0.348
 356  0.343
 355  0.338
 354  0.342
 353  0.339
 352  0.341
 351  0.336
 350  0.327
 349  0.340
 348  0.340
 347  0.336
    68-0.808
-231.6386   7.6332
 293 226
 293  0.524
 292  0.544
 291  0.537
 290  0.514
 289  0.527
 288  0.538
 287  0.534
 286  0.530
 285  0.518
 284  0.533
 283  0.534
 282  0.527
 281  0.533
 280  0.555
 279  0.538
 278  0.541
 277  0.530
 276  0.541
 275  0.547
 274  0.540
 273  0.536
 272  0.535
 271  0.547
 270  0.560
 269  0.561
 268  0.551
 267  0.539
 266  0.555
 265  0.552
 264  0.551
 263  0.578
 262  0.578
 261  0.552
 260  0.538
 259  0.518
 258  0.534
 257  0.532
 256  0.551
 255  0.562
 254  0.557
 253  0.545
 252  0.538
 251  0.550
 250  0.539
 249  0.569
 248  0.576
 247  0.560
 246  0.551
 245  0.546
 244  0.533
 243  0.534
 242  0.534
 241  0.541
 240  0.532
 239  0.533
 238  0.550
 237  0.562
 236  0.537
 235  0.541
 234  0.527
 233  0.556
 232  0.541
 231  0.510
 230  0.519
 229  0.531
 228  0.546
 227  0.542
 226  0.547
    68-0.808
-231.6386   7.6332
 171 104
 171  0.382
 170  0.387
 169  0.407
 168  0.391
 167  0.404
 166  0.395
 165  0.396
 164  0.407
 163  0.402
 162  0.408
 161  0.413
 160  0.413
 159  0.404
 158  0.410
 157  0.416
 156  0.425
 155  0.432
 154  0.447
 153  0.424
 152  0.428
 151  0.429
 150  0.431
 149  0.426
 148  0.429
 147  0.431
 146  0.433
 145  0.429
 144  0.426
 143  0.432
 142  0.429
 141  0.442
 140  0.438
 139  0.429
 138  0.440
 137  0.439
 136  0.446
 135  0.442
 134  0.429
 133  0.435
 132  0.432
 131  0.425
 130  0.428
 129  0.436
 128  0.429
 127  0.443
 126  0.441
 125  0.435
 124  0.447
 123  0.442
 122  0.439
 121  0.448
 120  0.442
 119  0.427
 118  0.426
 117  0.428
 116  0.421
 115  0.426
 114  0.426
 113  0.405
 112  0.398
 111  0.404
 110  0.418
 109  0.429
 108  0.418
 107  0.415
 106  0.412
 105  0.406
 104  0.408
    77-0.807
-231.6386   7.6332
 421 345
 421  0.428
 420  0.425
 419  0.426
 418  0.418
 417  0.420
 416  0.426
 415  0.437
 414  0.418
 413  0.419
 412  0.423
 411  0.405
 410  0.413
 409  0.417
 408  0.411
 407  0.405
 406  0.421
 405  0.412
 404  0.420
 403  0.408
 402  0.425
 401  0.422
 400  0.420
 399  0.426
 398  0.398
 397  0.394
 396  0.406
 395  0.421
 394  0.409
 393  0.417
 392  0.410
 391  0.411
 390  0.402
 389  0.406
 388  0.404
 387  0.411
 386  0.406
 385  0.416
 384  0.415
 383  0.398
 382  0.405
 381  0.415
 380  0.406
 379  0.391
 378  0.399
 377  0.395
 376  0.391
 375  0.401
 374  0.397
 373  0.398
 372  0.402
 371  0.413
 370  0.407
 369  0.402
 368  0.415
 367  0.403
 366  0.405
 365  0.397
 364  0.388
 363  0.403
 362  0.397
 361  0.398
 360  0.391
 359  0.391
 358  0.393
 357  0.394
 356  0.399
 355  0.404
 354  0.409
 353  0.414
 352  0.417
 351  0.399
 350  0.394
 349  0.392
 348  0.400
 347  0.404
 346  0.399
 345  0.400
    75-0.807
-231.6386   7.6332
 296 222
 296  0.303
 295  0.311
 294  0.317
 293  0.326
 292  0.322
 291  0.316
 290  0.310
 289  0.321
 288  0.320
 287  0.304
 286  0.311
 285  0.311
 284  0.309
 283  0.310
 282  0.313
 281  0.312
 280  0.313
 279  0.318
 278  0.312
 277  0.314
 276  0.311
 275  0.316
 274  0.323
 273  0.324
 272  0.320
 271  0.310
 270  0.316
 269  0.312
 268  0.310
 267  0.311
 266  0.308
 265  0.312
 264  0.316
 263  0.311
 262  0.312
 261  0.314
 260  0.315
 259  0.321
 258  0.321
 257  0.319
 256  0.316
 255  0.315
 254  0.316
 253  0.317
 252  0.316
 251  0.315
 250  0.315
 249  0.317
 248  0.315
 247  0.311
 246  0.315
 245  0.313
 244  0.312
 243  0.319
 242  0.311
 241  0.315
 240  0.314
 239  0.318
 238  0.322
 237  0.322
 236  0.310
 235  0.320
 234  0.319
 233  0.324
 232  0.315
 231  0.312
 230  0.313
 229  0.316
 228  0.319
 227  0.319
 226  0.328
 225  0.333
 224  0.329
 223  0.323
 222  0.322
    68-0.807
-231.6386   7.6332
 172 105
 172  0.508
 171  0.502
 170  0.523
 169  0.525
 168  0.531
 167  0.522
 166  0.518
 165  0.511
 164  0.522
 163  0.534
 162  0.532
 161  0.548
 160  0.553
 159  0.509
 158  0.506
 157  0.529
 156  0.519
 155  0.526
 154  0.516
 153  0.544
 152  0.525
 151  0.515
 150  0.512
 149  0.502
 148  0.506
 147  0.502
 146  0.516
 145  0.509
 144  0.516
 143  0.526
 142  0.515
 141  0.517
 140  0.497
 139  0.515
 138  0.524
 137  0.535
 136  0.520
 135  0.514
 134  0.533
 133  0.498
 132  0.498
 131  0.508
 130  0.522
 129  0.522
 128  0.501
 127  0.502
 126  0.483
 125  0.487
 124  0.493
 123  0.499
 122  0.524
 121  0.520
 120  0.503
 119  0.499
 118  0.491
 117  0.490
 116  0.487
 115  0.486
 114  0.489
 113  0.477
 112  0.476
 111  0.494
 110  0.492
 109  0.487
 108  0.487
 107  0.491
 106  0.493
 105  0.499
 285 NM BASELINE, 0 TIME 10 K RPM               
