
  67
  5.8503 28.26
  5.8546 28.68
  5.8589 28.88
  5.8632 29.24
  5.8676 29.50
  5.8719 29.01
  5.8762 29.36
  5.8805 29.75
  5.8848 29.85
  5.8891 29.97
  5.8935 31.92
  5.8978 33.10
  5.9021 33.55
  5.9064 32.17
  5.9107 31.88
  5.9150 33.30
  5.9194 34.58
  5.9237 35.56
  5.9280 36.07
  5.9323 36.71
  5.9366 37.58
  5.9409 38.07
  5.9453 38.51
  5.9496 38.76
  5.9539 40.10
  5.9582 39.90
  5.9625 40.10
  5.9668 40.57
  5.9712 40.77
  5.9755 42.90
  5.9798 42.89
  5.9841 41.66
  5.9884 42.83
  5.9927 43.63
  5.9971 44.76
  6.0014 46.02
  6.0057 46.95
  6.0100 49.46
  6.0143 51.30
  6.0187 54.84
  6.0230 54.44
  6.0273 54.94
  6.0316 55.00
  6.0359 56.42
  6.0402 59.14
  6.0446 60.86
  6.0489 61.42
  6.0532 63.10
  6.0575 64.47
  6.0618 67.34
  6.0661 65.56
  6.0705 66.50
  6.0748 72.95
  6.0791 76.20
  6.0834 75.60
  6.0877 79.80
  6.0920 80.15
  6.0964 82.95
  6.1007 87.55
  6.1050 91.55
  6.1093 94.09
  6.1136 96.10
  6.1179 99.45
  6.1223106.79
  6.1266105.66
  6.1309112.79
  6.1352115.62
  67
  6.3770 24.41
  6.3813 24.71
  6.3856 24.74
  6.3899 25.05
  6.3942 25.20
  6.3986 25.50
  6.4029 26.00
  6.4072 26.09
  6.4115 26.90
  6.4158 26.82
  6.4201 27.09
  6.4245 27.32
  6.4288 27.48
  6.4331 28.02
  6.4374 28.60
  6.4417 29.39
  6.4460 29.10
  6.4504 29.88
  6.4547 30.03
  6.4590 29.21
  6.4633 29.59
  6.4676 29.42
  6.4719 30.69
  6.4763 31.90
  6.4806 31.31
  6.4849 31.00
  6.4892 32.50
  6.4935 33.60
  6.4978 33.50
  6.5022 33.20
  6.5065 34.20
  6.5108 33.50
  6.5151 33.79
  6.5194 34.41
  6.5237 35.31
  6.5281 36.88
  6.5324 36.11
  6.5367 37.49
  6.5410 38.88
  6.5453 38.79
  6.5497 39.00
  6.5540 39.71
  6.5583 40.32
  6.5626 39.90
  6.5669 41.48
  6.5712 40.79
  6.5756 42.42
  6.5799 43.35
  6.5842 42.60
  6.5885 44.41
  6.5928 45.24
  6.5971 46.19
  6.6015 48.47
  6.6058 50.57
  6.6101 48.04
  6.6144 50.44
  6.6187 53.32
  6.6230 53.50
  6.6274 53.35
  6.6317 54.83
  6.6360 58.49
  6.6403 56.92
  6.6446 60.58
  6.6489 64.22
  6.6533 62.54
  6.6576 62.36
  6.6619 66.24
  66
  6.9036 14.56
  6.9080 14.70
  6.9123 14.80
  6.9166 15.81
  6.9209 15.69
  6.9252 16.11
  6.9296 16.19
  6.9339 16.48
  6.9382 17.04
  6.9425 17.08
  6.9468 16.94
  6.9511 16.70
  6.9555 17.35
  6.9598 17.75
  6.9641 17.82
  6.9684 17.52
  6.9727 17.94
  6.9770 18.62
  6.9814 18.96
  6.9857 19.16
  6.9900 19.16
  6.9943 19.47
  6.9986 20.26
  7.0029 20.18
  7.0073 20.16
  7.0116 20.30
  7.0159 20.93
  7.0202 21.10
  7.0245 21.57
  7.0288 22.60
  7.0332 22.47
  7.0375 22.93
  7.0418 24.27
  7.0461 24.56
  7.0504 25.03
  7.0547 24.65
  7.0591 24.84
  7.0634 25.90
  7.0677 26.37
  7.0720 27.24
  7.0763 27.55
  7.0806 28.80
  7.0850 28.88
  7.0893 28.67
  7.0936 29.32
  7.0979 30.90
  7.1022 31.35
  7.1066 32.65
  7.1109 33.72
  7.1152 34.64
  7.1195 35.01
  7.1238 36.54
  7.1281 36.18
  7.1325 38.14
  7.1368 40.50
  7.1411 40.84
  7.1454 41.19
  7.1497 43.88
  7.1540 47.57
  7.1584 48.83
  7.1627 50.32
  7.1670 54.73
  7.1713 58.60
  7.1756 61.03
  7.1799 64.81
  7.1843 72.79
  65
  5.8589 16.98
  5.8632 16.96
  5.8676 17.80
  5.8719 18.30
  5.8762 18.28
  5.8805 18.40
  5.8848 18.58
  5.8891 18.55
  5.8935 18.90
  5.8978 19.50
  5.9021 18.82
  5.9064 19.10
  5.9107 19.95
  5.9150 20.75
  5.9194 20.34
  5.9237 20.79
  5.9280 20.57
  5.9323 21.53
  5.9366 21.83
  5.9409 21.81
  5.9453 21.73
  5.9496 21.70
  5.9539 22.47
  5.9582 23.10
  5.9625 23.77
  5.9668 23.93
  5.9712 23.70
  5.9755 24.03
  5.9798 25.14
  5.9841 26.09
  5.9884 26.18
  5.9927 26.36
  5.9971 26.56
  6.0014 26.50
  6.0057 26.74
  6.0100 28.42
  6.0143 29.02
  6.0187 28.54
  6.0230 29.20
  6.0273 30.04
  6.0316 31.07
  6.0359 31.50
  6.0402 32.06
  6.0446 33.17
  6.0489 34.31
  6.0532 34.80
  6.0575 35.69
  6.0618 37.55
  6.0661 38.96
  6.0705 39.45
  6.0748 41.86
  6.0791 43.75
  6.0834 44.40
  6.0877 44.15
  6.0920 46.10
  6.0964 47.30
  6.1007 50.20
  6.1050 53.40
  6.1093 55.90
  6.1136 61.30
  6.1179 61.95
  6.1223 66.35
  6.1266 69.30
  6.1309 71.54
  6.1352 77.00
  65
  6.3770 26.01
  6.3813 26.76
  6.3856 26.94
  6.3899 26.41
  6.3942 27.47
  6.3986 28.11
  6.4029 28.91
  6.4072 29.39
  6.4115 30.19
  6.4158 29.69
  6.4201 30.32
  6.4245 30.33
  6.4288 31.70
  6.4331 31.31
  6.4374 31.92
  6.4417 32.79
  6.4460 32.41
  6.4504 32.70
  6.4547 33.90
  6.4590 33.40
  6.4633 35.20
  6.4676 36.60
  6.4719 36.91
  6.4763 37.60
  6.4806 37.51
  6.4849 38.99
  6.4892 39.60
  6.4935 40.10
  6.4978 40.80
  6.5022 41.20
  6.5065 41.40
  6.5108 42.79
  6.5151 43.90
  6.5194 44.70
  6.5237 47.30
  6.5281 48.08
  6.5324 50.00
  6.5367 50.19
  6.5410 49.71
  6.5453 52.19
  6.5497 54.19
  6.5540 56.09
  6.5583 56.39
  6.5626 59.38
  6.5669 59.30
  6.5712 58.19
  6.5756 59.14
  6.5799 63.47
  6.5842 62.84
  6.5885 65.29
  6.5928 69.91
  6.5971 70.81
  6.6015 75.66
  6.6058 75.11
  6.6101 76.93
  6.6144 85.77
  6.6187 86.40
  6.6230 85.65
  6.6274 92.62
  6.6317100.35
  6.6360103.58
  6.6403104.81
  6.6446108.30
  6.6489111.50
  6.6533117.14
  62
  6.9080 25.15
  6.9123 25.41
  6.9166 25.44
  6.9209 25.85
  6.9252 26.44
  6.9296 26.16
  6.9339 26.93
  6.9382 26.72
  6.9425 26.90
  6.9468 27.16
  6.9511 27.67
  6.9555 27.30
  6.9598 27.84
  6.9641 28.18
  6.9684 28.66
  6.9727 28.54
  6.9770 29.12
  6.9814 29.18
  6.9857 30.26
  6.9900 30.64
  6.9943 30.80
  6.9986 31.68
  7.0029 31.71
  7.0073 31.63
  7.0116 31.66
  7.0159 32.63
  7.0202 34.27
  7.0245 34.10
  7.0288 34.93
  7.0332 33.93
  7.0375 35.47
  7.0418 36.10
  7.0461 36.70
  7.0504 37.29
  7.0547 37.60
  7.0591 37.41
  7.0634 37.51
  7.0677 38.58
  7.0720 39.93
  7.0763 39.73
  7.0806 39.57
  7.0850 41.55
  7.0893 43.15
  7.0936 43.62
  7.0979 43.57
  7.1022 44.18
  7.1066 45.30
  7.1109 46.03
  7.1152 47.64
  7.1195 47.60
  7.1238 49.22
  7.1281 50.16
  7.1325 49.92
  7.1368 52.06
  7.1411 54.92
  7.1454 55.62
  7.1497 57.14
  7.1540 57.98
  7.1584 58.83
  7.1627 62.17
  7.1670 62.97
  7.1713 65.71
  75
  5.8287 24.38
  5.8330 25.38
  5.8373 25.17
  5.8417 25.88
  5.8460 25.60
  5.8503 24.84
  5.8546 26.10
  5.8589 25.82
  5.8632 26.20
  5.8676 26.06
  5.8719 27.07
  5.8762 27.30
  5.8805 27.99
  5.8848 28.35
  5.8891 28.25
  5.8935 28.20
  5.8978 28.60
  5.9021 28.10
  5.9064 28.77
  5.9107 29.35
  5.9150 29.20
  5.9194 29.36
  5.9237 29.76
  5.9280 30.61
  5.9323 31.37
  5.9366 31.14
  5.9409 31.30
  5.9453 31.43
  5.9496 31.40
  5.9539 32.37
  5.9582 33.33
  5.9625 32.47
  5.9668 32.60
  5.9712 33.43
  5.9755 33.53
  5.9798 33.60
  5.9841 33.63
  5.9884 33.77
  5.9927 34.87
  5.9971 35.32
  6.0014 37.70
  6.0057 38.70
  6.0100 38.42
  6.0143 37.56
  6.0187 39.00
  6.0230 39.24
  6.0273 38.68
  6.0316 39.74
  6.0359 40.96
  6.0402 42.06
  6.0446 43.00
  6.0489 41.71
  6.0532 42.14
  6.0575 43.40
  6.0618 44.05
  6.0661 44.40
  6.0705 44.56
  6.0748 47.45
  6.0791 49.10
  6.0834 49.40
  6.0877 50.55
  6.0920 50.40
  6.0964 53.10
  6.1007 53.35
  6.1050 53.70
  6.1093 56.00
  6.1136 57.90
  6.1179 59.55
  6.1223 59.69
  6.1266 61.10
  6.1309 61.55
  6.1352 62.79
  6.1395 64.60
  6.1438 65.32
  6.1482 66.37
  74
  6.3640 14.80
  6.3683 14.85
  6.3726 15.05
  6.3770 14.46
  6.3813 14.49
  6.3856 15.34
  6.3899 15.59
  6.3942 15.43
  6.3986 15.54
  6.4029 15.41
  6.4072 15.80
  6.4115 15.71
  6.4158 16.21
  6.4201 16.58
  6.4245 17.47
  6.4288 17.25
  6.4331 16.61
  6.4374 17.39
  6.4417 17.79
  6.4460 18.01
  6.4504 18.81
  6.4547 18.62
  6.4590 17.90
  6.4633 18.90
  6.4676 19.60
  6.4719 19.40
  6.4763 19.31
  6.4806 19.79
  6.4849 20.10
  6.4892 21.20
  6.4935 21.70
  6.4978 21.50
  6.5022 21.50
  6.5065 22.00
  6.5108 23.00
  6.5151 23.20
  6.5194 24.00
  6.5237 23.90
  6.5281 24.30
  6.5324 24.70
  6.5367 25.31
  6.5410 25.99
  6.5453 26.49
  6.5497 27.09
  6.5540 26.71
  6.5583 28.08
  6.5626 29.30
  6.5669 29.30
  6.5712 30.01
  6.5756 30.88
  6.5799 30.58
  6.5842 31.09
  6.5885 32.90
  6.5928 34.09
  6.5971 35.31
  6.6015 36.97
  6.6058 36.59
  6.6101 38.09
  6.6144 39.80
  6.6187 40.92
  6.6230 41.97
  6.6274 44.17
  6.6317 45.78
  6.6360 47.26
  6.6403 51.26
  6.6446 54.16
  6.6489 56.14
  6.6533 58.24
  6.6576 61.64
  6.6619 70.10
  6.6662 74.64
  6.6705 77.96
  6.6748 85.43
  6.6792 94.65
  63
  6.9166 26.61
  6.9209 27.20
  6.9252 27.65
  6.9296 27.79
  6.9339 27.90
  6.9382 28.79
  6.9425 29.04
  6.9468 29.16
  6.9511 29.47
  6.9555 29.73
  6.9598 30.08
  6.9641 30.44
  6.9684 31.22
  6.9727 31.42
  6.9770 32.30
  6.9814 32.50
  6.9857 33.66
  6.9900 33.84
  6.9943 33.96
  6.9986 34.75
  7.0029 35.76
  7.0073 35.50
  7.0116 35.94
  7.0159 36.80
  7.0202 37.90
  7.0245 39.00
  7.0288 39.00
  7.0332 39.50
  7.0375 40.03
  7.0418 41.14
  7.0461 42.83
  7.0504 44.40
  7.0547 45.89
  7.0591 46.43
  7.0634 47.49
  7.0677 48.14
  7.0720 48.98
  7.0763 49.37
  7.0806 50.95
  7.0850 53.14
  7.0893 53.05
  7.0936 55.45
  7.0979 55.05
  7.1022 55.13
  7.1066 57.65
  7.1109 60.69
  7.1152 63.94
  7.1195 66.12
  7.1238 66.26
  7.1281 70.16
  7.1325 74.08
  7.1368 74.54
  7.1411 77.36
  7.1454 82.06
  7.1497 87.52
  7.1540 86.42
  7.1584 88.75
  7.1627 95.66
  7.1670 99.18
  7.1713109.78
  7.1756119.81
  7.1799118.57
  7.1843122.89
