RUN 3286, 15000 RPM:
  5 0.49030E+05
 CELL C(0)     M(W)     M(V)     M(Z)  L(S)  L(B)
  1   6.30  144949.   66635.  373843.  285.  436.
  5   4.38   79229.   40212.  258410.  285.  436.
  9   5.70   95212.   50805.  247042.  285.  436.
  2   2.32    4784.   -7695.  405192.  285.  436.
  6   1.95   -3048.   -5118. -116166.  285.  436.
 10   2.30    5428.   -6276. -277039.  285.  436.
  3   6.96    4946.    5379.   98820.  285.  436.
 11   6.95    2964.    3534.  237058.  285.  436.
 13   7.31    1129.    2124.  300431.  285.  436.
  7  16.80   17983.    8241.  231715.  285.  436.
 12  15.71    8776.    4482.   96911.  285.  436.
 14  16.29    8786.    4783.  105687.  285.  436.
  4  20.14    2807.    3317.   18455.  285.  436.
  8  20.69    1129.    1659.  -26732.  285.  436.
 15  21.37    3214.    2382.  113224.  285.  436.

RUN 3286, 22000 RPM
  5 0.22740E+05
 CELL C(0)     M(W)     M(V)     M(Z)  L(S)  L(B)
  1   4.69   46624.   21093.  173026.  285.  436.
  5   3.88   39146.   17994.  159397.  285.  436.
  9   3.99   26910.   12413.  111881.  285.  436.
  2   2.92   10497.    6590.  133637.  285.  436.
  6   2.54    -338.   -3839. -525980.  285.  436.
 10   2.76    5667.    2675.   33235.  285.  436.
  3   7.10    3520.    2883.   43140.  285.  436.
 11   7.22    1434.    1168.   73656.  285.  436.
 13   7.35    2658.    1780.   47776.  285.  436.
  7  15.14    3961.    2632.   83929.  285.  436.
 12  14.76    2727.    1930.   48869.  285.  436.
 14  14.83    2430.    1777.   35608.  285.  436.
  4  20.58    1178.    1083.   20330.  285.  436.
  8  20.56    1182.     856.   51703.  285.  436.
 15  20.69    1140.    1212.   15587.  285.  436.

RUN 3287, 34000 RPM
  5 0.95500E+04
 CELL C(0)     M(W)     M(V)     M(Z)  L(S)  L(B)
  1   3.27   20244.   11200.   73354.  285.  436.
  5   2.74   11642.    6205.   57713.  285.  436.
  9   2.79    7050.    3507.   37002.  285.  436.
  2   5.36    2560.    1545.   21434.  285.  436.
  6   5.94    1368.     898.   17377.  285.  436.
 10   4.79    1869.    1583.   39148.  285.  436.
  3   8.45    3810.    2687.   16359.  285.  436.
 11   8.72    3330.    2018.   28032.  285.  436.
 13   9.17    2514.    2032.   29507.  285.  436.
  7  15.75    5314.    2715.   33881.  285.  436.
 12  15.19    3399.    1926.   25350.  285.  436.
 14  15.39    2950.    1669.   25138.  285.  436.
  4  20.15    1916.    1304.   24209.  285.  436.
  8  19.79    2479.    1489.   19146.  285.  436.
 15  21.18    1162.    1095.    6433.  285.  436.

RUN 3287, 40000 RPM
  5 0.69380E+04
 CELL C(0)     M(W)     M(V)     M(Z)  L(S)  L(B)
  1   2.89    5742.    4123.   39669.  285.  436.
  5   2.25    3282.    1730.   25092.  285.  436.
  9   2.84    2240.    1572.   39178.  285.  436.
  2   5.36    2014.    1107.   17491.  285.  436.
  6   5.53    1325.     778.    8909.  285.  436.
 10   4.62    2408.    1583.   11555.  285.  436.
  3   8.15    2147.    2004.   16943.  285.  436.
 11   8.09    1917.    1439.   15144.  285.  436.
 13   8.68    1578.    1123.   21727.  285.  436.
  7  14.97    2144.    1443.   18588.  285.  436.
 12  14.60    1923.    1290.   14688.  285.  436.
 14  15.03    1435.    1101.   12733.  285.  436.
  4  20.50    1132.    1192.   14167.  285.  436.
  8  20.66     814.     871.    7625.  285.  436.
 15  23.01     817.     899.    5854.  285.  436.
39.   15144.  285.  436.
 13   8