3
 CELL C(0)     M(W)     M(V)     M(Z)  L(S)  L(B)  SPEED
  1  29.49   21374.   13720.   55499.  285.  366.  26
 12  31.40   16573.   11005.   42254.  285.  436.  26
 12  27.12   17515.   11752.   41940.  285.  366.  26
 15  30.09   17424.   11740.   43226.  285.  436.  26
 15  25.78   18668.   12633.   44502.  285.  366.  26
-1
  2  21.26    8850.    6097.   34328.  285.  436.  26
  2  18.60    9501.    6603.   34284.  285.  366.  26
  4  20.40    8069.    6124.   29142.  285.  436.  26
  4  17.95    8653.    6453.   32694.  285.  366.  26
-1
  3  32.57    4865.    3433.   70840.  285.  436.  13
  3  29.63    5026.    3548.   68052.  285.  366.  13
  3  33.50    4141.    3736.   24563.  285.  436.  18
  3  31.55    4170.    3878.   41039.  285.  366.  18
  3  35.90    3909.    3445.   50538.  285.  436.  18
  3  32.22    4161.    3204.   65114.  285.  366.  18
  3  35.55    3856.    3308.   16298.  285.  436.  26
  3  31.46    3971.    3476.   16214.  285.  366.  26
  5  33.10    2950.    2936.   70878.  285.  436.  13
  5  30.38    2864.    2875.   84118.  285.  366.  13
  5  33.59    3527.    3544.   27790.  285.  436.  18
  5  29.63    2728.    3279.   24171.  285.  366.  18
  5  35.62    3014.    3338.   55619.  285.  436.  18
  5  30.76    3241.    3306.   28290.  285.  366.  18
  5  34.34    2985.    2943.   17342.  285.  436.  26
  5  30.39    3130.    2921.   16864.  285.  366.  26
 13  35.81    2446.    2231.  166562.  285.  436.  13
 13  32.41    3140.    2359.  103131.  285.  366.  13
 13  36.99    3149.    3127.    1364.  285.  436.  18
 13  32.53    3479.    2634.   62211.  285.  366.  18
 13  40.22    3019.    3008.   -7668.  285.  436.  18
 13  35.66    3412.    2752.   47814.  285.  366.  18
 13  38.25    3202.    2791.   16381.  285.  436.  26
 13  33.63    3273.    2885.   18890.  285.  366.  26
-1
2.41    3140.    2359.  103131.