
  8 0.63670E+05
 CELL C(0)     M(W)     M(V)     M(Z)  L(S)  L(B)  SPEED 
  3  31.28   73973.   56780.  183166.  285.  436.  10
  3  29.14   75715.   58333.  182745.  285.  366.  10
  3  33.35   76084.   58612.  170694.  285.  436.  10
  3  32.04   79748.   62566.  162370.  285.  366.  10
  4  32.64   76017.   56846.  197315.  285.  436.  10
  4  29.88   79844.   58737.  198932.  285.  366.  10
  4  36.18   81370.   62651.  189020.  285.  436.  10
  4  33.63   84964.   65193.  191556.  285.  366.  10
  8  31.61   76621.   55569.  200326.  285.  436.  10
  8  29.14   79323.   57205.  200910.  285.  366.  10
  8  35.39   88169.   61594.  231893.  285.  436.  10
  8  32.42   89173.   61620.  229794.  285.  366.  10
-1
  1  54.36   71148.   67308.  132541.  285.  436.  10
  1  51.15   73743.   69623.  138441.  285.  366.  10
  1  61.32   78563.   72309.  137924.  285.  436.  10
  1  58.12   81254.   74649.  142882.  285.  366.  10
  5  53.14   75157.   67706.  165276.  285.  436.  10
  5  50.57   79617.   70185.  171907.  285.  366.  10
  5  59.66   80633.   72011.  151982.  285.  436.  10
  5  56.38   83653.   74173.  153800.  285.  366.  10
  9  50.48   65683.   54640.  147999.  285.  436.  10
  9  47.53   67523.   56839.  147914.  285.  366.  10
  9  55.27   72050.   56985.  161619.  285.  436.  10
  9  53.65   75921.   60153.  158156.  285.  366.  10
-1
  2  40.21   43421.   38299.   91068.  285.  436.  10
  2  37.33   45642.   40179.   90531.  285.  366.  10
  2  44.14   43549.   44334.   57476.  285.  436.  10
  2  41.27   45453.   46671.   57623.  285.  366.  10
  6  39.87   42598.   37282.  105540.  285.  436.  10
  6  36.79   43646.   38631.  116233.  285.  366.  10
  6  44.59   47925.   43321.  102692.  285.  436.  10
  6  41.49   49469.   45070.  111343.  285.  366.  10
  7  40.68   45680.   39186.  104993.  285.  436.  10
  7  37.69   47793.   40617.  105770.  285.  366.  10
  7  43.03   48148.   40121.  153252.  285.  436.  10
  7  40.07   50463.   41552.  151870.  285.  366.  10
  6  48.15   40755.   32470.   91405.  285.  436.  13
  6  45.43   41776.   33297.   92797.  285.  366.  13
  6  35.23   34512.   27014.   66284.  285.  436.  18
  6  32.49   36224.   27581.   69497.  285.  366.  18
  6  40.08   39726.   28502.   77837.  285.  436.  18
  6  37.23   41915.   29165.   82297.  285.  366.  18
  7  51.01   43577.   39686.   73898.  285.  436.  13
  7  48.40   45146.   42121.   76493.  285.  366.  13
  7  43.22   46120.   31882.   98913.  285.  436.  18
  7  40.38   48600.   33549.  110594.  285.  366.  18
  7  46.79   47977.   33754.  100192.  285.  436.  18
  7  43.56   50195.   35045.  109904.  285.  366.  18
 14  53.90   47155.   40863.   85090.  285.  436.  13
 14  51.23   48606.   42073.   87119.  285.  366.  13
 14  40.33   42013.   28869.   92265.  285.  436.  18
 14  38.08   43971.   30901.  101135.  285.  366.  18
 14  44.09   43020.   31788.   85397.  285.  436.  18
 14  40.77   44589.   32721.   92079.  285.  366.  18
-1
  8  31.79   24411.   21781.   57257.  285.  436.  13
  8  29.53   25436.   22437.   55974.  285.  366.  13
  8  33.41   31713.   23656.   72940.  285.  436.  18
  8  30.88   33654.   25015.   70391.  285.  366.  18
  8  35.62   33433.   24400.   77538.  285.  436.  18
  8  32.87   35260.   25658.   75910.  285.  366.  18
 10  33.51   23764.   22249.   45067.  285.  436.  13
 10  30.91   24568.   23104.   48781.  285.  366.  13
 10  34.20   29125.   24811.   70681.  285.  436.  18
 10  31.06   30694.   25293.   65674.  285.  366.  18
 10  38.38   33111.   25002.   74674.  285.  436.  18
 10  35.63   34059.   26460.   71218.  285.  366.  18
-1
  9  25.01   19985.   17425.   49165.  285.  436.  13
  9  22.81   21011.   18059.   48331.  285.  366.  13
  9  25.41   23957.   18124.   52890.  285.  436.  18
  9  22.62   25098.   19628.   55855.  285.  366.  18
  9  26.93   23992.   18098.   56741.  285.  436.  18
  9  24.01   24946.   19517.   60797.  285.  366.  18
  9  24.15   22225.   14424.   47670.  285.  436.  26
  9  21.17   23745.   15445.   48765.  285.  366.  26
 11  25.41   18879.   18522.   38155.  285.  436.  13
 11  23.13   19690.   18887.   35635.  285.  366.  13
 11  26.34   23139.   19442.   41644.  285.  436.  18
 11  23.57   24963.   20455.   50004.  285.  366.  18
 11  27.66   22697.   19525.   43627.  285.  436.  18
 11  24.89   24348.   20410.   51555.  285.  366.  18
 11  25.92   24630.   15469.   52663.  285.  436.  26
 11  23.19   26505.   16818.   54107.  285.  366.  26
-1
  1  37.28   21584.   18180.   68191.  285.  436.  13
  1  33.43   22745.   19569.   63786.  285.  366.  13
  1  37.57   25903.   18923.   73539.  285.  436.  18
  1  33.69   28797.   20807.   80732.  285.  366.  18
  1  41.25   29193.   19954.   85621.  285.  436.  18
  1  36.98   32113.   21251.   89686.  285.  366.  18
  1  33.63   19573.   12597.   54000.  285.  436.  26
  1  29.49   21374.   13720.   55499.  285.  366.  26
 12  36.82   21143.   18705.   57231.  285.  436.  13
 12  33.10   22095.   19940.   58586.  285.  366.  13
 12  36.78   24779.   17112.   69785.  285.  436.  18
 12  32.50   26244.   18163.   76921.  285.  366.  18
 12  39.10   25806.   17784.   70570.  285.  436.  18
 12  34.74   27360.   18726.   77427.  285.  366.  18
 12  31.40   16573.   11005.   42254.  285.  436.  26
 12  27.12   17515.   11752.   41940.  285.  366.  26
 15  35.58   22090.   17701.   70016.  285.  436.  13
 15  32.32   23404.   18777.   70135.  285.  366.  13
 15  36.23   25531.   17750.   74051.  285.  436.  18
 15  31.93   27540.   18509.   78228.  285.  366.  18
 15  37.07   24804.   17637.   70717.  285.  436.  18
 15  33.43   27117.   18870.   74215.  285.  366.  18
 15  30.09   17424.   11740.   43226.  285.  436.  26
 15  25.78   18668.   12633.   44502.  285.  366.  26
-1
  2  20.55    9492.    5878.  100628.  285.  436.  13
  2  18.72   10114.    6046.   98479.  285.  366.  13
  2  21.05   10230.    7022.   53645.  285.  436.  18
  2  18.63   10228.    7952.   72134.  285.  366.  18
  2  22.34    9443.    6730.   66088.  285.  436.  18
  2  20.03    9686.    6965.   76885.  285.  366.  18
  2  21.26    8850.    6097.   34328.  285.  436.  26
  2  18.60    9501.    6603.   34284.  285.  366.  26
  4  19.87    7009.    7599.   64182.  285.  436.  13
  4  18.16    7510.    7626.   77742.  285.  366.  13
  4  20.06    8725.    6535.   59967.  285.  436.  18
  4  18.17    9555.    8432.   61984.  285.  366.  18
  4  21.59   10125.    7004.   57071.  285.  436.  18
  4  15.84   11217.    9069.   50260.  285.  366.  18
  4  20.40    8069.    6124.   29142.  285.  436.  26
  4  17.95    8653.    6453.   32694.  285.  366.  26
-1
  3  32.57    4865.    3433.   70840.  285.  436.  13
  3  29.63    5026.    3548.   68052.  285.  366.  13
  3  33.50    4141.    3736.   24563.  285.  436.  18
  3  31.55    4170.    3878.   41039.  285.  366.  18
  3  35.90    3909.    3445.   50538.  285.  436.  18
  3  32.22    4161.    3204.   65114.  285.  366.  18
  3  35.55    3856.    3308.   16298.  285.  436.  26
  3  31.46    3971.    3476.   16214.  285.  366.  26
  5  33.10    2950.    2936.   70878.  285.  436.  13
  5  30.38    2864.    2875.   84118.  285.  366.  13
  5  33.59    3527.    3544.   27790.  285.  436.  18
  5  29.63    2728.    3279.   24171.  285.  366.  18
  5  35.62    3014.    3338.   55619.  285.  436.  18
  5  30.76    3241.    3306.   28290.  285.  366.  18
  5  34.34    2985.    2943.   17342.  285.  436.  26
  5  30.39    3130.    2921.   16864.  285.  366.  26
 13  35.81    2446.    2231.  166562.  285.  436.  13
 13  32.41    3140.    2359.  103131.  285.  366.  13
 13  36.99    3149.    3127.    1364.  285.  436.  18
 13  32.53    3479.    2634.   62211.  285.  366.  18
 13  40.22    3019.    3008.   -7668.  285.  436.  18
 13  35.66    3412.    2752.   47814.  285.  366.  18
 13  38.25    3202.    2791.   16381.  285.  436.  26
 13  33.63    3273.    2885.   18890.  285.  366.  26
-1
2.41    3140.    2359.  103131.  285.  366.  13
 13  36.99    3149.    3127.    1364.  285.  436.  18
 13  32.53    3479.    2634.   62211.  285.  366.  18
 13  40.22    3019.    3008.   -7668.  285.  436.  18
 13  35.66    3412.    2752.   47814.  285.  366.  18
 13  38.25    3202.    2791.   16381.  