*CMDS2/6
*******
HEADING    TRAVERSE ADJUSTMENT CMDS
*******
KWN 6 1 3 9 2 -1 -3 3 1 3 4 4 6 5 -2 10 6 7 -9
DSV 1 2 1
DSV 2 3 2
DSV 3 4 3
DSV 4 5 4
ASV 6 1 2 1
ASV 1 2 3 2
ASV 2 3 4 3
ASV 3 4 5 4
AAN 1 5
"1 2 D1 A1
"3 D2 A2
"4 D3 A3
"5 D4 A4
ACA 1 5
"1 2 D1 A1
"3 D2 A2
"4 D3 A3
"5 D4 A4
ATA 1 5
"1 2 D1 A1
"3 D2 A2
"4 D3 A3
"5 D4 A4
ADF 1 5
"1 2 D1 A1
"3 D2 -45 0 0
"4 D3 -30 0 0
"5 D4 100 0 0
ACD 1 5
"1 2 D1 A1
"3 D2 -45 0 0
"4 D3 -30 0 0
"5 D4 100 0 0
ATD 1 5
"1 2 D1 A1
"3 D2 -45 0 0
"4 D3 -30 0 0
"5 D4 100 0 0
AAZ 1 5
"1 2 D1 A1
"2 3 D2 60 0 0
"3 4 D3 45 0 0
"4 5 D4 145 0 0
ACZ 1 5
"1 2 D1 A1
"2 3 D2 60 0 0
"3 4 D3 45 0 0
"4 5 D4 145 0 0
ATZ 1 5
"1 2 D1 A1
"2 3 D2 60 0 0
"3 4 D3 45 0 0
"4 5 D4 145 0 0
ABR 1 5
"1 2 D1 2 -55 0 0
"2 3 D2 1 60 0 0
"3 4 D3 1 45 0 0
"4 5 D4 2 -35 0 0
ACB 1 5
"1 2 D1 2 -55 0 0
"2 3 D2 1 60 0 0
"3 4 D3 1 45 0 0
"4 5 D4 2 -35 0 0
ATB 1 5
"1 2 D1 2 -55 0 0
"2 3 D2 1 60 0 0
"3 4 D3 1 45 0 0
"4 5 D4 2 -35 0 0
*******
HEADING    BRIDGE CMDS
*******
KWN 4 1 2 -6 5 6 7 6 0 -8 10 -2 11
DLN 1 5 4
GRD 1 5 4 6 10
*******
HEADING    TANGENT CMDS
*******
KWN 5 1 4 -10 2 0 -10 3 3 6 4 0 6 9 0 4
DSV 3 4 2
DSV 1 2 1
ET 5 2 D1 6 4 D2 1
CT 7 2 D1 8 4 D2 1
ROF 10 2 D1 9
*******
HEADING    SPIRAL CMDS
*******
KWN 3 1 4.6 -14 2 11.4 .5 3 4 13.6
CS 500 1 2 3 9 18.6 8.6 2200 4 5 6 7 8 9
KWN 2 10 10 -5 11 14 -4
SLI 12 10 77 0 0 2200 12.5 20 11 126 0 0
KWN 2 13 5 -7 14 3 2
SSI 15 13 77 0 0 2200 18.3 20 14 58 0 0 3300 12.2 -15
KWN 3 16 6.5 -4 17 11 0 18 9 10
SCI 19 16 72 0 0 2200 13 20 17 8 18
KWN 4 20 3 -15 21 4 -12.4 22 11.6 5.6 23 4 9.3
DSP 300 20 21 2200 22 23 2222 23.5 3.6 1
STR 24 2 -8
SOF 26 24 300
CSP 26 2208.820 300
*******
HEADING    ALIGNMENT CMDS
*******
KWN 3 1 6 -3 2 -2 -3 3 -2 5
RAA 90 0 0 1
RAC 90 0 0 3
KWN 2 1 6.928 4 2 0 8
SCV 8 0 0 0 60 0 0
CAN 1 2 8
CEN 3 1 2 8
SVA 1
SVC 2
SVR 3
SVT 4
ISV 1
KWN 3 1 3 5.3 2 6.8 .2 3 1 8
ALN 500 1 2 3 4 5 6 0 4.1 2200 2.7
KWN 5 1 3 9 2 -4 13 3 -6 13 4 -8 6 5 -1 2
DCV 100 1 2200 2 4 3300 5 1
OAL 10 3 100
SPA 10 100
COF 11 2207.625 -4.021 100
CPA 12 2207.625 100
KWN 5 1 7 0 2 0 7 3 3 0 7 7 7 8 0 0
DCV 200 1 2200 4 2 3300 8 1
DSL 3 7 4 200
DAE 1 2 8 4
*******
HEADING    VERTICAL CURVE CMDS
*******
ORG 5 2000.01 500.15
PI 18 4000.40 560.31 100 200
"19 7000.77 530.02 300 100
"20 9000.07 610.13 150 150
TRM 99 10000 590
ES 4000 100 5000
SUB 0.46
SS 7125.16 547.32
SUP 3150 4276 3
SEG 15.16 -2 14 0
"3 -4 3 1
"8.76 3 10 -3
SSP 3517
SE 3400 20 3500
OF 7000.05 88.78 -6
*******
HEADING    COMBINED VERTICAL & HORIZONTAL CMDS
*******
KWN 5 1 3 9 2 -4 13 3 -6 13 4 -8 6 5 -1 2
DCV 100 1 2200 2 4 3300 5 1
ORG 5 2000.01 500.15
PI 18 4000.40 560.31 100 200
"19 7000.77 530.02 300 100
"20 9000.07 610.13 150 150
TRM 99 10000 590
CEP 10 2207.625 100
SEP 10 100
OEA 11 3 100
KWN 2 1 2 -5 2 5 1
SLN 1 500 2 550
LIST
OUT 4
READ/TTY

