 PARALLEL - 20 TERM METHOD OF REFLECTIONS - A SERIES
   20
  0.10000000000000000D+01 0.00000000000000000D+00 0.00000000000000000D+00 
  0.00000000000000000D+00 0.00000000000000000D+00 0.00000000000000000D+00 
  0.00000000000000000D+00 0.00000000000000000D+00 0.00000000000000000D+00 
  0.00000000000000000D+00 0.00000000000000000D+00 0.00000000000000000D+00 
  0.00000000000000000D+00 0.00000000000000000D+00 0.00000000000000000D+00 
  0.00000000000000000D+00 0.00000000000000000D+00 0.00000000000000000D+00 
  0.00000000000000000D+00 0.00000000000000000D+00 
  0.00000000000000000D+00 0.90000000000000000D+01 0.00000000000000000D+00 
  0.36000000000000000D+02 0.00000000000000000D+00 0.14400000000000001D+03 
  0.00000000000000000D+00 0.57599999999999997D+03 0.00000000000000000D+00 
  0.23040000000000000D+04 0.00000000000000000D+00 0.92160000000000014D+04 
  0.00000000000000000D+00 0.36864000000000010D+05 0.00000000000000000D+00 
  0.14745599999999992D+06 0.00000000000000000D+00 0.58982400000000047D+06 
  0.00000000000000000D+00 0.23592959999999988D+07 
  0.00000000000000000D+00 0.00000000000000000D+00 0.81000000000000000D+02 
  0.00000000000000000D+00 0.64800000000000000D+03 0.00000000000000000D+00 
  0.38880000000000001D+04 0.00000000000000000D+00 0.20736000000000000D+05 
  0.00000000000000000D+00 0.10368000000000000D+06 0.00000000000000000D+00 
  0.49766400000000002D+06 0.00000000000000000D+00 0.23224320000000003D+07 
  0.00000000000000000D+00 0.10616832000000000D+08 0.00000000000000000D+00 
  0.47775744000000007D+08 0.00000000000000000D+00 
  0.00000000000000000D+00-0.24000000000000000D+02 0.00000000000000000D+00 
  0.28100000000000000D+03 0.00000000000000000D+00 0.45239999999999999D+04 
  0.00000000000000000D+00 0.39264000000000002D+05 0.00000000000000000D+00 
  0.27200000000000001D+06 0.00000000000000000D+00 0.16688640000000001D+07 
  0.00000000000000000D+00 0.94832640000000002D+07 0.00000000000000000D+00 
  0.51101696000000007D+08 0.00000000000000000D+00 0.26483097600000001D+09 
  0.00000000000000000D+00 0.13320192000000002D+10 
  0.00000000000000000D+00 0.00000000000000000D+00 0.10800000000000000D+03 
  0.00000000000000000D+00 0.54090000000000000D+04 0.00000000000000000D+00 
  0.76175999999999998D+05 0.00000000000000000D+00 0.72720000000000006D+06 
  0.00000000000000000D+00 0.56793600000000003D+07 0.00000000000000000D+00 
  0.39174912000000002D+08 0.00000000000000000D+00 0.24824217600000001D+09 
  0.00000000000000000D+00 0.14788362240000000D+10 0.00000000000000000D+00 
  0.84049920000000007D+10 0.00000000000000000D+00 
  0.00000000000000000D+00 0.16000000000000000D+02 0.00000000000000000D+00 
  0.48480000000000000D+04 0.00000000000000000D+00 0.11584900000000000D+06 
  0.00000000000000000D+00 0.15515400000000000D+07 0.00000000000000000D+00 
  0.15577200000000000D+08 0.00000000000000000D+00 0.13125190400000000D+09 
  0.00000000000000000D+00 0.98234931200000001D+09 0.00000000000000000D+00 
  0.67487477760000005D+10 0.00000000000000000D+00 0.43450245120000002D+11 
  0.00000000000000000D+00 0.26585743360000002D+12 
  0.00000000000000000D+00 0.00000000000000000D+00 0.57600000000000000D+03 
  0.00000000000000000D+00 0.42804000000000000D+05 0.00000000000000000D+00 
  0.10076970000000000D+07 0.00000000000000000D+00 0.14649048000000000D+08 
  0.00000000000000000D+00 0.16230715200000000D+09 0.00000000000000000D+00 
  0.15086238720000001D+10 0.00000000000000000D+00 0.12395109888000001D+11 
  0.00000000000000000D+00 0.92929683456000008D+11 0.00000000000000000D+00 
  0.64914134630400006D+12 0.00000000000000000D+00 
  0.00000000000000000D+00 0.00000000000000000D+00 0.00000000000000000D+00 
  0.20736000000000001D+05 0.00000000000000000D+00 0.84779999999999999D+06 
  0.00000000000000000D+00 0.17399673000000000D+08 0.00000000000000000D+00 
  0.24877868400000000D+09 0.00000000000000000D+00 0.28327904640000002D+10 
  0.00000000000000000D+00 0.27553381632000002D+11 0.00000000000000000D+00 
  0.23867682048000002D+12 0.00000000000000000D+00 0.18916025610240002D+13 
  0.00000000000000000D+00 0.13971976077312001D+14 
  0.00000000000000000D+00 0.00000000000000000D+00 0.23039999999999995D+04 
  0.00000000000000000D+00 0.28616000000000002D+06 0.00000000000000000D+00 
  0.11277948000000000D+08 0.00000000000000000D+00 0.24415667300000000D+09 
  0.00000000000000000D+00 0.37448025920000001D+10 0.00000000000000000D+00 
  0.45875792448000001D+11 0.00000000000000000D+00 0.47945580288000001D+12 
  0.00000000000000000D+00 0.44505211069440002D+13 0.00000000000000000D+00 
  0.37677284941824003D+14 0.00000000000000000D+00 
  0.00000000000000000D+00 0.00000000000000000D+00 0.00000000000000000D+00 
  0.10368000000000000D+06 0.00000000000000000D+00 0.62961120000000003D+07 
  0.00000000000000000D+00 0.18185760000000000D+09 0.00000000000000000D+00 
  0.34937049370000000D+10 0.00000000000000000D+00 0.51526996164000001D+11 
  0.00000000000000000D+00 0.63055409544000006D+12 0.00000000000000000D+00 
  0.67132336402560004D+13 0.00000000000000000D+00 0.64152319461120006D+14 
  0.00000000000000000D+00 0.56231853014937605D+15 
  0.00000000000000000D+00 0.00000000000000000D+00 0.92160000000000007D+04 
  0.00000000000000000D+00 0.17255040000000003D+07 0.00000000000000000D+00 
  0.10322627200000001D+09 0.00000000000000000D+00 0.30315043240000001D+10 
  0.00000000000000000D+00 0.56284734880000001D+11 0.00000000000000000D+00 
  0.77109912620800003D+12 0.00000000000000000D+00 0.84888003819520011D+13 
  0.00000000000000000D+00 0.78824978738176006D+14 0.00000000000000000D+00 
  0.63408463414067206D+15 0.00000000000000000D+00 
  0.00000000000000000D+00 0.00000000000000000D+00 0.00000000000000000D+00 
  0.49766400000000000D+06 0.00000000000000000D+00 0.42179328000000005D+08 
  0.00000000000000000D+00 0.16345865280000002D+10 0.00000000000000000D+00 
  0.41094691272000002D+11 0.00000000000000000D+00 0.74209362988800005D+12 
  0.00000000000000000D+00 0.10422154368384001D+14 0.00000000000000000D+00 
  0.12041524631347201D+15 0.00000000000000000D+00 0.11877800721346561D+16 
  0.00000000000000000D+00 0.10233649270800385D+17 
  0.00000000000000000D+00 0.00000000000000000D+00 0.36864000000000000D+05 
  0.00000000000000000D+00 0.97098240000000000D+07 0.00000000000000000D+00 
  0.81759987199999999D+09 0.00000000000000000D+00 0.30661148592000000D+11 
  0.00000000000000000D+00 0.62800877504000003D+12 0.00000000000000000D+00 
  0.84167271193600002D+13 0.00000000000000000D+00 0.76663577296896006D+14 
  0.00000000000000000D+00 0.37558025443327997D+15 0.00000000000000000D+00 
 -0.21057762147368980D+16 0.00000000000000000D+00 
  0.00000000000000000D+00 0.00000000000000000D+00 0.00000000000000000D+00 
  0.23224320000000000D+07 0.00000000000000000D+00 0.26240947200000001D+09 
  0.00000000000000000D+00 0.13153655808000000D+11 0.00000000000000000D+00 
  0.42328334984000001D+12 0.00000000000000000D+00 0.88013791531520007D+13 
  0.00000000000000000D+00 0.12881096659635201D+15 0.00000000000000000D+00 
  0.13836848890808321D+16 0.00000000000000000D+00 0.10374120873066497D+17 
  0.00000000000000000D+00 0.31935251931381776D+17 
  0.00000000000000000D+00 0.00000000000000000D+00 0.14745600000000012D+06 
  0.00000000000000000D+00 0.52007936000000005D+08 0.00000000000000000D+00 
  0.58418327040000006D+10 0.00000000000000000D+00 0.26947716064000003D+12 
  0.00000000000000000D+00 0.56721495572480007D+13 0.00000000000000000D+00 
  0.61027324532736012D+14 0.00000000000000000D+00 0.25300993572864094D+14 
  0.00000000000000000D+00-0.13011055776448513D+17 0.00000000000000000D+00 
 -0.31380690484592643D+18 0.00000000000000000D+00 
  0.00000000000000000D+00 0.00000000000000000D+00 0.00000000000000000D+00 
  0.10616832000000003D+08 0.00000000000000000D+00 0.15441039360000002D+10 
  0.00000000000000000D+00 0.97274757888000010D+11 0.00000000000000000D+00 
  0.39239115985920004D+13 0.00000000000000000D+00 0.88873450445824012D+14 
  0.00000000000000000D+00 0.12140051593830402D+16 0.00000000000000000D+00 
  0.81034249502392340D+16 0.00000000000000000D+00-0.67908606709202944D+17 
  0.00000000000000000D+00-0.31619280335074757D+19 
  0.00000000000000000D+00 0.00000000000000000D+00 0.58982399999999985D+06 
  0.00000000000000000D+00 0.26845593600000006D+09 0.00000000000000000D+00 
  0.38681596928000001D+11 0.00000000000000000D+00 0.21406430551040002D+13 
  0.00000000000000000D+00 0.43366064979968001D+14 0.00000000000000000D+00 
  0.19196298640588792D+15 0.00000000000000000D+00-0.11878898168561665D+17 
  0.00000000000000000D+00-0.40686395292962002D+18 0.00000000000000000D+00 
 -0.82012013911427004D+19 0.00000000000000000D+00 
  0.00000000000000000D+00 0.00000000000000000D+00 0.00000000000000000D+00 
  0.47775744000000000D+08 0.00000000000000000D+00 0.87004569600000010D+10 
  0.00000000000000000D+00 0.67308365414400003D+12 0.00000000000000000D+00 
  0.33383543582208005D+14 0.00000000000000000D+00 0.78431645067059209D+15 
  0.00000000000000000D+00 0.83207161534832645D+16 0.00000000000000000D+00 
 -0.55658962564628480D+17 0.00000000000000000D+00-0.42474097151359720D+19 
  0.00000000000000000D+00-0.10334935113946447D+21 
  0.00000000000000000D+00 0.00000000000000000D+00 0.23592960000000019D+07 
  0.00000000000000000D+00 0.13465190400000003D+10 0.00000000000000000D+00 
  0.24162161459200005D+12 0.00000000000000000D+00 0.15754615707648002D+14 
  0.00000000000000000D+00 0.28534653804544005D+15 0.00000000000000000D+00 
 -0.24571358671011843D+16 0.00000000000000000D+00-0.24778153686650064D+18 
  0.00000000000000000D+00-0.72129359144736535D+19 0.00000000000000000D+00 
 -0.14408805318904515D+21 0.00000000000000000D+00 
  0.00000000000000000D+00 0.00000000000000000D+00 0.00000000000000000D+00 
  0.21233664000000004D+09 0.00000000000000000D+00 0.47352250368000008D+11 
  0.00000000000000000D+00 0.44139970068480010D+13 0.00000000000000000D+00 
  0.26454815007129602D+15 0.00000000000000000D+00 0.61607489477509124D+16 
  0.00000000000000000D+00 0.28214334772183040D+17 0.00000000000000000D+00 
 -0.23905499452937342D+19 0.00000000000000000D+00-0.91347646923954205D+20 
  0.00000000000000000D+00-0.20680520458693890D+22 
 0.47352250368000008D+11 
  0.00000000000000000D+00 0.44139970068480010D+13 0.00000000000000000D+00 
  0.26454815007129602D+15 0.000000000000000