 DAVIS2 - 2:1 SPHERES - PERPENDICULAR
  2
-1.0069,-1.1072,-1.3451,-1.6137,-1.8861
.11735,.47712,.98552,1.5254,2.0704
.0010462,.0498,.22276,.4428,.67153
.008938,.10851,.31669,.59642,.89874
.058676,.23856,.49276,.76271,1.0352
-1.0071,-1.1388,-1.5615,-2.0907,-2.6346
-.0089387,-.10939,-.30329,-.52557,-.75453
-.00052949,-.03046,-.19861,-.47332,-.77514
.0027898,.1328,.59401,1.1808,1.7908
-.047673,-.58343,-1.6176,-2.803,-4.0241
-2.0004,-2.0751,-2.4736,-3.0425,-3.6492
-.0018458,-.076555,-.28299,-.55765,-.8585
.0059587,.072341,.21112,.39761,.59916
-.00070598,-.040613,-.26482,-.63109,-1.0335
-.00046145,-.019139,-.070747,-.13941,-.21462
-1.,-1.0239,-1.304,-1.8361,-2.4365
7,-.75453
-.00052949,-.03046,-.19861,-.47332,-.77514
.0027898,.1328,.59401,1.1