 DAVIS1 - 1:1 SPHERES - PERPENDICULAR
  1
-1.004,-1.0921,-1.393,-1.767,-2.1497
.063043,.29718,.65988,1.0414,1.425
.00032993,.028373,.19725,.46049,.74456
.0052292,.092694,.30857,.57839,.86314
.063043,.29718,.65988,1.0414,1.425
-1.004,-1.0921,-1.393,-1.767,-2.1497
-.0052292,-.092694,-.30857,-.57839,-.86314
-.00032993,-.028373,-.19725,-.46049,-.74456
.00043991,.037831,.263,.61398,.99275
-.0069723,-.12359,-.41143,-.77118,-1.1508
-1.0,-1.018,-1.233,-1.6351,-2.0859
-.00029165,-.021665,-.10174,-.20555,-.31837
.0069723,.12359,.41143,.77118,1.1508
-.00043991,-.037831,-.263,-.61398,-.99275
-.00029165,-.021665,-.10174,-.20555,-.31837
-1.0,-1.018,-1.233,-1.6351,-2.0859
7839,-.86314
-.00032993,-.028373,-.19725,-.46049,-.74456
.00043991,.037831,.263,.