 DAVIS5 - 5:1 SPHERES - PERPENDICULAR
  5
-1.012,-1.101,-1.2452,-1.4036,-1.565
.24561,.77471,1.4759,2.2638,3.0707
.0036116,.062818,.1771,.30695,.44043
.014837,.093728,.24981,.50042,.78177
.049123,.15494,.29517,.45275,.61414
-1.0136,-1.2172,-1.8275,-2.6048,-3.4107
-.014848,-.095268,-.20973,-.33936,-.47293
-.00077353,-.024896,-.16409,-.41305,-.69424
.024077,.41879,1.1807,2.0464,2.937
-.49495,-3.1756,-6.9911,-11.312,-15.764
-5.0074,-5.2723,-5.8893,-6.6217,-7.3834
-.015636,-.23776,-.74322,-1.5645,-2.499
.0039566,.024994,.066616,.13345,.20847
-.0010314,-.033195,-.21879,-.55074,-.92566
-.00062545,-.0095105,-.029729,-.062581,-.099961
-1.0001,-1.0313,-1.3775,-2.0375,-2.7866
293
-.00077353,-.024896,-.16409,-.41305,-.69424
.024077,.41879,1.1807,2.