 DAVS10 - 10:1 SPHERES - PERPENDICULAR
 10
-1.0151,-1.0776,-1.1611,-1.2555,0.
.39238,.99047,1.7865,2.7263,3.6986
.0066936,.05312,.11893,.19397,0.
.017318,.066978,.18982,.41565,.67491
.039238,.099047,.17865,.27263,0.
-1.0207,-1.2756,-1.9994,-2.9313,-3.9028
-.017361,-.06748,-.13121,-.20594,0.
-.00080495,-.018309,-.13538,-.3608,-6.2004
.089249,.70827,1.5858,2.5862,0.
-2.3147,-8.9973,-17.495,-27.459,-37.793
-10.04,-10.491,-11.184,-11.985,0.
-.055808,-.40045,-1.3251,-3.0751,-5.107
.0023091,.0089305,.025309,.055420,0.
-.0010733,-.024412,-.1805,-.48107,-.82672
-.00055808,-.0040045,-.013251,-.030751,0.
-1.0001,-1.0356,-1.4121,-2.1296,-2.9461
748,-.13121,-.20594,0.
-.00080495,-.018309,-.13538,-.3608,-6.2004
.089249,.70827,1.5858,2.5862,0.
-2.314