
 DUMB2J - 10:5 - D=20                     IN TAN
   401  0.85000
    1   0.00000   0.00000   9.15000
    2   0.89254   1.54592   8.97419
    3  -0.89254   1.54592   8.97419
    4  -1.78508  -0.00000   8.97419
    5  -0.89254  -1.54592   8.97419
    6   0.89254  -1.54592   8.97419
    7   1.78508   0.00000   8.97419
    8   3.03243   1.75078   8.45350
    9   1.75078   3.03243   8.45350
   10  -0.00000   3.50156   8.45350
   11  -1.75078   3.03243   8.45350
   12  -3.03243   1.75078   8.45350
   13  -3.50156  -0.00000   8.45350
   14  -3.03243  -1.75078   8.45350
   15  -1.75078  -3.03243   8.45350
   16   0.00000  -3.50156   8.45350
   17   1.75077  -3.03243   8.45350
   18   3.03243  -1.75078   8.45350
   19   3.50157   0.00001   8.45350
   20   4.77690   1.73865   7.60795
   21   3.89416   3.26759   7.60795
   22   2.54173   4.40241   7.60795
   23   0.88273   5.00624   7.60795
   24  -0.88273   5.00624   7.60795
   25  -2.54174   4.40241   7.60795
   26  -3.89416   3.26759   7.60795
   27  -4.77690   1.73865   7.60795
   28  -5.08348   0.00000   7.60795
   29  -4.77690  -1.73865   7.60795
   30  -3.89416  -3.26759   7.60795
   31  -2.54173  -4.40241   7.60795
   32  -0.88273  -5.00624   7.60795
   33   0.88273  -5.00624   7.60795
   34   2.54173  -4.40241   7.60795
   35   3.89416  -3.26759   7.60795
   36   4.77690  -1.73865   7.60795
   37   5.08349   0.00000   7.60795
   38   6.23010   1.74559   6.47002
   39   5.52811   3.36172   6.47002
   40   4.41614   4.72853   6.47002
   41   2.97663   5.74464   6.47002
   42   1.31637   6.33470   6.47002
   43  -0.44153   6.45496   6.47002
   44  -2.16668   6.09645   6.47002
   45  -3.73114   5.28581   6.47002
   46  -5.01887   4.08315   6.47002
   47  -5.93438   2.57766   6.47002
   48  -6.40977   0.88100   6.47002
   49  -6.40977  -0.88101   6.47002
   50  -5.93438  -2.57767   6.47002
   51  -5.01887  -4.08316   6.47002
   52  -3.73114  -5.28582   6.47002
   53  -2.16668  -6.09645   6.47002
   54  -0.44153  -6.45496   6.47002
   55   1.31637  -6.33470   6.47002
   56   2.97663  -5.74464   6.47002
   57   4.41614  -4.72853   6.47002
   58   5.52812  -3.36172   6.47002
   59   6.23010  -1.74559   6.47002
   60   6.47005   0.00000   6.47002
   61   7.41720   1.69293   5.08347
   62   6.85452   3.30096   5.08347
   63   5.94813   4.74348   5.08347
   64   4.74348   5.94813   5.08347
   65   3.30096   6.85452   5.08347
   66   1.69292   7.41721   5.08347
   67   0.00000   7.60797   5.08347
   68  -1.69293   7.41720   5.08347
   69  -3.30097   6.85452   5.08347
   70  -4.74348   5.94813   5.08347
   71  -5.94813   4.74348   5.08347
   72  -6.85452   3.30096   5.08347
   73  -7.41721   1.69292   5.08347
   74  -7.60797   0.00000   5.08347
   75  -7.41720  -1.69293   5.08347
   76  -6.85452  -3.30097   5.08347
   77  -5.94813  -4.74348   5.08347
   78  -4.74348  -5.94813   5.08347
   79  -3.30097  -6.85452   5.08347
   80  -1.69293  -7.41721   5.08347
   81   0.00000  -7.60797   5.08347
   82   1.69293  -7.41720   5.08347
   83   3.30096  -6.85452   5.08347
   84   4.74348  -5.94813   5.08347
   85   5.94814  -4.74347   5.08347
   86   6.85452  -3.30096   5.08347
   87   7.41720  -1.69293   5.08347
   88   7.60797   0.00000   5.08347
   89   8.28046   1.70168   3.50155
   90   7.76841   3.33369   3.50155
   91   6.93832   4.82922   3.50155
   92   5.82418   6.12703   3.50155
   93   4.47160   7.17401   3.50155
   94   2.93594   7.92729   3.50155
   95   1.28009   8.35602   3.50155
   96  -0.42816   8.44267   3.50155
   97  -2.11889   8.18364   3.50155
   98  -3.72287   7.58959   3.50155
   99  -5.17444   6.68482   3.50155
  100  -6.41416   5.50637   3.50155
  101  -7.39129   4.10250   3.50155
  102  -8.06582   2.53067   3.50155
  103  -8.41014   0.85523   3.50155
  104  -8.41014  -0.85523   3.50155
  105  -8.06582  -2.53067   3.50155
  106  -7.39129  -4.10250   3.50155
  107  -6.41416  -5.50638   3.50155
  108  -5.17444  -6.68482   3.50155
  109  -3.72287  -7.58959   3.50155
  110  -2.11889  -8.18364   3.50155
  111  -0.42816  -8.44267   3.50155
  112   1.28009  -8.35602   3.50155
  113   2.93594  -7.92729   3.50155
  114   4.47159  -7.17401   3.50155
  115   5.82418  -6.12704   3.50155
  116   6.93832  -4.82922   3.50155
  117   7.76841  -3.33369   3.50155
  118   8.28046  -1.70168   3.50155
  119   8.45353   0.00000   3.50155
  120   8.81202   1.69838   1.78508
  121   8.33135   3.33537   1.78508
  122   7.54957   4.85181   1.78508
  123   6.49493   6.19290   1.78508
  124   5.20554   7.31016   1.78508
  125   3.72801   8.16321   1.78508
  126   2.11575   8.72123   1.78508
  127   0.42701   8.96405   1.78508
  128  -1.27716   8.88286   1.78508
  129  -2.93517   8.48062   1.78508
  130  -4.48710   7.77188   1.78508
  131  -5.87685   6.78224   1.78508
  132  -7.05420   5.54747   1.78508
  133  -7.97658   4.11221   1.78508
  134  -8.61068   2.52832   1.78508
  135  -8.93357   0.85305   1.78508
  136  -8.93357  -0.85306   1.78508
  137  -8.61068  -2.52833   1.78508
  138  -7.97658  -4.11222   1.78508
  139  -7.05419  -5.54748   1.78508
  140  -5.87684  -6.78224   1.78508
  141  -4.48709  -7.77188   1.78508
  142  -2.93517  -8.48062   1.78508
  143  -1.27716  -8.88286   1.78508
  144   0.42701  -8.96405   1.78508
  145   2.11574  -8.72123   1.78508
  146   3.72801  -8.16321   1.78508
  147   5.20554  -7.31016   1.78508
  148   6.49493  -6.19290   1.78508
  149   7.54957  -4.85181   1.78508
  150   8.33136  -3.33536   1.78508
  151   8.81202  -1.69837   1.78508
  152   8.97422   0.00000   1.78508
  153   8.98469   1.73165   0.00000
  154   8.49460   3.40072   0.00000
  155   7.69750   4.94688   0.00000
  156   6.62219   6.31424   0.00000
  157   5.30754   7.45340   0.00000
  158   3.80106   8.32316   0.00000
  159   2.15720   8.89211   0.00000
  160   0.43538   9.13969   0.00000
  161  -1.30218   9.05691   0.00000
  162  -2.99269   8.64679   0.00000
  163  -4.57502   7.92416   0.00000
  164  -5.99200   6.91513   0.00000
  165  -7.19241   5.65617   0.00000
  166  -8.13287   4.19279   0.00000
  167  -8.77939   2.57786   0.00000
  168  -9.10862   0.86976   0.00000
  169  -9.10862  -0.86977   0.00000
  170  -8.77939  -2.57786   0.00000
  171  -8.13287  -4.19279   0.00000
  172  -7.19241  -5.65617   0.00000
  173  -5.99199  -6.91513   0.00000
  174  -4.57502  -7.92416   0.00000
  175  -2.99269  -8.64679   0.00000
  176  -1.30218  -9.05691   0.00000
  177   0.43538  -9.13969   0.00000
  178   2.15720  -8.89211   0.00000
  179   3.80106  -8.32316   0.00000
  180   5.30753  -7.45340   0.00000
  181   6.62219  -6.31424   0.00000
  182   7.69750  -4.94688   0.00000
  183   8.49460  -3.40072   0.00000
  184   8.98469  -1.73165   0.00000
  185   9.15006   0.00000   0.00000
  186   8.81202   1.69838  -1.78508
  187   8.33135   3.33537  -1.78508
  188   7.54957   4.85181  -1.78508
  189   6.49493   6.19290  -1.78508
  190   5.20554   7.31016  -1.78508
  191   3.72801   8.16321  -1.78508
  192   2.11575   8.72123  -1.78508
  193   0.42701   8.96405  -1.78508
  194  -1.27716   8.88286  -1.78508
  195  -2.93517   8.48062  -1.78508
  196  -4.48710   7.77188  -1.78508
  197  -5.87685   6.78224  -1.78508
  198  -7.05420   5.54747  -1.78508
  199  -7.97658   4.11221  -1.78508
  200  -8.61068   2.52832  -1.78508
  201  -8.93357   0.85305  -1.78508
  202  -8.93357  -0.85306  -1.78508
  203  -8.61068  -2.52833  -1.78508
  204  -7.97658  -4.11222  -1.78508
  205  -7.05419  -5.54748  -1.78508
  206  -5.87684  -6.78224  -1.78508
  207  -4.48709  -7.77188  -1.78508
  208  -2.93517  -8.48062  -1.78508
  209  -1.27716  -8.88286  -1.78508
  210   0.42701  -8.96405  -1.78508
  211   2.11574  -8.72123  -1.78508
  212   3.72801  -8.16321  -1.78508
  213   5.20554  -7.31016  -1.78508
  214   6.49493  -6.19290  -1.78508
  215   7.54957  -4.85181  -1.78508
  216   8.33136  -3.33536  -1.78508
  217   8.81202  -1.69837  -1.78508
  218   8.97422   0.00000  -1.78508
  219   8.28046   1.70168  -3.50155
  220   7.76841   3.33369  -3.50155
  221   6.93832   4.82922  -3.50155
  222   5.82418   6.12703  -3.50155
  223   4.47160   7.17401  -3.50155
  224   2.93594   7.92729  -3.50155
  225   1.28009   8.35602  -3.50155
  226  -0.42816   8.44267  -3.50155
  227  -2.11889   8.18364  -3.50155
  228  -3.72287   7.58959  -3.50155
  229  -5.17444   6.68482  -3.50155
  230  -6.41416   5.50637  -3.50155
  231  -7.39129   4.10250  -3.50155
  232  -8.06582   2.53067  -3.50155
  233  -8.41014   0.85523  -3.50155
  234  -8.41014  -0.85523  -3.50155
  235  -8.06582  -2.53067  -3.50155
  236  -7.39129  -4.10250  -3.50155
  237  -6.41416  -5.50638  -3.50155
  238  -5.17444  -6.68482  -3.50155
  239  -3.72287  -7.58959  -3.50155
  240  -2.11889  -8.18364  -3.50155
  241  -0.42816  -8.44267  -3.50155
  242   1.28009  -8.35602  -3.50155
  243   2.93594  -7.92729  -3.50155
  244   4.47159  -7.17401  -3.50155
  245   5.82418  -6.12704  -3.50155
  246   6.93832  -4.82922  -3.50155
  247   7.76841  -3.33369  -3.50155
  248   8.28046  -1.70168  -3.50155
  249   8.45353   0.00000  -3.50155
  250   7.41720   1.69293  -5.08347
  251   6.85452   3.30096  -5.08347
  252   5.94813   4.74348  -5.08347
  253   4.74348   5.94813  -5.08347
  254   3.30096   6.85452  -5.08347
  255   1.69292   7.41721  -5.08347
  256   0.00000   7.60797  -5.08347
  257  -1.69293   7.41720  -5.08347
  258  -3.30097   6.85452  -5.08347
  259  -4.74348   5.94813  -5.08347
  260  -5.94813   4.74348  -5.08347
  261  -6.85452   3.30096  -5.08347
  262  -7.41721   1.69292  -5.08347
  263  -7.60797   0.00000  -5.08347
  264  -7.41720  -1.69293  -5.08347
  265  -6.85452  -3.30097  -5.08347
  266  -5.94813  -4.74348  -5.08347
  267  -4.74348  -5.94813  -5.08347
  268  -3.30097  -6.85452  -5.08347
  269  -1.69293  -7.41721  -5.08347
  270   0.00000  -7.60797  -5.08347
  271   1.69293  -7.41720  -5.08347
  272   3.30096  -6.85452  -5.08347
  273   4.74348  -5.94813  -5.08347
  274   5.94814  -4.74347  -5.08347
  275   6.85452  -3.30096  -5.08347
  276   7.41720  -1.69293  -5.08347
  277   7.60797   0.00000  -5.08347
  278   6.23010   1.74559  -6.47002
  279   5.52811   3.36172  -6.47002
  280   4.41614   4.72853  -6.47002
  281   2.97663   5.74464  -6.47002
  282   1.31637   6.33470  -6.47002
  283  -0.44153   6.45496  -6.47002
  284  -2.16668   6.09645  -6.47002
  285  -3.73114   5.28581  -6.47002
  286  -5.01887   4.08315  -6.47002
  287  -5.93438   2.57766  -6.47002
  288  -6.40977   0.88100  -6.47002
  289  -6.40977  -0.88101  -6.47002
  290  -5.93438  -2.57767  -6.47002
  291  -5.01887  -4.08316  -6.47002
  292  -3.73114  -5.28582  -6.47002
  293  -2.16668  -6.09645  -6.47002
  294  -0.44153  -6.45496  -6.47002
  295   1.31637  -6.33470  -6.47002
  296   2.97663  -5.74464  -6.47002
  297   4.41614  -4.72853  -6.47002
  298   5.52811  -3.36172  -6.47002
  299   6.23010  -1.74559  -6.47002
  300   6.47005   0.00000  -6.47002
  301   4.77690   1.73865  -7.60795
  302   3.89416   3.26759  -7.60795
  303   2.54173   4.40241  -7.60795
  304   0.88273   5.00624  -7.60795
  305  -0.88273   5.00624  -7.60795
  306  -2.54173   4.40241  -7.60795
  307  -3.89416   3.26759  -7.60795
  308  -4.77690   1.73865  -7.60795
  309  -5.08348   0.00000  -7.60795
  310  -4.77690  -1.73865  -7.60795
  311  -3.89416  -3.26759  -7.60795
  312  -2.54173  -4.40241  -7.60795
  313  -0.88273  -5.00624  -7.60795
  314   0.88273  -5.00624  -7.60795
  315   2.54173  -4.40241  -7.60795
  316   3.89416  -3.26759  -7.60795
  317   4.77690  -1.73865  -7.60795
  318   5.08348   0.00000  -7.60795
  319   3.03243   1.75078  -8.45350
  320   1.75078   3.03243  -8.45350
  321  -0.00000   3.50157  -8.45350
  322  -1.75078   3.03243  -8.45350
  323  -3.03244   1.75078  -8.45350
  324  -3.50157  -0.00000  -8.45350
  325  -3.03243  -1.75078  -8.45350
  326  -1.75078  -3.03244  -8.45350
  327   0.00000  -3.50157  -8.45350
  328   1.75078  -3.03243  -8.45350
  329   3.03244  -1.75078  -8.45350
  330   3.50157   0.00001  -8.45350
  331   0.89254   1.54592  -8.97419
  332  -0.89254   1.54592  -8.97419
  333  -1.78508  -0.00000  -8.97419
  334  -0.89254  -1.54592  -8.97419
  335   0.89254  -1.54592  -8.97419
  336   1.78508   0.00000  -8.97419
  337   0.00000   0.00000  -9.15000
    1   0.00000   0.00000   4.15000
    2   0.90031   1.55938   3.73902
    3  -0.90031   1.55938   3.73902
    4  -1.80062  -0.00000   3.73902
    5  -0.90031  -1.55938   3.73902
    6   0.90031  -1.55938   3.73902
    7   1.80062   0.00000   3.73902
    8   2.72953   1.75416   2.58748
    9   1.34786   2.95139   2.58748
   10  -0.46175   3.21158   2.58748
   11  -2.12476   2.45211   2.58748
   12  -3.11317   0.91411   2.58748
   13  -3.11317  -0.91411   2.58748
   14  -2.12476  -2.45211   2.58748
   15  -0.46176  -3.21158   2.58748
   16   1.34785  -2.95139   2.58748
   17   2.72953  -1.75417   2.58748
   18   3.24461  -0.00000   2.58748
   19   3.64528   1.75547   0.92346
   20   2.52261   3.16325   0.92346
   21   0.90031   3.94452   0.92346
   22  -0.90031   3.94452   0.92346
   23  -2.52261   3.16325   0.92346
   24  -3.64528   1.75547   0.92346
   25  -4.04597   0.00000   0.92346
   26  -3.64528  -1.75548   0.92346
   27  -2.52261  -3.16325   0.92346
   28  -0.90031  -3.94452   0.92346
   29   0.90031  -3.94452   0.92346
   30   2.52261  -3.16325   0.92346
   31   3.64528  -1.75547   0.92346
   32   4.04597   0.00000   0.92346
   33   3.64528   1.75547  -0.92346
   34   2.52261   3.16325  -0.92346
   35   0.90031   3.94451  -0.92346
   36  -0.90031   3.94451  -0.92346
   37  -2.52261   3.16325  -0.92346
   38  -3.64528   1.75547  -0.92346
   39  -4.04597   0.00000  -0.92346
   40  -3.64528  -1.75548  -0.92346
   41  -2.52261  -3.16325  -0.92346
   42  -0.90031  -3.94451  -0.92346
   43   0.90031  -3.94451  -0.92346
   44   2.52261  -3.16325  -0.92346
   45   3.64528  -1.75547  -0.92346
   46   4.04597   0.00000  -0.92346
   47   2.72953   1.75416  -2.58748
   48   1.34786   2.95139  -2.58748
   49  -0.46175   3.21158  -2.58748
   50  -2.12476   2.45211  -2.58748
   51  -3.11317   0.91411  -2.58748
   52  -3.11317  -0.91411  -2.58748
   53  -2.12476  -2.45210  -2.58748
   54  -0.46176  -3.21158  -2.58748
   55   1.34785  -2.95139  -2.58748
   56   2.72953  -1.75417  -2.58748
   57   3.24461  -0.00000  -2.58748
   58   0.90031   1.55938  -3.73902
   59  -0.90031   1.55938  -3.73902
   60  -1.80062  -0.00000  -3.73902
   61  -0.90031  -1.55938  -3.73902
   62   0.90031  -1.55938  -3.73902
   63   1.80062   0.00000  -3.73902
   64   0.00000   0.00000  -4.15000
Y
0.,0.,0.
0
55   1.34785  -2.95139  -2.58748
   56   2.72953  -1.