
 DUMB2I - 10:5 - D=20                     RASP  
   461  0.85000
    1   0.00000   0.00000   9.66000
    2   0.88751   1.53721   9.49553
    3  -0.88751   1.53721   9.49553
    4  -1.77503  -0.00000   9.49553
    5  -0.88751  -1.53721   9.49553
    6   0.88751  -1.53721   9.49553
    7   1.77503   0.00000   9.49553
    8   3.02208   1.74480   9.00768
    9   1.74480   3.02208   9.00768
   10  -0.00000   3.48960   9.00768
   11  -1.74480   3.02208   9.00768
   12  -3.02208   1.74480   9.00768
   13  -3.48960  -0.00000   9.00768
   14  -3.02208  -1.74480   9.00768
   15  -1.74480  -3.02208   9.00768
   16   0.00000  -3.48960   9.00768
   17   1.74480  -3.02208   9.00768
   18   3.02208  -1.74480   9.00768
   19   3.48961   0.00001   9.00768
   20   4.77865   1.73929   8.21310
   21   3.89559   3.26879   8.21310
   22   2.54267   4.40403   8.21310
   23   0.88306   5.00808   8.21310
   24  -0.88306   5.00808   8.21310
   25  -2.54267   4.40403   8.21310
   26  -3.89559   3.26879   8.21310
   27  -4.77865   1.73929   8.21310
   28  -5.08535   0.00000   8.21310
   29  -4.77865  -1.73929   8.21310
   30  -3.89559  -3.26879   8.21310
   31  -2.54267  -4.40403   8.21310
   32  -0.88306  -5.00808   8.21310
   33   0.88306  -5.00808   8.21310
   34   2.54266  -4.40403   8.21310
   35   3.89559  -3.26879   8.21310
   36   4.77865  -1.73929   8.21310
   37   5.08535   0.00000   8.21310
   38   6.26657   1.75581   7.13882
   39   5.56047   3.38140   7.13882
   40   4.44199   4.75621   7.13882
   41   2.99406   5.77827   7.13882
   42   1.32407   6.37179   7.13882
   43  -0.44412   6.49274   7.13882
   44  -2.17936   6.13214   7.13882
   45  -3.75298   5.31676   7.13882
   46  -5.04825   4.10706   7.13882
   47  -5.96912   2.59275   7.13882
   48  -6.44729   0.88616   7.13882
   49  -6.44729  -0.88616   7.13882
   50  -5.96912  -2.59276   7.13882
   51  -5.04825  -4.10706   7.13882
   52  -3.75298  -5.31676   7.13882
   53  -2.17936  -6.13214   7.13882
   54  -0.44411  -6.49274   7.13882
   55   1.32407  -6.37178   7.13882
   56   2.99406  -5.77827   7.13882
   57   4.44199  -4.75621   7.13882
   58   5.56048  -3.38140   7.13882
   59   6.26657  -1.75581   7.13882
   60   6.50792   0.00000   7.13882
   61   7.51557   1.71538   5.82145
   62   6.94543   3.34474   5.82145
   63   6.02702   4.80639   5.82145
   64   4.80639   6.02702   5.82145
   65   3.34474   6.94543   5.82145
   66   1.71538   7.51558   5.82145
   67   0.00000   7.70887   5.82145
   68  -1.71538   7.51557   5.82145
   69  -3.34475   6.94543   5.82145
   70  -4.80639   6.02702   5.82145
   71  -6.02702   4.80639   5.82145
   72  -6.94543   3.34474   5.82145
   73  -7.51558   1.71538   5.82145
   74  -7.70887   0.00000   5.82145
   75  -7.51557  -1.71538   5.82145
   76  -6.94543  -3.34475   5.82145
   77  -6.02702  -4.80639   5.82145
   78  -4.80639  -6.02702   5.82145
   79  -3.34474  -6.94543   5.82145
   80  -1.71538  -7.51558   5.82145
   81   0.00000  -7.70887   5.82145
   82   1.71538  -7.51557   5.82145
   83   3.34474  -6.94543   5.82145
   84   4.80639  -6.02702   5.82145
   85   6.02702  -4.80638   5.82145
   86   6.94543  -3.34474   5.82145
   87   7.51557  -1.71538   5.82145
   88   7.70887   0.00000   5.82145
   89   8.47027   1.74068   4.30583
   90   7.94648   3.41010   4.30583
   91   7.09737   4.93992   4.30583
   92   5.95769   6.26748   4.30583
   93   4.57410   7.33846   4.30583
   94   3.00324   8.10900   4.30583
   95   1.30944   8.54757   4.30583
   96  -0.43798   8.63620   4.30583
   97  -2.16746   8.37123   4.30583
   98  -3.80821   7.76356   4.30583
   99  -5.29305   6.83806   4.30583
  100  -6.56119   5.63260   4.30583
  101  -7.56072   4.19654   4.30583
  102  -8.25071   2.58868   4.30583
  103  -8.60293   0.87483   4.30583
  104  -8.60292  -0.87483   4.30583
  105  -8.25071  -2.58868   4.30583
  106  -7.56072  -4.19654   4.30583
  107  -6.56119  -5.63260   4.30583
  108  -5.29305  -6.83806   4.30583
  109  -3.80821  -7.76357   4.30583
  110  -2.16746  -8.37124   4.30583
  111  -0.43798  -8.63620   4.30583
  112   1.30944  -8.54757   4.30583
  113   3.00324  -8.10900   4.30583
  114   4.57409  -7.33846   4.30583
  115   5.95768  -6.26748   4.30583
  116   7.09736  -4.93992   4.30583
  117   7.94649  -3.41010   4.30583
  118   8.47027  -1.74068   4.30583
  119   8.64731   0.00000   4.30583
  120   9.13305   1.70726   2.64358
  121   8.66382   3.35638   2.64358
  122   7.89957   4.89121   2.64358
  123   6.86631   6.25947   2.64358
  124   5.59922   7.41457   2.64358
  125   4.14146   8.31718   2.64358
  126   2.54267   8.93656   2.64358
  127   0.85729   9.25162   2.64358
  128  -0.85729   9.25162   2.64358
  129  -2.54267   8.93656   2.64358
  130  -4.14146   8.31718   2.64358
  131  -5.59922   7.41457   2.64358
  132  -6.86631   6.25947   2.64358
  133  -7.89957   4.89121   2.64358
  134  -8.66382   3.35638   2.64358
  135  -9.13305   1.70726   2.64358
  136  -9.29127   0.00000   2.64358
  137  -9.13305  -1.70726   2.64358
  138  -8.66383  -3.35638   2.64358
  139  -7.89957  -4.89121   2.64358
  140  -6.86631  -6.25947   2.64358
  141  -5.59923  -7.41457   2.64358
  142  -4.14146  -8.31718   2.64358
  143  -2.54267  -8.93656   2.64358
  144  -0.85729  -9.25162   2.64358
  145   0.85729  -9.25162   2.64358
  146   2.54266  -8.93656   2.64358
  147   4.14147  -8.31718   2.64358
  148   5.59922  -7.41457   2.64358
  149   6.86630  -6.25947   2.64358
  150   7.89957  -4.89121   2.64358
  151   8.66382  -3.35638   2.64358
  152   9.13305  -1.70727   2.64358
  153   9.29127   0.00000   2.64358
  154   9.46424   1.71750   0.89131
  155   9.00547   3.37981   0.89131
  156   8.25725   4.93348   0.89131
  157   7.24365   6.32859   0.89131
  158   5.99723   7.52029   0.89131
  159   4.55805   8.47028   0.89131
  160   2.97238   9.14803   0.89131
  161   1.29116   9.53177   0.89131
  162  -0.43155   9.60915   0.89131
  163  -2.14039   9.37765   0.89131
  164  -3.78043   8.84476   0.89131
  165  -5.29898   8.02760   0.89131
  166  -6.64720   6.95243   0.89131
  167  -7.78178   5.65379   0.89131
  168  -8.66625   4.17345   0.89131
  169  -9.27218   2.55896   0.89131
  170  -9.58010   0.86222   0.89131
  171  -9.58010  -0.86222   0.89131
  172  -9.27218  -2.55895   0.89131
  173  -8.66625  -4.17344   0.89131
  174  -7.78178  -5.65379   0.89131
  175  -6.64720  -6.95243   0.89131
  176  -5.29897  -8.02760   0.89131
  177  -3.78043  -8.84476   0.89131
  178  -2.14039  -9.37765   0.89131
  179  -0.43155  -9.60915   0.89131
  180   1.29115  -9.53177   0.89131
  181   2.97237  -9.14803   0.89131
  182   4.55805  -8.47028   0.89131
  183   5.99722  -7.52029   0.89131
  184   7.24365  -6.32859   0.89131
  185   8.25725  -4.93348   0.89131
  186   9.00546  -3.37981   0.89131
  187   9.46424  -1.71751   0.89131
  188   9.61884   0.00000   0.89131
  189   9.46424   1.71750  -0.89132
  190   9.00547   3.37981  -0.89132
  191   8.25725   4.93348  -0.89132
  192   7.24365   6.32859  -0.89132
  193   5.99723   7.52029  -0.89132
  194   4.55805   8.47028  -0.89132
  195   2.97238   9.14803  -0.89132
  196   1.29116   9.53177  -0.89132
  197  -0.43155   9.60915  -0.89132
  198  -2.14039   9.37765  -0.89132
  199  -3.78043   8.84476  -0.89132
  200  -5.29898   8.02760  -0.89132
  201  -6.64720   6.95243  -0.89132
  202  -7.78178   5.65379  -0.89132
  203  -8.66625   4.17345  -0.89132
  204  -9.27218   2.55896  -0.89132
  205  -9.58010   0.86222  -0.89132
  206  -9.58010  -0.86222  -0.89132
  207  -9.27218  -2.55895  -0.89132
  208  -8.66625  -4.17344  -0.89132
  209  -7.78178  -5.65379  -0.89132
  210  -6.64720  -6.95243  -0.89132
  211  -5.29897  -8.02760  -0.89132
  212  -3.78043  -8.84476  -0.89132
  213  -2.14039  -9.37765  -0.89132
  214  -0.43155  -9.60915  -0.89132
  215   1.29115  -9.53177  -0.89132
  216   2.97237  -9.14803  -0.89132
  217   4.55805  -8.47028  -0.89132
  218   5.99722  -7.52029  -0.89132
  219   7.24365  -6.32859  -0.89132
  220   8.25725  -4.93348  -0.89132
  221   9.00546  -3.37981  -0.89132
  222   9.46424  -1.71751  -0.89132
  223   9.61884   0.00000  -0.89132
  224   9.13305   1.70726  -2.64359
  225   8.66382   3.35638  -2.64359
  226   7.89957   4.89121  -2.64359
  227   6.86631   6.25947  -2.64359
  228   5.59922   7.41457  -2.64359
  229   4.14146   8.31718  -2.64359
  230   2.54267   8.93656  -2.64359
  231   0.85729   9.25162  -2.64359
  232  -0.85729   9.25162  -2.64359
  233  -2.54267   8.93656  -2.64359
  234  -4.14146   8.31718  -2.64359
  235  -5.59922   7.41457  -2.64359
  236  -6.86631   6.25947  -2.64359
  237  -7.89957   4.89121  -2.64359
  238  -8.66382   3.35638  -2.64359
  239  -9.13305   1.70726  -2.64359
  240  -9.29127   0.00000  -2.64359
  241  -9.13305  -1.70726  -2.64359
  242  -8.66383  -3.35638  -2.64359
  243  -7.89957  -4.89121  -2.64359
  244  -6.86631  -6.25947  -2.64359
  245  -5.59923  -7.41457  -2.64359
  246  -4.14146  -8.31718  -2.64359
  247  -2.54267  -8.93656  -2.64359
  248  -0.85729  -9.25162  -2.64359
  249   0.85729  -9.25162  -2.64359
  250   2.54266  -8.93656  -2.64359
  251   4.14147  -8.31718  -2.64359
  252   5.59922  -7.41457  -2.64359
  253   6.86630  -6.25947  -2.64359
  254   7.89957  -4.89121  -2.64359
  255   8.66382  -3.35638  -2.64359
  256   9.13305  -1.70727  -2.64359
  257   9.29127   0.00000  -2.64359
  258   8.47027   1.74068  -4.30583
  259   7.94648   3.41010  -4.30583
  260   7.09737   4.93992  -4.30583
  261   5.95769   6.26748  -4.30583
  262   4.57410   7.33846  -4.30583
  263   3.00324   8.10900  -4.30583
  264   1.30944   8.54757  -4.30583
  265  -0.43798   8.63620  -4.30583
  266  -2.16746   8.37123  -4.30583
  267  -3.80821   7.76356  -4.30583
  268  -5.29305   6.83806  -4.30583
  269  -6.56119   5.63260  -4.30583
  270  -7.56072   4.19654  -4.30583
  271  -8.25071   2.58868  -4.30583
  272  -8.60293   0.87483  -4.30583
  273  -8.60292  -0.87483  -4.30583
  274  -8.25071  -2.58868  -4.30583
  275  -7.56072  -4.19654  -4.30583
  276  -6.56119  -5.63260  -4.30583
  277  -5.29305  -6.83806  -4.30583
  278  -3.80821  -7.76357  -4.30583
  279  -2.16746  -8.37124  -4.30583
  280  -0.43798  -8.63620  -4.30583
  281   1.30944  -8.54757  -4.30583
  282   3.00324  -8.10900  -4.30583
  283   4.57409  -7.33846  -4.30583
  284   5.95768  -6.26748  -4.30583
  285   7.09736  -4.93992  -4.30583
  286   7.94649  -3.41010  -4.30583
  287   8.47027  -1.74068  -4.30583
  288   8.64731   0.00000  -4.30583
  289   7.51557   1.71538  -5.82145
  290   6.94543   3.34474  -5.82145
  291   6.02702   4.80639  -5.82145
  292   4.80639   6.02702  -5.82145
  293   3.34474   6.94543  -5.82145
  294   1.71538   7.51558  -5.82145
  295   0.00000   7.70887  -5.82145
  296  -1.71538   7.51557  -5.82145
  297  -3.34475   6.94543  -5.82145
  298  -4.80639   6.02702  -5.82145
  299  -6.02702   4.80639  -5.82145
  300  -6.94543   3.34474  -5.82145
  301  -7.51558   1.71538  -5.82145
  302  -7.70887   0.00000  -5.82145
  303  -7.51557  -1.71538  -5.82145
  304  -6.94543  -3.34475  -5.82145
  305  -6.02702  -4.80639  -5.82145
  306  -4.80639  -6.02702  -5.82145
  307  -3.34474  -6.94543  -5.82145
  308  -1.71538  -7.51558  -5.82145
  309   0.00000  -7.70887  -5.82145
  310   1.71538  -7.51557  -5.82145
  311   3.34474  -6.94543  -5.82145
  312   4.80639  -6.02702  -5.82145
  313   6.02702  -4.80638  -5.82145
  314   6.94543  -3.34474  -5.82145
  315   7.51557  -1.71538  -5.82145
  316   7.70887   0.00000  -5.82145
  317   6.26657   1.75581  -7.13883
  318   5.56047   3.38140  -7.13883
  319   4.44199   4.75621  -7.13883
  320   2.99406   5.77827  -7.13883
  321   1.32407   6.37179  -7.13883
  322  -0.44412   6.49274  -7.13883
  323  -2.17936   6.13214  -7.13883
  324  -3.75298   5.31676  -7.13883
  325  -5.04825   4.10706  -7.13883
  326  -5.96912   2.59275  -7.13883
  327  -6.44729   0.88616  -7.13883
  328  -6.44729  -0.88616  -7.13883
  329  -5.96912  -2.59276  -7.13883
  330  -5.04825  -4.10706  -7.13883
  331  -3.75298  -5.31676  -7.13883
  332  -2.17936  -6.13214  -7.13883
  333  -0.44411  -6.49274  -7.13883
  334   1.32407  -6.37178  -7.13883
  335   2.99406  -5.77827  -7.13883
  336   4.44199  -4.75621  -7.13883
  337   5.56048  -3.38140  -7.13883
  338   6.26657  -1.75581  -7.13883
  339   6.50792   0.00000  -7.13883
  340   4.77865   1.73929  -8.21310
  341   3.89559   3.26879  -8.21310
  342   2.54267   4.40403  -8.21310
  343   0.88306   5.00808  -8.21310
  344  -0.88306   5.00808  -8.21310
  345  -2.54267   4.40403  -8.21310
  346  -3.89559   3.26879  -8.21310
  347  -4.77865   1.73929  -8.21310
  348  -5.08535   0.00000  -8.21310
  349  -4.77865  -1.73929  -8.21310
  350  -3.89559  -3.26879  -8.21310
  351  -2.54267  -4.40403  -8.21310
  352  -0.88306  -5.00808  -8.21310
  353   0.88306  -5.00808  -8.21310
  354   2.54266  -4.40403  -8.21310
  355   3.89559  -3.26879  -8.21310
  356   4.77865  -1.73929  -8.21310
  357   5.08535   0.00000  -8.21310
  358   3.02208   1.74480  -9.00768
  359   1.74480   3.02208  -9.00768
  360  -0.00000   3.48961  -9.00768
  361  -1.74480   3.02208  -9.00768
  362  -3.02208   1.74480  -9.00768
  363  -3.48961  -0.00000  -9.00768
  364  -3.02208  -1.74480  -9.00768
  365  -1.74480  -3.02208  -9.00768
  366   0.00000  -3.48961  -9.00768
  367   1.74480  -3.02208  -9.00768
  368   3.02208  -1.74480  -9.00768
  369   3.48961   0.00001  -9.00768
  370   0.88751   1.53721  -9.49553
  371  -0.88751   1.53721  -9.49553
  372  -1.77503  -0.00000  -9.49553
  373  -0.88751  -1.53721  -9.49553
  374   0.88751  -1.53721  -9.49553
  375   1.77503   0.00000  -9.49553
  376   0.00000   0.00000  -9.66000
    1  20.00002   0.00000   4.66000
    2  20.89167   1.54439   4.30528
    3  19.10837   1.54439   4.30528
    4  18.21671  -0.00000   4.30528
    5  19.10837  -1.54439   4.30528
    6  20.89167  -1.54439   4.30528
    7  21.78333   0.00000   4.30528
    8  22.85367   1.64756   3.29512
    9  21.64757   2.85365   3.29512
   10  20.00001   3.29513   3.29512
   11  18.35246   2.85365   3.29512
   12  17.14636   1.64756   3.29512
   13  16.70489  -0.00000   3.29512
   14  17.14636  -1.64756   3.29512
   15  18.35246  -2.85366   3.29512
   16  20.00002  -3.29513   3.29512
   17  21.64757  -2.85365   3.29512
   18  22.85367  -1.64756   3.29512
   19  23.29514   0.00000   3.29512
   20  23.93308   1.75111   1.78330
   21  22.88081   3.19945   1.78330
   22  21.33042   4.09456   1.78330
   23  19.54999   4.28170   1.78330
   24  17.84738   3.72848   1.78330
   25  16.51697   2.53058   1.78330
   26  15.78882   0.89512   1.78330
   27  15.78882  -0.89512   1.78330
   28  16.51697  -2.53058   1.78330
   29  17.84738  -3.72848   1.78330
   30  19.54999  -4.28170   1.78330
   31  21.33042  -4.09456   1.78330
   32  22.88081  -3.19945   1.78330
   33  23.93308  -1.75112   1.78330
   34  24.30531   0.00000   1.78330
   35  24.34535   1.68339   0.00000
   36  23.44381   3.13943   0.00000
   37  22.07717   4.17148   0.00000
   38  20.42999   4.64015   0.00000
   39  18.72474   4.48212   0.00000
   40  17.19173   3.71877   0.00000
   41  16.03799   2.45318   0.00000
   42  15.41934   0.85628   0.00000
   43  15.41934  -0.85628   0.00000
   44  16.03799  -2.45318   0.00000
   45  17.19173  -3.71877   0.00000
   46  18.72474  -4.48212   0.00000
   47  20.42999  -4.64015   0.00000
   48  22.07717  -4.17147   0.00000
   49  23.44381  -3.13943   0.00000
   50  24.34535  -1.68339   0.00000
   51  24.66005   0.00000   0.00000
   52  23.93308   1.75111  -1.78331
   53  22.88081   3.19945  -1.78331
   54  21.33042   4.09456  -1.78331
   55  19.54999   4.28170  -1.78331
   56  17.84738   3.72848  -1.78331
   57  16.51697   2.53058  -1.78331
   58  15.78882   0.89512  -1.78331
   59  15.78882  -0.89512  -1.78331
   60  16.51697  -2.53058  -1.78331
   61  17.84738  -3.72848  -1.78331
   62  19.54999  -4.28170  -1.78331
   63  21.33042  -4.09456  -1.78331
   64  22.88081  -3.19945  -1.78331
   65  23.93308  -1.75112  -1.78331
   66  24.30531   0.00000  -1.78331
   67  22.85367   1.64756  -3.29512
   68  21.64757   2.85365  -3.29512
   69  20.00001   3.29513  -3.29512
   70  18.35246   2.85365  -3.29512
   71  17.14636   1.64756  -3.29512
   72  16.70489  -0.00000  -3.29512
   73  17.14636  -1.64756  -3.29512
   74  18.35246  -2.85365  -3.29512
   75  20.00002  -3.29513  -3.29512
   76  21.64757  -2.85365  -3.29512
   77  22.85367  -1.64756  -3.29512
   78  23.29514   0.00000  -3.29512
   79  20.89167   1.54439  -4.30528
   80  19.10836   1.54439  -4.30528
   81  18.21671  -0.00000  -4.30528
   82  19.10837  -1.54439  -4.30528
   83  20.89167  -1.54439  -4.30528
   84  21.78333   0.00000  -4.30528
   85  20.00002   0.00000  -4.66000
Y
0.,0.,0.
0
76  21.64757  -2.85365  -3.29512
   77  22.85367  -1.64756  -3.29512
   78  23.29514   0.00000  -3.29512
   79  20.89167   1.54439  -4.