 GAMMA FUNCTION DATA
   21
    8
1.0,1.0000000000
1.1,.9513507699
1.2,.9181687424
1.3,.8974706963
1.4,.8872638175
1.5,.8862269255
1.6,.8935153493
1.7,.9086387329
1.8,.9313837710
1.9,.9617658319
2.0,1.0000000000
2.1,1.046485847
2.2,1.101802491
2.3,1.166711905
2.4,1.242169345
2.5,1.329340388
2.6,1.429624559
2.7,1.544685846
2.8,1.676490788
2.9,1.827355081
3.0,2.000000000
ION DATA
   21
    8
1.0,1.0000000000
1.1,.9513507699
1.2,.9181687424
1.3,.8974706963
1.4,.8872638175
1.5,.8862269255
1.6,.8935153493
1.7,.9086387329
1.8,.9313837710
1.9,.9617658319
2.0,1.0000000000
2.1,1.046485847
2.2,1.101802491
2.3,1.166711905
2.4,1.242169345
2.5,1.329340388
2.6,1.429624559
2.7,1.544685846
2.8,1.676490788
2.9,1.827355081
3.0,2.