
 PARALLEL - 20 TERM MOR - INVERSE A SERIES
   20
  0.10000000000000000D+01 0.00000000000000000D+00 0.00000000000000000D+00
  0.00000000000000000D+00 0.00000000000000000D+00 0.00000000000000000D+00
  0.00000000000000000D+00 0.00000000000000000D+00 0.00000000000000000D+00
  0.00000000000000000D+00 0.00000000000000000D+00 0.00000000000000000D+00
  0.00000000000000000D+00 0.00000000000000000D+00 0.00000000000000000D+00
  0.00000000000000000D+00 0.00000000000000000D+00 0.00000000000000000D+00
  0.00000000000000000D+00 0.00000000000000000D+00
  0.00000000000000000D+00-0.90000000000000000D+01 0.00000000000000000D+00
 -0.36000000000000000D+02 0.00000000000000000D+00-0.14400000000000001D+03
  0.00000000000000000D+00-0.57599999999999996D+03 0.00000000000000000D+00
 -0.23040000000000000D+04 0.00000000000000000D+00-0.92160000000000012D+04
  0.00000000000000000D+00-0.36864000000000009D+05 0.00000000000000000D+00
 -0.14745599999999992D+06 0.00000000000000000D+00-0.58982400000000046D+06
  0.00000000000000000D+00-0.23592959999999987D+07
  0.00000000000000000D+00 0.00000000000000000D+00 0.00000000000000000D+00
  0.00000000000000000D+00 0.00000000000000000D+00 0.00000000000000000D+00
  0.11368683772161603D-12 0.00000000000000000D+00-0.56843418860808015D-13
  0.00000000000000000D+00-0.22737367544323206D-12 0.00000000000000000D+00
  0.45474735088646412D-11 0.00000000000000000D+00-0.21827872842550278D-10
  0.00000000000000000D+00-0.40745362639427185D-09 0.00000000000000000D+00
  0.23283064365386963D-09 0.00000000000000000D+00
  0.00000000000000000D+00 0.24000000000000000D+02 0.00000000000000000D+00
  0.44800000000000000D+03 0.00000000000000000D+00 0.42240000000000001D+04
  0.00000000000000000D+00 0.30719999999999998D+05 0.00000000000000000D+00
  0.19455999999999999D+06 0.00000000000000000D+00 0.11304959999999999D+07
  0.00000000000000000D+00 0.61931519999999999D+07 0.00000000000000000D+00
  0.32505855999999997D+08 0.00000000000000000D+00 0.16515072000000001D+09
  0.00000000000000000D+00 0.81788927999999996D+09
  0.00000000000000000D+00 0.00000000000000000D+00-0.54000000000000000D+03
  0.00000000000000000D+00-0.86400000000000000D+04 0.00000000000000000D+00
 -0.86400000000000001D+05 0.00000000000000000D+00-0.69120000000000005D+06
  0.00000000000000000D+00-0.48384000000000001D+07 0.00000000000000000D+00
 -0.30965759999999999D+08 0.00000000000000000D+00-0.18579456000000000D+09
  0.00000000000000000D+00-0.10616831999999999D+10 0.00000000000000000D+00
 -0.58392576000000001D+10 0.00000000000000000D+00
  0.00000000000000000D+00-0.16000000000000000D+02 0.00000000000000000D+00
 -0.96000000000000000D+03 0.00000000000000000D+00-0.17920000000000000D+05
  0.00000000000000000D+00-0.21504000000000003D+06 0.00000000000000000D+00
 -0.20275199999999991D+07 0.00000000000000000D+00-0.16400383999999991D+08
  0.00000000000000000D+00-0.11927551999999993D+09 0.00000000000000000D+00
 -0.80216064000000002D+09 0.00000000000000000D+00-0.50803507200000006D+10
  0.00000000000000000D+00-0.30681333760000002D+11
  0.00000000000000000D+00 0.00000000000000000D+00 0.28800000000000000D+03
  0.00000000000000000D+00 0.58368000000000000D+05 0.00000000000000000D+00
  0.13265920000000000D+07 0.00000000000000000D+00 0.18198528000000000D+08
  0.00000000000000000D+00 0.19198771200000000D+09 0.00000000000000000D+00
  0.17157324799999999D+10 0.00000000000000000D+00 0.13657964543999998D+11
  0.00000000000000000D+00 0.99788783615999992D+11 0.00000000000000000D+00
  0.68230211174399994D+12 0.00000000000000000D+00
  0.00000000000000000D+00 0.00000000000000000D+00 0.00000000000000000D+00
 -0.32400000000000001D+05 0.00000000000000000D+00-0.11232000000000000D+07
  0.00000000000000000D+00-0.20563200000000000D+08 0.00000000000000000D+00
 -0.27095039999999999D+09 0.00000000000000000D+00-0.29030400000000001D+10
  0.00000000000000000D+00-0.26940211199999999D+11 0.00000000000000000D+00
 -0.22481141759999998D+12 0.00000000000000000D+00-0.17284202495999999D+13
  0.00000000000000000D+00-0.12449297203199998D+14
  0.00000000000000000D+00 0.00000000000000000D+00-0.30719999999999994D+04
  0.00000000000000000D+00 0.84991999999999998D+05 0.00000000000000000D+00
  0.22056959999999998D+07 0.00000000000000000D+00 0.21659648000000003D+08
  0.00000000000000000D+00 0.64618496000000238D+08 0.00000000000000000D+00
 -0.14297333759999926D+10 0.00000000000000000D+00-0.31372345343999900D+11
  0.00000000000000000D+00-0.40360948531199919D+12 0.00000000000000000D+00
 -0.41423952936959932D+13 0.00000000000000000D+00
  0.00000000000000000D+00 0.00000000000000000D+00 0.00000000000000000D+00
 -0.51840000000000010D+05 0.00000000000000000D+00 0.13132800000000000D+07
  0.00000000000000000D+00 0.10229760000000000D+09 0.00000000000000000D+00
  0.26475724800000001D+10 0.00000000000000000D+00 0.45121536000000002D+11
  0.00000000000000000D+00 0.60027568127999995D+12 0.00000000000000000D+00
  0.67408389734399997D+13 0.00000000000000000D+00 0.66801106943999992D+14
  0.00000000000000000D+00 0.60096704937983996D+15
  0.00000000000000000D+00 0.00000000000000000D+00-0.89600000000000006D+04
  0.00000000000000000D+00-0.97939200000000028D+06 0.00000000000000000D+00
 -0.78141440000000004D+08 0.00000000000000000D+00-0.25426124800000000D+10
  0.00000000000000000D+00-0.48997229678999997D+11 0.00000000000000000D+00
 -0.67899445691999995D+12 0.00000000000000000D+00-0.74531760531359988D+13
  0.00000000000000000D+00-0.68198334716159975D+14 0.00000000000000000D+00
 -0.53303405510783967D+15 0.00000000000000000D+00
  0.00000000000000000D+00 0.00000000000000000D+00 0.00000000000000000D+00
 -0.45849599999999996D+06 0.00000000000000000D+00-0.43745279999999987D+07
  0.00000000000000000D+00 0.32278937600000000D+09 0.00000000000000000D+00
  0.11948556288000001D+11 0.00000000000000000D+00 0.20283424970300004D+12
  0.00000000000000000D+00 0.19712844338440018D+13 0.00000000000000000D+00
  0.59479823874240429D+13 0.00000000000000000D+00-0.18199646745279938D+15
  0.00000000000000000D+00-0.45375493154900416D+16
  0.00000000000000000D+00 0.00000000000000000D+00-0.36864000000000000D+05
  0.00000000000000000D+00-0.18508800000000008D+07 0.00000000000000000D+00
 -0.86085631999999937D+08 0.00000000000000000D+00 0.39164313600000280D+09
  0.00000000000000000D+00 0.21669938830000004D+12 0.00000000000000000D+00
  0.83606835205120013D+13 0.00000000000000000D+00 0.18753980242291203D+15
  0.00000000000000000D+00 0.31112376324290563D+16 0.00000000000000000D+00
  0.42176265457810436D+17 0.00000000000000000D+00
  0.00000000000000000D+00 0.00000000000000000D+00 0.00000000000000000D+00
 -0.20090880000000000D+07 0.00000000000000000D+00-0.90499328000000019D+08
  0.00000000000000000D+00-0.33726812160000010D+10 0.00000000000000000D+00
 -0.13684063846400002D+12 0.00000000000000000D+00-0.49478795433839996D+13
  0.00000000000000000D+00-0.12819202408166398D+15 0.00000000000000000D+00
 -0.24835736879982075D+16 0.00000000000000000D+00-0.38546068033953782D+17
  0.00000000000000000D+00-0.50467238912714941D+18
  0.00000000000000000D+00 0.00000000000000000D+00-0.14745600000000012D+06
  0.00000000000000000D+00-0.23447552000000003D+08 0.00000000000000000D+00
 -0.14136115200000001D+10 0.00000000000000000D+00-0.27654553600000017D+11
  0.00000000000000000D+00 0.22341372001279999D+13 0.00000000000000000D+00
  0.10951951335328801D+15 0.00000000000000000D+00 0.26084724793409925D+16
  0.00000000000000000D+00 0.43129301640988814D+17 0.00000000000000000D+00
  0.55556571601207326D+18 0.00000000000000000D+00
  0.00000000000000000D+00 0.00000000000000000D+00 0.00000000000000000D+00
 -0.94412800000000007D+07 0.00000000000000000D+00-0.42309427200000014D+09
  0.00000000000000000D+00 0.74598809600000452D+09 0.00000000000000000D+00
  0.35201961164800048D+12 0.00000000000000000D+00 0.40432563065280119D+13
  0.00000000000000000D+00-0.28974172019007554D+14 0.00000000000000000D+00
 -0.25893454084197339D+15 0.00000000000000000D+00 0.37842625891495093D+17
  0.00000000000000000D+00 0.14755310931072480D+19
  0.00000000000000000D+00 0.00000000000000000D+00-0.58982399999999984D+06
  0.00000000000000000D+00-0.13117440000000002D+09 0.00000000000000000D+00
 -0.12768877567999998D+11 0.00000000000000000D+00-0.56626821529600014D+12
  0.00000000000000000D+00 0.12796174057983999D+14 0.00000000000000000D+00
  0.85377294205508808D+15 0.00000000000000000D+00 0.18657911506720770D+17
  0.00000000000000000D+00 0.22086621911773605D+18 0.00000000000000000D+00
  0.81139423355288299D+18 0.00000000000000000D+00
  0.00000000000000000D+00 0.00000000000000000D+00 0.00000000000000000D+00
 -0.43057152000000008D+08 0.00000000000000000D+00-0.32188538880000005D+10
  0.00000000000000000D+00-0.28337700864000011D+11 0.00000000000000000D+00
  0.11110491095039980D+13 0.00000000000000000D+00-0.23269404681856107D+14
  0.00000000000000000D+00-0.13202040839743223D+16 0.00000000000000000D+00
 -0.13282090511293998D+17 0.00000000000000000D+00 0.29071345082486535D+18
  0.00000000000000000D+00 0.12912273196096367D+20
  0.00000000000000000D+00 0.00000000000000000D+00-0.23592960000000018D+07
  0.00000000000000000D+00-0.73821388800000023D+09 0.00000000000000000D+00
 -0.81041874944000038D+11 0.00000000000000000D+00-0.30113523302400012D+13
  0.00000000000000000D+00 0.30243080522291206D+15 0.00000000000000000D+00
  0.15401848177295299D+17 0.00000000000000000D+00 0.36458391927160634D+18
  0.00000000000000000D+00 0.57412816061226549D+19 0.00000000000000000D+00
  0.67838561869740727D+20 0.00000000000000000D+00
  0.00000000000000000D+00 0.00000000000000000D+00 0.00000000000000000D+00
 -0.19346227199999999D+09 0.00000000000000000D+00-0.19366215680000002D+11
  0.00000000000000000D+00-0.32549401804799986D+12 0.00000000000000000D+00
 -0.15728286466047984D+14 0.00000000000000000D+00-0.14261830609290233D+16
  0.00000000000000000D+00-0.56961800813400037D+17 0.00000000000000000D+00
 -0.15761369594781706D+19 0.00000000000000000D+00-0.36761341423520690D+20
  0.00000000000000000D+00-0.76714782017834952D+21
00D+00-0.19366215680000002D+11
  0.00000000000000000D+00-0.32549401804799986D+12 0.00000000000000000D+00
 -0.15728286466047984D+14 0.00000000000000000D+00-0.14261830609290233D+16
  0.00000000000000000D+00-0.56961800813400037D+17 0.00000000000000000D+00
 -0.15761369594781706D+19 0.0000000000