
 PARALLEL - 20 TERM MOR - INVERSE B SERIES(REDUCED)
   19
 -0.33333333333333333D+00 0.00000000000000000D+00-0.44444444444444444D+00
  0.00000000000000000D+00-0.59259259259259259D+00 0.00000000000000000D+00
 -0.79012345679012347D+00 0.00000000000000000D+00-0.10534979423868313D+01
  0.00000000000000000D+00-0.14046639231824417D+01 0.00000000000000000D+00
 -0.18728852309099223D+01 0.00000000000000000D+00-0.24971803078798964D+01
  0.00000000000000000D+00-0.33295737438398618D+01 0.00000000000000000D+00
 -0.44394316584531492D+01
  0.00000000000000000D+00 0.30000000000000000D+01 0.00000000000000000D+00
  0.16000000000000000D+02 0.00000000000000000D+00 0.69333333333333333D+02
  0.00000000000000000D+00 0.28444444444444443D+03 0.00000000000000000D+00
  0.11472592592592592D+04 0.00000000000000000D+00 0.46016790123456788D+04
  0.00000000000000000D+00 0.18423572016460909D+05 0.00000000000000000D+00
  0.73716762688614548D+05 0.00000000000000000D+00 0.29489701691815278D+06
  0.00000000000000000D+00
 -0.44444444444444444D+00 0.00000000000000000D+00-0.11851851851851854D+01
  0.00000000000000000D+00-0.23703703703703729D+01 0.00000000000000000D+00
 -0.42139917695473379D+01 0.00000000000000000D+00-0.70233196159123565D+01
  0.00000000000000000D+00-0.11237311385460032D+02 0.00000000000000000D+00
 -0.17480262155158471D+02 0.00000000000000000D+00-0.26636589950729103D+02
  0.00000000000000000D+00-0.39954884926410159D+02 0.00000000000000000D+00
 -0.59192422115069348D+02
  0.00000000000000000D+00 0.16000000000000000D+02 0.00000000000000000D+00
 -0.22204460492503131D-14 0.00000000000000000D+00-0.85333333333333339D+03
  0.00000000000000000D+00-0.91022222222222219D+04 0.00000000000000000D+00
 -0.67811555555555550D+05 0.00000000000000000D+00-0.43043397530864194D+06
  0.00000000000000000D+00-0.24909073909465021D+07 0.00000000000000000D+00
 -0.13566761086419753D+08 0.00000000000000000D+00-0.70780078646547786D+08
  0.00000000000000000D+00
 -0.59259259259259259D+00 0.00000000000000000D+00-0.23703703703703733D+01
  0.00000000000000000D+00 0.11936790123456790D+04 0.00000000000000000D+00
  0.19505953360768175D+05 0.00000000000000000D+00 0.19581190672153633D+06
  0.00000000000000000D+00 0.15626853369913121D+07 0.00000000000000000D+00
  0.10884647512675911D+08 0.00000000000000000D+00 0.69255614995275092D+08
  0.00000000000000000D+00 0.41305722960117857D+09 0.00000000000000000D+00
  0.23467565243858859D+10
  0.00000000000000000D+00 0.69333333333333335D+02 0.00000000000000000D+00
 -0.85333333333333337D+03 0.00000000000000000D+00-0.15720296296296298D+05
  0.00000000000000000D+00-0.13360039506172841D+06 0.00000000000000000D+00
 -0.81105856790123473D+06 0.00000000000000000D+00-0.37904799780521308D+07
  0.00000000000000000D+00-0.12383577079103838D+08 0.00000000000000000D+00
 -0.55022671129404343D+07 0.00000000000000000D+00 0.34655657883696410D+09
  0.00000000000000000D+00
 -0.79012345679012347D+00 0.00000000000000000D+00-0.42139917695473326D+01
  0.00000000000000000D+00 0.19505953360768171D+05 0.00000000000000000D+00
  0.23616520896204843D+06 0.00000000000000000D+00 0.10042290431336679D+07
  0.00000000000000000D+00-0.72176418635370691D+07 0.00000000000000000D+00
 -0.18600327266534579D+09 0.00000000000000000D+00-0.22319551380950740D+10
  0.00000000000000000D+00-0.20647632860993237D+11 0.00000000000000000D+00
 -0.16503673582297353D+12
  0.00000000000000000D+00 0.28444444444444443D+03 0.00000000000000000D+00
 -0.91022222222222222D+04 0.00000000000000000D+00-0.13360039506172840D+06
  0.00000000000000000D+00 0.16278018106995826D+06 0.00000000000000000D+00
  0.26281306951989021D+08 0.00000000000000000D+00 0.46883822113946041D+09
  0.00000000000000000D+00 0.56534943546410594D+10 0.00000000000000000D+00
  0.55571019787965636D+11 0.00000000000000000D+00 0.47831244600808228D+12
  0.00000000000000000D+00
 -0.10534979423868313D+01 0.00000000000000000D+00-0.70233196159125270D+01
  0.00000000000000000D+00 0.19581190672153632D+06 0.00000000000000000D+00
  0.10042290431336683D+07 0.00000000000000000D+00-0.28670716033125035D+08
  0.00000000000000000D+00-0.67201762603505574D+09 0.00000000000000000D+00
 -0.86170035515182341D+10 0.00000000000000000D+00-0.84293420578633960D+11
  0.00000000000000000D+00-0.69670729006608576D+12 0.00000000000000000D+00
 -0.51057238693818156D+13
  0.00000000000000000D+00 0.11472592592592592D+04 0.00000000000000000D+00
 -0.67811555555555548D+05 0.00000000000000000D+00-0.81105856790123468D+06
  0.00000000000000000D+00 0.26281306951989018D+08 0.00000000000000000D+00
  0.78385094689711916D+09 0.00000000000000000D+00 0.11188501658981249D+11
  0.00000000000000000D+00 0.11010747811141304D+12 0.00000000000000000D+00
  0.80575077052271731D+12 0.00000000000000000D+00 0.40809088600066116D+13
  0.00000000000000000D+00
 -0.14046639231824417D+01 0.00000000000000000D+00-0.11237311385460032D+02
  0.00000000000000000D+00 0.15626853369913120D+07 0.00000000000000000D+00
 -0.72176418635370634D+07 0.00000000000000000D+00-0.67201762603505573D+09
  0.00000000000000000D+00-0.12441433800986488D+11 0.00000000000000000D+00
 -0.15489645716482118D+12 0.00000000000000000D+00-0.16083933732348594D+13
  0.00000000000000000D+00-0.15439226703062848D+14 0.00000000000000000D+00
 -0.14441085924923312D+15
  0.00000000000000000D+00 0.46016790123456791D+04 0.00000000000000000D+00
 -0.43043397530864202D+06 0.00000000000000000D+00-0.37904799780521273D+07
  0.00000000000000000D+00 0.46883822113946024D+09 0.00000000000000000D+00
  0.11188501658981248D+11 0.00000000000000000D+00 0.12904547860899207D+12
  0.00000000000000000D+00 0.88259890966542229D+12 0.00000000000000000D+00
  0.28057494655624873D+13 0.00000000000000000D+00-0.92020177776793505D+13
  0.00000000000000000D+00
 -0.18728852309099223D+01 0.00000000000000000D+00-0.17480262155156652D+02
  0.00000000000000000D+00 0.10884647512675911D+08 0.00000000000000000D+00
 -0.18600327266534575D+09 0.00000000000000000D+00-0.86170035515182315D+10
  0.00000000000000000D+00-0.15489645716482119D+12 0.00000000000000000D+00
 -0.22415999779645432D+13 0.00000000000000000D+00-0.32527578195839183D+14
  0.00000000000000000D+00-0.47459905249087448D+15 0.00000000000000000D+00
 -0.65075287683957222D+16
  0.00000000000000000D+00 0.18423572016460908D+05 0.00000000000000000D+00
 -0.24909073909465023D+07 0.00000000000000000D+00-0.12383577079103813D+08
  0.00000000000000000D+00 0.56534943546410583D+10 0.00000000000000000D+00
  0.11010747811141304D+12 0.00000000000000000D+00 0.88259890966542251D+12
  0.00000000000000000D+00 0.37126685346855774D+13 0.00000000000000000D+00
  0.73013872614416899D+14 0.00000000000000000D+00 0.26350553230808115D+16
  0.00000000000000000D+00
 -0.24971803078798964D+01 0.00000000000000000D+00-0.26636589950707275D+02
  0.00000000000000000D+00 0.69255614995275092D+08 0.00000000000000000D+00
 -0.22319551380950743D+10 0.00000000000000000D+00-0.84293420578633957D+11
  0.00000000000000000D+00-0.16083933732348595D+13 0.00000000000000000D+00
 -0.32527578195839193D+14 0.00000000000000000D+00-0.69406522579628037D+15
  0.00000000000000000D+00-0.12861319013501612D+17 0.00000000000000000D+00
 -0.19684612844291315D+18
  0.00000000000000000D+00 0.73716762688614515D+05 0.00000000000000000D+00
 -0.13566761086419756D+08 0.00000000000000000D+00-0.55022671129403077D+07
  0.00000000000000000D+00 0.55571019787965629D+11 0.00000000000000000D+00
  0.80575077052271729D+12 0.00000000000000000D+00 0.28057494655624947D+13
  0.00000000000000000D+00 0.73013872614417020D+14 0.00000000000000000D+00
  0.46352377222815171D+16 0.00000000000000000D+00 0.12552278527279715D+18
  0.00000000000000000D+00
 -0.33295737438398618D+01 0.00000000000000000D+00-0.39954884926082741D+02
  0.00000000000000000D+00 0.41305722960117853D+09 0.00000000000000000D+00
 -0.20647632860993239D+11 0.00000000000000000D+00-0.69670729006608580D+12
  0.00000000000000000D+00-0.15439226703062848D+14 0.00000000000000000D+00
 -0.47459905249087459D+15 0.00000000000000000D+00-0.12861319013501613D+17
  0.00000000000000000D+00-0.25603058367771542D+18 0.00000000000000000D+00
 -0.38643960563051521D+19
  0.00000000000000000D+00 0.29489701691815282D+06 0.00000000000000000D+00
 -0.70780078646547785D+08 0.00000000000000000D+00 0.34655657883696571D+09
  0.00000000000000000D+00 0.47831244600808230D+12 0.00000000000000000D+00
  0.40809088600066121D+13 0.00000000000000000D+00-0.92020177776792996D+13
  0.00000000000000000D+00 0.26350553230808120D+16 0.00000000000000000D+00
  0.12552278527279713D+18 0.00000000000000000D+00 0.28874159685109570D+19
  0.00000000000000000D+00
 -0.44394316584531492D+01 0.00000000000000000D+00-0.59192422113235807D+02
  0.00000000000000000D+00 0.23467565243858860D+10 0.00000000000000000D+00
 -0.16503673582297356D+12 0.00000000000000000D+00-0.51057238693818148D+13
  0.00000000000000000D+00-0.14441085924923313D+15 0.00000000000000000D+00
 -0.65075287683957224D+16 0.00000000000000000D+00-0.19684612844291314D+18
  0.00000000000000000D+00-0.38643960563051522D+19 0.00000000000000000D+00
 -0.52669360237366984D+20
00D+00 0.23467565243858860D+10 0.00000000000000000D+00
 -0.16503673582297356D+12 0.0000000