 KYNCH'S (A)N SERIES (CHECK & COR. 14-JAN-82)
   13
0.,0.,0.,0.,0.
0.,0.,0.,0.,0.
0.,0.,0.
.75,0.,-.75,0.,0.
0.,0.,0.,0.,0.
0.,0.,0.
0.,0.,0.,0.,0.
0.,0.,0.,0.,0.
0.,0.,0.
-.75,0.,0.,0.,0.
0.,0.,0.,0.,0.
0.,0.,0.
0.,0.,0.,18.75,0.
-3.75,0.,-141.375,0.,240.1875
0.,-98.4375,0.
0.,0.,0.,0.,0.
0.,0.,0.,0.,0.
0.,0.,0.
0.,0.,0.,-3.75,0.
-233.75,0.,633.0625,0.,-375
0.,0.,0.
0.,0.,0.,0.,0.
0.,0.,0.,0.,0.
0.,0.,0.
0.,0.,0.,-95.875,0.
535.24107,0.,-494.19643,0.,0.
0.,0.,0.
0.,0.,0.,0.,0.
0.,0.,0.,0.,0.
0.,0.,0.
0.,0.,0.,142.36607,0.
-267.85714,0.,0.,0.,0.
0.,0.,0.
0.,0.,0.,0.,0.
0.,0.,0.,0.,0.
0.,0.,0.
0.,0.,0.,-50.223214,0.
0.,0.,0.,0.,0.
0.,0.,0.
0.
0.,0.,0.,0.,0.
0.,0.,0.
0.,0.,0.,-3.75,0.
-233.75,0.,633.0625,0.,-375
0