 KYNCH'S  L SERIES (CHECKED 14-JAN-82)
  16
0.,0.,0.,0.,0.
0.,0.,0.,0.,0.
0.,0.,0.,0.,0.
0.
0.,0.,0.,-3.75,0.
-.9375,0.,-1.125,0.,-1.125
0.,-1.125,0.,-1.125,0.
-1.125
0.,0.,0.,0.,0.
0.,0.,0.,0.,0.
0.,0.,0.,0.,0.
0.
0.,0.,0.,7.5,0.
15.375,0.,26.625,0.,40.875
0.,58.125,0.,78.375,0.
0.
0.,0.,0.,0.,0.
0.,0.,0.,0.,0.
0.,0.,0.,0.,0.
0.
0.,0.,0.,-2.5,0.
-10.9375,0.,-31.5,0.,-72.1875
0.,-143.,0.,0.,0.
0.
0.,0.,0.,0.,0.
0.,0.,0.,0.,0.
0.,0.,0.,0.,0.
0.
0.,0.,0.,0.,0.
0.,0.,0.,0.,0.
0.,0.,0.,0.,0.
0.
0.,0.,0.,0.,0.
0.,0.,0.,0.,0.
0.,0.,0.,0.,0.
0.
0.,0.,0.,0.,0.
0.,0.,0.,0.,0.
0.,0.,0.,0.,0.
0.
0.,0.,0.,0.,0.
0.,0.,0.,0.,0.
0.,0.,0.,0.,0.
0.
0.,0.,0.,0.,0.
0.,0.,0.,0.,0.
0.,0.,0.,0.,0.
0.
0.,0.,0.,0.,0.
0.,0.,0.,0.,0.
0.,0.,0.,0.,0.
0.
0.,0.,0.,0.,0.
0.,0.,0.,0.,0.
0.,0.,0.,0.,0.
0.
0.,0.,0.,0.,0.
0.,0.,0.,0.,0.
0.,0.,0.,0.,0.
0.
0.,0.,0.,0.,0.
0.,0.,0.,0.,0.
0.,0.,0.,0.,0.
0.
0.,0.,0.,0.,0.
0.,0.,0.,0.,0.
0.,0.,0.,0.,0.
0.
.,0.,0.,0.,0.
0.
0.,0.,0.,0.,0.
0.,0.,0.,0.,0.
0.,0.,0.,0.,0.
0.
0.,0.,0.,0.,0.
0.,0.,0.,0.,0.
0.,0.,0.,0.,0.
0.
0.,0.,0.,0.,0.
0.,0.,0.,0.,0.