 KYNCH'S  (A)M SERIES (COR. & CHECK 14-JAN-82)
   14
0.,0.,0.,0.,0.
0.,0.,0.,0.,0.
0.,0.,0.,0.
.75,0.,.25,0.,0.
0.,0.,0.,0.,0.
0.,0.,0.,0.
0.,0.,0.,0.,0.
0.,0.,0.,0.,0.
0.,0.,0.,0.
.25,0.,0.,0.,0.
0.,0.,0.,0.,0.
0.,0.,0.,0.
0.,0.,0.,0.,0.
0.,0.,1.875,0.,-14.4375
0.,19.6875,0.,0.
0.,0.,0.,0.,0.
0.,0.,0.,0.,0.
0.,0.,0.,0.
0.,0.,0.,0.,0.
5.75,0.,-45.8125,0.,75.
0.,0.,0.,0.
0.,0.,0.,0.,0.
0.,0.,0.,0.,0.
0.,0.,0.,0.
0.,0.,0.,4.375,0.
-43.5625,0.,98.839286,0.,0.
0.,0.,0.,0.
0.,0.,0.,0.,0.
0.,0.,0.,0.,0.
0.,0.,0.,0.
0.,0.,0.,-12.1875,0.
53.571429,0.,0.,0.,0.
0.,0.,0.,0.
0.,0.,0.,0.,0.
0.,0.,0.,0.,0.
0.,0.,0.,0.
0.,0.,0.,10.044643,0.
0.,0.,0.,0.,0.
0.,0.,0.,0.
0.,0.,0.,0.,0.
0.,0.,0.,0.,0.
0.,0.,0.,0.
.,-45.8125,0.,75.
0