 KYNCH'S K SERIES (CHECKED 14-JAN-82)
   16
1.,0.,0.,0.,0.
0.,0.,0.,0.,0.
0.,0.,0.,0.,0.
0.
0.,0.,0.,0.,0.
-1.0625,0.,-1.125,0.,-1.125
0.,-1.125,0.,-1.125,0.
-1.125
0.,0.,0.,0.,0.
0.,0.,0.,0.,0.
0.,0.,0.,0.,0.
0.
0.,0.,0.,0.,0.
1.125,0.,3.375,0.,6.625
0.,10.875,0.,16.125,0.
0.
0.,0.,0.,0.,0.
0.,0.,0.,0.,0.
0.,0.,0.,0.,0.
0.
0.,0.,0.,-1.25,0.
-6.5625,0.,-21.,0.,-51.5625
0.,-107.25,0.,0.,0.
0.
0.,0.,0.,0.,0.
0.,0.,0.,0.,0.
0.,0.,0.,0.,0.
0.
0.,0.,0.,0.,0.
0.,0.,0.,0.,0.
0.,0.,0.,0.,0.
0.
0.,0.,0.,0.,0.
0.,0.,0.,0.,0.
0.,0.,0.,0.,0.
0.
0.,0.,0.,0.,0.
0.,0.,0.,0.,0.
0.,0.,0.,0.,0.
0.
0.,0.,0.,0.,0.
0.,0.,0.,0.,0.
0.,0.,0.,0.,0.
0.
0.,0.,0.,0.,0.
0.,0.,0.,0.,0.
0.,0.,0.,0.,0.
0.
0.,0.,0.,0.,0.
0.,0.,0.,0.,0.
0.,0.,0.,0.,0.
 0.
0.,0.,0.,0.,0.
0.,0.,0.,0.,0.
0.,0.,0.,0.,0.
0.
0.,0.,0.,0.,0.
0.,0.,0.,0.,0.
0.,0.,0.,0.,0.
0.
0.,0.,0.,0.,0.
0.,0.,0.,0.,0.
0.,0.,0.,0.,0.
0.
0.,0.,0.,0.,0.
0.,0.,0.,0.,0.
0.,0.,0.,0.,0.
0.
,0.,0.,0.,0.
0.
0.,0.,0.,0.,0.
0.,0.,0.,0.,0.
0.,0.,0.,0.,0.
0.
0.,0.,0.,0.,0.
0.,0.,0.,0.,0.
0.,0.,0.,0.,0.
0.
0.,0.,0.,0.,0.
0.,0.,0.,0.,0.
0.,