
   10
     1.00000     0.00000     0.00000     0.00000     0.00000
     0.00000     0.00000     0.00000     0.00000     0.00000
     0.00000     2.25000     0.00000     2.25000     0.00000
     2.25000     0.00000     2.25000     0.00000     2.25000
     0.00000     0.00000     5.06250     0.00000    10.12502
     0.00000    15.18751     0.00000    20.25002     0.00000
     0.00000    -1.50000     0.00000     4.39063     0.00000
    17.67190     0.00000    38.34378     0.00000    66.40627
     0.00000     0.00000     1.68750     0.00000    21.12892
     0.00000    74.39064     0.00000   177.53916     0.00000
     0.00000     0.25000     0.00000    18.93752     0.00000
    55.46877     0.00000    90.46877     0.00000    85.78131
     0.00000     0.00000     2.25000     0.00000    41.80080
     0.00000   116.27352     0.00000   115.62907     0.00000
     0.00000     0.00000     0.00000    20.25002     0.00000
    14.76563     0.00000  -255.09381     0.00000 -1386.98458
     0.00000     0.00000     2.25000     0.00000    69.86328
     0.00000   126.11728     0.00000  -564.20302     0.00000
     0.00000     0.00000     0.00000    25.31252     0.00000
   -45.00002     0.00000 -1050.18794     0.00000 -5780.75051
   10
     0.00000    -1.50000     0.00000     0.50000     0.00000
     0.00000     0.00000     0.00000     0.00000     0.00000
     0.00000     0.00000    -3.37500     0.00000    -2.25000
     0.00000    -2.25000     0.00000    -2.25000     0.00000
     0.00000     0.50000     0.00000    -7.59375     0.00000
   -12.65627     0.00000   -17.71877     0.00000   -22.78127
     0.00000     0.00000    -2.25000     0.00000   -11.83596
     0.00000   -28.81251     0.00000   -53.17969     0.00000
     0.00000     0.00000     0.00000   -12.65627     0.00000
   -51.09963     0.00000  -131.39659     0.00000  -269.61332
     0.00000     0.00000    -2.25000     0.00000   -28.81252
     0.00000   -69.70311     0.00000   -96.15623     0.00000
     0.00000     0.00000     0.00000   -17.71877     0.00000
  -131.39659     0.00000  -346.72862     0.00000  -526.63457
     0.00000     0.00000    -2.25000     0.00000   -53.17970
     0.00000   -96.15627     0.00000   174.90649     0.00000
     0.00000     0.00000     0.00000   -22.78127     0.00000
  -269.61338     0.00000  -526.63493     0.00000   776.04508
     0.00000     0.00000    -2.25000     0.00000   -84.93752
     0.00000   -60.62502     0.00000  1501.87551     0.00000
