 C - UB   N=   1  M=   0  (PARA.  REDUCED  1-14-80)
    9
    -1.50000     0.00000     0.50000     0.00000     0.00000
     0.00000     0.00000     0.00000     0.00000     0.00000
    -3.37500     0.00000    -2.25000     0.00000    -2.25000
     0.00000    -2.25000     0.00000     0.50000     0.00000
    -7.59375     0.00000   -12.65628     0.00000   -17.71879
     0.00000   -22.78128     0.00000    -2.25000     0.00000
   -11.83598     0.00000   -28.81253     0.00000   -53.17970
     0.00000     0.00000     0.00000   -12.65628     0.00000
   -51.09964     0.00000  -131.39671     0.00000  -269.61350
     0.00000    -2.25000     0.00000   -28.81253     0.00000
   -69.70311     0.00000   -96.15623     0.00000     0.00000
     0.00000   -17.71879     0.00000  -131.39671     0.00000
  -346.72880     0.00000  -526.63457     0.00000    -2.25000
     0.00000   -53.17974     0.00000   -96.15629     0.00000
   174.90661     0.00000     0.00000     0.00000   -22.78128
     0.00000  -269.61350     0.00000  -526.63505     0.00000
   776.04532
-69.70311     0.00000   -96.15623     0.00000     0.00000
     0.00000   -17.71879  