 C - UA   N=   1  M=   0  (PARALLELL  1-14-80)
   10
     1.00000    -1.50000     0.00000     0.50000     0.00000
     0.00000     0.00000     0.00000     0.00000     0.00000
     0.00000     2.25000    -3.37500     2.25000    -2.25000
     2.25000    -2.25000     2.25000    -2.25000     2.25000
     0.00000     0.50000     5.06250    -7.59375    10.12504
   -12.65628    15.18753   -17.71879    20.25004   -22.78128
     0.00000    -1.50000    -2.25000     4.39063   -11.83598
    17.67191   -28.81253    38.34380   -53.17970    66.40629
     0.00000     0.00000     1.68750   -12.65628    21.12893
   -51.09964    74.39068  -131.39671   177.53928  -269.61350
     0.00000     0.25000    -2.25000    18.93754   -28.81253
    55.46879   -69.70311    90.46881   -96.15623    85.78134
     0.00000     0.00000     2.25000   -17.71879    41.80082
  -131.39671   116.27364  -346.72880   115.62919  -526.63457
     0.00000     0.00000    -2.25000    20.25004   -53.17974
    14.76565   -96.15629  -255.09399   174.90661 -1386.98458
     0.00000     0.00000     2.25000   -22.78128    69.86330
  -269.61350   126.11740  -526.63505  -564.20302   776.04532
     0.00000     0.00000    -2.25000    25.31254   -84.93756
   -45.00004   -60.62504 -1050.18854  1501.87611 -5780.75289
526.63457
     0.00000     0.00000    -2.25000    20.25004   -53.17974
    14.76565   -96.15629  -255.09399   174.90661 -1386.98458
     0.00000     0.00000     2.25000   -22.78128    69.86330
  -269.61350   126.11740  -526.63505  -564.