 C - UA   N=   1  M=   0  (PERPENDICULAR  5-15-80)
   12
  1.0000000     0.00000000E+00 0.00000000E+00 0.00000000E+00 0.00000000E+00 
 0.00000000E+00 0.00000000E+00 0.00000000E+00 0.00000000E+00 0.00000000E+00 
 0.00000000E+00 0.00000000E+00
 0.00000000E+00  9.0000000     0.00000000E+00  288.00000     0.00000000E+00 
  4608.0005     0.00000000E+00  73728.008     0.00000000E+00  1179648.3 
 0.00000000E+00  18874368.
 0.00000000E+00 0.00000000E+00  81.000000     0.00000000E+00  5184.0000 
 0.00000000E+00  165888.02     0.00000000E+00  3981312.5     0.00000000E+00 
  84934672.     0.00000000E+00
 0.00000000E+00  96.000000     0.00000000E+00  1241.0000     0.00000000E+00 
 -3744.0078     0.00000000E+00 -179712.00     0.00000000E+00  2318336.0 
-0.36490445E+09 0.16935818E+10
 0.00000000E+00 0.00000000E+00  3456.0000     0.00000000E+00  126369.00 
 0.00000000E+00  8654977.0     0.00000000E+00 0.34865971E+09 0.00000000E+00 
 0.11160359E+11-0.43411036E+10
 0.00000000E+00  256.00000     0.00000000E+00  136352.00     0.00000000E+00 
  10548393.     0.00000000E+00 0.59069491E+09 0.00000000E+00 0.26222465E+11 
 0.11148540E+12 0.51123035E+12
 0.00000000E+00 0.00000000E+00  71424.008     0.00000000E+00  6303168.0 
 0.00000000E+00 0.55188179E+09 0.00000000E+00 0.23962782E+11 0.00000000E+00 
 0.77828470E+12 0.16082123E+13
 0.00000000E+00 0.00000000E+00 0.00000000E+00  2011392.3     0.00000000E+00 
 0.19707930E+09 0.00000000E+00 0.13607484E+11 0.00000000E+00 0.89157127E+12 
-0.18519566E+12 0.45545935E+14
 0.00000000E+00 0.00000000E+00  1179648.0     0.00000000E+00 0.16821021E+09 
 0.00000000E+00 0.22163554E+11 0.00000000E+00 0.13090972E+13 0.00000000E+00 
 0.62500909E+14 0.52314279E+14
 0.00000000E+00 0.00000000E+00 0.00000000E+00  53084168.     0.00000000E+00 
 0.81204982E+10 0.00000000E+00 0.68422507E+12 0.00000000E+00 0.53517360E+14 
 0.21205358E+13 0.31163483E+16
 0.00000000E+00 0.00000000E+00  18874372.     0.00000000E+00 0.37271967E+10 
-0.30859592E+10 0.69881496E+12-0.74343757E+12 0.52776457E+14 0.18668252E+15 
 0.31546213E+16 0.19604913E+17
 0.00000000E+00 0.00000000E+00 0.00000000E+00 0.11890853E+10 0.19126030E+10 
 0.27236542E+12 0.40512265E+12 0.30216905E+14 0.47656047E+14 0.19287781E+16 
 0.13210515E+17 0.82469832E+17
3E+16
 0.00