 C - UB   N=   1  M=   0  (PERPENDICULAR  5-15-80)
   12
 0.00000000E+00 -3.0000000     0.00000000E+00 -16.000000     0.00000000E+00 
 0.00000000E+00 0.00000000E+00 0.00000000E+00 0.00000000E+00 0.00000000E+00 
 0.00000000E+00 0.00000000E+00
 0.00000000E+00 0.00000000E+00 -27.000000     0.00000000E+00 -1008.0000 
 0.00000000E+00 -18432.002     0.00000000E+00 -294912.00     0.00000000E+00 
 -4718593.0     0.00000000E+00
 0.00000000E+00 -16.000000     0.00000000E+00 -243.00000     0.00000000E+00 
 -16848.000     0.00000000E+00 -580608.06     0.00000000E+00 -14598146. 
 0.00000000E+00-0.31850499E+09
 0.00000000E+00 0.00000000E+00 -1008.0000     0.00000000E+00 -19083.000 
 0.00000000E+00 -967088.00     0.00000000E+00 -22600706.     0.00000000E+00 
-0.50110467E+09 0.00000000E+00
 0.00000000E+00 0.00000000E+00 0.00000000E+00 -16848.000     0.00000000E+00 
 -766179.00     0.00000000E+00 -43912088.     0.00000000E+00-0.17860796E+10 
 0.91540685E+09-0.60161171E+11
 0.00000000E+00 0.00000000E+00 -18432.002     0.00000000E+00 -967088.00 
 0.00000000E+00 -95203840.     0.00000000E+00-0.36340884E+10 0.00000000E+00 
-0.12493128E+12 0.92578775E+10
 0.00000000E+00 0.00000000E+00 0.00000000E+00 -580608.06     0.00000000E+00 
 -43912088.     0.00000000E+00-0.27027581E+10 0.00000000E+00-0.13451991E+12 
 0.12827475E+12-0.55235985E+13
 0.00000000E+00 0.00000000E+00 -294912.03     0.00000000E+00 -22600706. 
 0.00000000E+00-0.36340882E+10 0.00000000E+00-0.16144379E+12 0.00000000E+00 
-0.67474387E+13 0.22303128E+13
 0.00000000E+00 0.00000000E+00 0.00000000E+00 -14598146.     0.00000000E+00 
-0.17860792E+10 0.00000000E+00-0.13451990E+12 0.00000000E+00-0.92156063E+13 
-0.25525100E+14-0.35380233E+15
 0.00000000E+00 0.00000000E+00 -4718593.0     0.00000000E+00-0.50110474E+09 
 0.00000000E+00-0.12493128E+12 0.00000000E+00-0.67597810E+13 0.00000000E+00 
-0.33208003E+15-0.56004753E+15
 0.00000000E+00 0.00000000E+00 0.00000000E+00-0.31850502E+09 0.14470346E+10 
-0.56499548E+11-0.53607078E+12-0.49236777E+13-0.17438092E+14-0.48734427E+15 
-0.21045847E+16-0.21262326E+17
 0.00000000E+00 0.00000000E+00 -75497472.     0.00000000E+00-0.16492793E+11 
-0.96259338E+10-0.18333598E+13-0.10365548E+14-0.20768257E+15-0.73490883E+15 
-0.18106051E+17-0.10136850E+18
3E+15
 