 TWO SPHERES SETTLING IN A VISCIOUS FLUID BY THE METHOD OF REFLECTIONS
 PERPENDICULAR 12 TERM SERIES FROM VAX COMPUTER  5-18-80
 D - UA   N=   1  M=  -1
 0.00000000E+00 0.00000000E+00 0.00000000E+00 0.00000000E+00 0.00000000E+00 
 0.00000000E+00 0.00000000E+00 0.00000000E+00 0.00000000E+00 0.00000000E+00 
 0.00000000E+00 0.00000000E+00
 0.00000000E+00 0.00000000E+00 0.00000000E+00 0.00000000E+00 0.00000000E+00 
 0.00000000E+00 0.00000000E+00 0.00000000E+00 0.00000000E+00 0.00000000E+00 
 0.00000000E+00 0.00000000E+00
 0.00000000E+00  24.000000     0.00000000E+00  384.00000     0.00000000E+00 
  6144.0000     0.00000000E+00  98304.000     0.00000000E+00  1572863.8 
 -14680052.      83886096.
 0.00000000E+00 0.00000000E+00  216.00000     0.00000000E+00  10368.000 
 0.00000000E+00  276480.06     0.00000000E+00  6193152.0     0.00000000E+00 
 0.12740201E+09 0.94371853E+09
 0.00000000E+00  128.00000     0.00000000E+00  22424.000     0.00000000E+00 
  1302400.0     0.00000000E+00  50509828.     0.00000000E+00 0.15831860E+10 
 0.99681567E+10 0.37371254E+10
 0.00000000E+00 0.00000000E+00  8064.0000     0.00000000E+00  754776.00 
 0.00000000E+00  22898304.     0.00000000E+00 0.43283869E+09 0.00000000E+00 
 0.73992960E+09 0.17940719E+12
 0.00000000E+00 0.00000000E+00 0.00000000E+00  134784.00     0.00000000E+00 
  12211992.     0.00000000E+00 0.69949792E+09 0.00000000E+00 0.26510289E+11 
 0.53840749E+11 0.56792685E+12
 0.00000000E+00 0.00000000E+00  147456.02     0.00000000E+00  26217860. 
 0.00000000E+00 0.16850620E+10 0.00000000E+00 0.99862684E+11 0.00000000E+00 
 0.62385008E+13 0.11520926E+14
 0.00000000E+00 0.00000000E+00 0.00000000E+00  4644864.5     0.00000000E+00 
 0.70165216E+09 0.00000000E+00 0.56863797E+11 0.00000000E+00 0.24117848E+13 
 0.31356431E+13 0.49295626E+14
 0.00000000E+00 0.00000000E+00  2359296.0     0.00000000E+00 0.60233325E+09 
 0.00000000E+00 0.53648060E+11 0.00000000E+00 0.46387859E+13 0.00000000E+00 
 0.35551186E+15 0.70731743E+15
 0.00000000E+00 0.00000000E+00 0.00000000E+00 0.11678517E+09 0.00000000E+00 
 0.26349359E+11 0.00000000E+00 0.30191334E+13 0.00000000E+00 0.18399479E+15 
 0.15854496E+16 0.26824820E+16
 0.00000000E+00 0.00000000E+00  37748744.     0.00000000E+00 0.12766546E+11 
-0.77762391E+10 0.15162201E+13-0.35199102E+13 0.17600365E+15-0.27850585E+14 
 0.22806577E+17 0.59322926E+17
 D - UB   N=   1  M=  -1
 0.00000000E+00 0.00000000E+00 0.00000000E+00 0.00000000E+00 0.00000000E+00 
 0.00000000E+00 0.00000000E+00 0.00000000E+00 0.00000000E+00 0.00000000E+00 
 0.00000000E+00 0.00000000E+00
 0.00000000E+00 -8.0000000     0.00000000E+00 0.00000000E+00 0.00000000E+00 
 0.00000000E+00 0.00000000E+00 0.00000000E+00 0.00000000E+00 0.00000000E+00 
 0.00000000E+00 0.00000000E+00
 0.00000000E+00 0.00000000E+00 -72.000000     0.00000000E+00 -1536.0000 
 0.00000000E+00 -24576.000     0.00000000E+00 -393216.06     0.00000000E+00 
 -6291455.5     -79691792.
 0.00000000E+00 0.00000000E+00 0.00000000E+00 -648.00000     0.00000000E+00 
 -34560.000     0.00000000E+00 -995328.13     0.00000000E+00 -23003140. 
  14155767.    -0.53791949E+09
 0.00000000E+00 0.00000000E+00 -2304.0000     0.00000000E+00 -206536.00 
 0.00000000E+00 -7510017.0     0.00000000E+00-0.24104963E+09 0.00000000E+00 
-0.69250591E+10-0.12265982E+11
 0.00000000E+00 0.00000000E+00 0.00000000E+00 -41472.000     0.00000000E+00 
 -3001608.0     0.00000000E+00-0.11350656E+09 0.00000000E+00-0.27454464E+10 
 0.11251650E+11-0.92051554E+11
 0.00000000E+00 0.00000000E+00 -36864.004     0.00000000E+00 -5081856.5 
 0.00000000E+00-0.18529624E+09 0.00000000E+00-0.80358543E+10 0.00000000E+00 
-0.31293243E+12-0.12397504E+13
 0.00000000E+00 0.00000000E+00 0.00000000E+00 -1327104.1     0.00000000E+00 
-0.17540816E+09 0.00000000E+00-0.13443443E+11 0.00000000E+00-0.65201694E+12 
-0.50215135E+13-0.64423041E+13
 0.00000000E+00 0.00000000E+00 -589824.06     0.00000000E+00-0.11180854E+09 
 0.00000000E+00-0.43484662E+10 0.00000000E+00-0.32338090E+12 0.00000000E+00 
-0.17010716E+14-0.91486905E+14
 0.00000000E+00 0.00000000E+00 0.00000000E+00 -31850500.     0.00000000E+00 
-0.62432870E+10 0.00000000E+00-0.67088246E+12 0.00000000E+00-0.39502987E+14 
-0.38324302E+15-0.39090752E+15
 0.00000000E+00 0.00000000E+00 -9437186.0     0.00000000E+00-0.23338028E+10 
 0.00000000E+00-0.12831792E+12 0.00000000E+00-0.18286918E+14 0.00000000E+00 
-0.19206922E+16-0.46659542E+16
 0.00000000E+00 0.00000000E+00 0.00000000E+00-0.67947738E+09 0.33889974E+10 
-0.18169179E+12-0.14964939E+12-0.24595743E+14-0.14212080E+15-0.16714003E+16 
-0.31432671E+17-0.48218073E+17
 B - UA   N=   1  M=   0
 0.16666667     0.00000000E+00 0.00000000E+00 0.00000000E+00 0.00000000E+00 
 0.00000000E+00 0.00000000E+00 0.00000000E+00 0.00000000E+00 0.00000000E+00 
 0.00000000E+00 0.00000000E+00
 0.00000000E+00  1.5000000     0.00000000E+00  48.000000     0.00000000E+00 
  768.00000     0.00000000E+00  12288.002     0.00000000E+00  196608.00 
 0.00000000E+00  3145727.8
 0.00000000E+00 0.00000000E+00  13.500000     0.00000000E+00  864.00000 
 0.00000000E+00  27648.004     0.00000000E+00  663552.06     0.00000000E+00 
  14155778.     0.00000000E+00
 0.00000000E+00  22.400002     0.00000000E+00  240.96667     0.00000000E+00 
 -5539.1992     0.00000000E+00 -265881.56     0.00000000E+00 -7023550.0 
-0.10947132E+09 0.28226365E+09
 0.00000000E+00 0.00000000E+00  633.60004     0.00000000E+00  23211.902 
 0.00000000E+00  1437580.9     0.00000000E+00  55200168.     0.00000000E+00 
 0.17128394E+10-0.72351731E+09
 0.00000000E+00  76.800003     0.00000000E+00  34166.402     0.00000000E+00 
  2711512.0     0.00000000E+00 0.14626586E+09 0.00000000E+00 0.62024566E+10 
 0.33445620E+11 0.85205074E+11
 0.00000000E+00 0.00000000E+00  14054.401     0.00000000E+00  1386150.5 
 0.00000000E+00 0.10340196E+09 0.00000000E+00 0.39738363E+10 0.00000000E+00 
 0.10935600E+12 0.26803539E+12
 0.00000000E+00 0.00000000E+00 0.00000000E+00  371174.44     0.00000000E+00 
  37135272.     0.00000000E+00 0.25180147E+10 0.00000000E+00 0.15480427E+12 
-0.55558689E+11 0.75909908E+13
 0.00000000E+00 0.00000000E+00  235929.63     0.00000000E+00  39535340. 
 0.00000000E+00 0.45048325E+10 0.00000000E+00 0.26067626E+12 0.00000000E+00 
 0.12837427E+14 0.87190458E+13
 0.00000000E+00 0.00000000E+00 0.00000000E+00  10085992.     0.00000000E+00 
 0.16169649E+10 0.00000000E+00 0.13989496E+12 0.00000000E+00 0.99586849E+13 
 0.63615625E+12 0.51939130E+15
 0.00000000E+00 0.00000000E+00  3774874.5     0.00000000E+00 0.88751814E+09 
-0.51432650E+09 0.14078806E+12-0.12390625E+12 0.10761004E+14 0.31113752E+14 
 0.68843756E+15 0.32674852E+16
 0.00000000E+00 0.00000000E+00 0.00000000E+00 0.22932358E+09 0.31876717E+09 
 0.55244337E+11 0.67520442E+11 0.64674763E+13 0.79426738E+13 0.41351717E+15 
 0.30969356E+16 0.13744976E+17
 B - UB   N=   1  M=   0
 0.00000000E+00-0.50000000     0.00000000E+00 -2.6666667     0.00000000E+00 
 0.00000000E+00 0.00000000E+00 0.00000000E+00 0.00000000E+00 0.00000000E+00 
 0.00000000E+00 0.00000000E+00
 0.00000000E+00 0.00000000E+00 -4.5000000     0.00000000E+00 -168.00000 
 0.00000000E+00 -3072.0000     0.00000000E+00 -49152.008     0.00000000E+00 
 -786432.13     0.00000000E+00
 0.00000000E+00 -4.8000002     0.00000000E+00 -40.500000     0.00000000E+00 
 -2808.0000     0.00000000E+00 -96768.000     0.00000000E+00 -2433024.3 
 0.00000000E+00 -53084168.
 0.00000000E+00 0.00000000E+00 -187.20001     0.00000000E+00 -3385.3003 
 0.00000000E+00 -146981.88     0.00000000E+00 -2980353.0     0.00000000E+00 
 -57512748.     0.00000000E+00
 0.00000000E+00 0.00000000E+00 0.00000000E+00 -2980.8003     0.00000000E+00 
 -135069.31     0.00000000E+00 -7338341.0     0.00000000E+00-0.28887187E+09 
 0.27462208E+09-0.10026862E+11
 0.00000000E+00 0.00000000E+00 -3686.4004     0.00000000E+00 -262132.81 
 0.00000000E+00 -20929212.     0.00000000E+00-0.78969235E+09 0.00000000E+00 
-0.26696088E+11 0.15429796E+10
 0.00000000E+00 0.00000000E+00 0.00000000E+00 -107827.21     0.00000000E+00 
 -8473004.0     0.00000000E+00-0.49316170E+09 0.00000000E+00-0.22486223E+11 
 0.38482428E+11-0.92059959E+12
 0.00000000E+00 0.00000000E+00 -58982.406     0.00000000E+00 -6380237.5 
 0.00000000E+00-0.73170746E+09 0.00000000E+00-0.30986338E+11 0.00000000E+00 
-0.12488497E+13 0.37171878E+12
 0.00000000E+00 0.00000000E+00 0.00000000E+00 -2786918.8     0.00000000E+00 
-0.36804835E+09 0.00000000E+00-0.29055236E+11 0.00000000E+00-0.18833758E+13 
-0.76575298E+13-0.58967053E+14
 0.00000000E+00 0.00000000E+00 -943718.63     0.00000000E+00-0.14185434E+09 
 0.00000000E+00-0.23159654E+11 0.00000000E+00-0.11818140E+13 0.00000000E+00 
-0.57038441E+14-0.93341258E+14
 0.00000000E+00 0.00000000E+00 0.00000000E+00 -61577632.     0.24117245E+09 
-0.11896841E+11-0.89345122E+11-0.11662711E+13-0.29063486E+13-0.10445722E+15 
-0.63782157E+15-0.35437214E+16
 0.00000000E+00 0.00000000E+00 -15099496.     0.00000000E+00-0.39617042E+10 
-0.16043222E+10-0.34563503E+12-0.17275915E+13-0.37154953E+14-0.12248480E+15 
-0.35324031E+16-0.16894749E+17
 C - UA   N=   1  M=   0
  1.0000000     0.00000000E+00 0.00000000E+00 0.00000000E+00 0.00000000E+00 
 0.00000000E+00 0.00000000E+00 0.00000000E+00 0.00000000E+00 0.00000000E+00 
 0.00000000E+00 0.00000000E+00
 0.00000000E+00  9.0000000     0.00000000E+00  288.00000     0.00000000E+00 
  4608.0005     0.00000000E+00  73728.008     0.00000000E+00  1179648.3 
 0.00000000E+00  18874368.
 0.00000000E+00 0.00000000E+00  81.000000     0.00000000E+00  5184.0000 
 0.00000000E+00  165888.02     0.00000000E+00  3981312.5     0.00000000E+00 
  84934672.     0.00000000E+00
 0.00000000E+00  96.000000     0.00000000E+00  1241.0000     0.00000000E+00 
 -3744.0078     0.00000000E+00 -179712.00     0.00000000E+00  2318336.0 
-0.36490445E+09 0.16935818E+10
 0.00000000E+00 0.00000000E+00  3456.0000     0.00000000E+00  126369.00 
 0.00000000E+00  8654977.0     0.00000000E+00 0.34865971E+09 0.00000000E+00 
 0.11160359E+11-0.43411036E+10
 0.00000000E+00  256.00000     0.00000000E+00  136352.00     0.00000000E+00 
  10548393.     0.00000000E+00 0.59069491E+09 0.00000000E+00 0.26222465E+11 
 0.11148540E+12 0.51123035E+12
 0.00000000E+00 0.00000000E+00  71424.008     0.00000000E+00  6303168.0 
 0.00000000E+00 0.55188179E+09 0.00000000E+00 0.23962782E+11 0.00000000E+00 
 0.77828470E+12 0.16082123E+13
 0.00000000E+00 0.00000000E+00 0.00000000E+00  2011392.3     0.00000000E+00 
 0.19707930E+09 0.00000000E+00 0.13607484E+11 0.00000000E+00 0.89157127E+12 
-0.18519566E+12 0.45545935E+14
 0.00000000E+00 0.00000000E+00  1179648.0     0.00000000E+00 0.16821021E+09 
 0.00000000E+00 0.22163554E+11 0.00000000E+00 0.13090972E+13 0.00000000E+00 
 0.62500909E+14 0.52314279E+14
 0.00000000E+00 0.00000000E+00 0.00000000E+00  53084168.     0.00000000E+00 
 0.81204982E+10 0.00000000E+00 0.68422507E+12 0.00000000E+00 0.53517360E+14 
 0.21205358E+13 0.31163483E+16
 0.00000000E+00 0.00000000E+00  18874372.     0.00000000E+00 0.37271967E+10 
-0.30859592E+10 0.69881496E+12-0.74343757E+12 0.52776457E+14 0.18668252E+15 
 0.31546213E+16 0.19604913E+17
 0.00000000E+00 0.00000000E+00 0.00000000E+00 0.11890853E+10 0.19126030E+10 
 0.27236542E+12 0.40512265E+12 0.30216905E+14 0.47656047E+14 0.19287781E+16 
 0.13210515E+17 0.82469832E+17
 C - UB   N=   1  M=   0
 0.00000000E+00 -3.0000000     0.00000000E+00 -16.000000     0.00000000E+00 
 0.00000000E+00 0.00000000E+00 0.00000000E+00 0.00000000E+00 0.00000000E+00 
 0.00000000E+00 0.00000000E+00
 0.00000000E+00 0.00000000E+00 -27.000000     0.00000000E+00 -1008.0000 
 0.00000000E+00 -18432.002     0.00000000E+00 -294912.00     0.00000000E+00 
 -4718593.0     0.00000000E+00
 0.00000000E+00 -16.000000     0.00000000E+00 -243.00000     0.00000000E+00 
 -16848.000     0.00000000E+00 -580608.06     0.00000000E+00 -14598146. 
 0.00000000E+00-0.31850499E+09
 0.00000000E+00 0.00000000E+00 -1008.0000     0.00000000E+00 -19083.000 
 0.00000000E+00 -967088.00     0.00000000E+00 -22600706.     0.00000000E+00 
-0.50110467E+09 0.00000000E+00
 0.00000000E+00 0.00000000E+00 0.00000000E+00 -16848.000     0.00000000E+00 
 -766179.00     0.00000000E+00 -43912088.     0.00000000E+00-0.17860796E+10 
 0.91540685E+09-0.60161171E+11
 0.00000000E+00 0.00000000E+00 -18432.002     0.00000000E+00 -967088.00 
 0.00000000E+00 -95203840.     0.00000000E+00-0.36340884E+10 0.00000000E+00 
-0.12493128E+12 0.92578775E+10
 0.00000000E+00 0.00000000E+00 0.00000000E+00 -580608.06     0.00000000E+00 
 -43912088.     0.00000000E+00-0.27027581E+10 0.00000000E+00-0.13451991E+12 
 0.12827475E+12-0.55235985E+13
 0.00000000E+00 0.00000000E+00 -294912.03     0.00000000E+00 -22600706. 
 0.00000000E+00-0.36340882E+10 0.00000000E+00-0.16144379E+12 0.00000000E+00 
-0.67474387E+13 0.22303128E+13
 0.00000000E+00 0.00000000E+00 0.00000000E+00 -14598146.     0.00000000E+00 
-0.17860792E+10 0.00000000E+00-0.13451990E+12 0.00000000E+00-0.92156063E+13 
-0.25525100E+14-0.35380233E+15
 0.00000000E+00 0.00000000E+00 -4718593.0     0.00000000E+00-0.50110474E+09 
 0.00000000E+00-0.12493128E+12 0.00000000E+00-0.67597810E+13 0.00000000E+00 
-0.33208003E+15-0.56004753E+15
 0.00000000E+00 0.00000000E+00 0.00000000E+00-0.31850502E+09 0.14470346E+10 
-0.56499548E+11-0.53607078E+12-0.49236777E+13-0.17438092E+14-0.48734427E+15 
-0.21045847E+16-0.21262326E+17
 0.00000000E+00 0.00000000E+00 -75497472.     0.00000000E+00-0.16492793E+11 
-0.96259338E+10-0.18333598E+13-0.10365548E+14-0.20768257E+15-0.73490883E+15 
-0.18106051E+17-0.10136850E+18
 D - UA   N=   1  M=   1
 0.00000000E+00 0.00000000E+00 0.00000000E+00 0.00000000E+00 0.00000000E+00 
 0.00000000E+00 0.00000000E+00 0.00000000E+00 0.00000000E+00 0.00000000E+00 
 0.00000000E+00 0.00000000E+00
 0.00000000E+00 0.00000000E+00 0.00000000E+00 0.00000000E+00 0.00000000E+00 
 0.00000000E+00 0.00000000E+00 0.00000000E+00 0.00000000E+00 0.00000000E+00 
 0.00000000E+00 0.00000000E+00
 0.00000000E+00  12.000000     0.00000000E+00  192.00000     0.00000000E+00 
  3072.0005     0.00000000E+00  49152.000     0.00000000E+00  786432.00 
 -7340026.0      41943048.
 0.00000000E+00 0.00000000E+00  108.00000     0.00000000E+00  5184.0000 
 0.00000000E+00  138240.03     0.00000000E+00  3096576.8     0.00000000E+00 
  63701004.     0.47185926E+09
 0.00000000E+00  64.000000     0.00000000E+00  11212.000     0.00000000E+00 
  651200.00     0.00000000E+00  25254912.     0.00000000E+00 0.79159302E+09 
 0.49840783E+10 0.18685627E+10
 0.00000000E+00 0.00000000E+00  4032.0000     0.00000000E+00  377388.00 
 0.00000000E+00  11449152.     0.00000000E+00 0.21641934E+09 0.00000000E+00 
 0.36996582E+09 0.89703588E+11
 0.00000000E+00 0.00000000E+00 0.00000000E+00  67392.000     0.00000000E+00 
  6105996.0     0.00000000E+00 0.34974896E+09 0.00000000E+00 0.13255144E+11 
 0.26920372E+11 0.28396342E+12
 0.00000000E+00 0.00000000E+00  73728.008     0.00000000E+00  13108930. 
 0.00000000E+00 0.84253094E+09 0.00000000E+00 0.49931338E+11 0.00000000E+00 
 0.31192504E+13 0.57604634E+13
 0.00000000E+00 0.00000000E+00 0.00000000E+00  2322432.3     0.00000000E+00 
 0.35082608E+09 0.00000000E+00 0.28431899E+11 0.00000000E+00 0.12058924E+13 
 0.15678217E+13 0.24647813E+14
 0.00000000E+00 0.00000000E+00  1179648.0     0.00000000E+00 0.30116662E+09 
 0.00000000E+00 0.26824030E+11 0.00000000E+00 0.23193932E+13 0.00000000E+00 
 0.17775593E+15 0.35365871E+15
 0.00000000E+00 0.00000000E+00 0.00000000E+00  58392584.     0.00000000E+00 
 0.13174680E+11 0.00000000E+00 0.15095667E+13 0.00000000E+00 0.91997394E+14 
 0.79272480E+15 0.13412407E+16
 0.00000000E+00 0.00000000E+00  18874372.     0.00000000E+00 0.63832730E+10 
-0.38881196E+10 0.75810996E+12-0.17599551E+13 0.88001825E+14-0.13925284E+14 
 0.11403288E+17 0.29661465E+17
 D - UB   N=   1  M=   1
 0.00000000E+00 0.00000000E+00 0.00000000E+00 0.00000000E+00 0.00000000E+00 
 0.00000000E+00 0.00000000E+00 0.00000000E+00 0.00000000E+00 0.00000000E+00 
 0.00000000E+00 0.00000000E+00
 0.00000000E+00 -4.0000000     0.00000000E+00 0.00000000E+00 0.00000000E+00 
 0.00000000E+00 0.00000000E+00 0.00000000E+00 0.00000000E+00 0.00000000E+00 
 0.00000000E+00 0.00000000E+00
 0.00000000E+00 0.00000000E+00 -36.000000     0.00000000E+00 -768.00000 
 0.00000000E+00 -12288.002     0.00000000E+00 -196608.06     0.00000000E+00 
 -3145728.5     -39845896.
 0.00000000E+00 0.00000000E+00 0.00000000E+00 -324.00000     0.00000000E+00 
 -17280.000     0.00000000E+00 -497664.09     0.00000000E+00 -11501570. 
  7077882.0    -0.26895978E+09
 0.00000000E+00 0.00000000E+00 -1152.0000     0.00000000E+00 -103268.00 
 0.00000000E+00 -3755008.0     0.00000000E+00-0.12052480E+09 0.00000000E+00 
-0.34625295E+10-0.61329905E+10
 0.00000000E+00 0.00000000E+00 0.00000000E+00 -20736.000     0.00000000E+00 
 -1500804.0     0.00000000E+00 -56753280.     0.00000000E+00-0.13727235E+10 
 0.56258248E+10-0.46025773E+11
 0.00000000E+00 0.00000000E+00 -18432.002     0.00000000E+00 -2540928.3 
 0.00000000E+00 -92648112.     0.00000000E+00-0.40179277E+10 0.00000000E+00 
-0.15646622E+12-0.61987521E+12
 0.00000000E+00 0.00000000E+00 0.00000000E+00 -663552.06     0.00000000E+00 
 -87704080.     0.00000000E+00-0.67217213E+10 0.00000000E+00-0.32600847E+12 
-0.25107568E+13-0.32211526E+13
 0.00000000E+00 0.00000000E+00 -294912.03     0.00000000E+00 -55904268. 
 0.00000000E+00-0.21742331E+10 0.00000000E+00-0.16169045E+12 0.00000000E+00 
-0.85053554E+13-0.45743444E+14
 0.00000000E+00 0.00000000E+00 0.00000000E+00 -15925250.     0.00000000E+00 
-0.31216435E+10 0.00000000E+00-0.33544123E+12 0.00000000E+00-0.19751496E+14 
-0.19162151E+15-0.19545374E+15
 0.00000000E+00 0.00000000E+00 -4718593.0     0.00000000E+00-0.11669014E+10 
 0.00000000E+00-0.64158962E+11 0.00000000E+00-0.91434590E+13 0.00000000E+00 
-0.96034610E+15-0.23329771E+16
 0.00000000E+00 0.00000000E+00 0.00000000E+00-0.33973869E+09 0.16944987E+10 
-0.90845897E+11-0.74824679E+11-0.12297871E+14-0.71060402E+14-0.83570024E+15 
-0.15716335E+17-0.24109039E+17
4E+15
 0.00000000E+00 0.00000000E+00 -4718593.0     0.00000000E+00-0.11669014E+10 
 0.00000000E+00-0.64158962E+11 0.00000000E+00-0.91434590E+13 0.00000000E+00 
-0.96034610E+15-0.23329771E+16
 0.00000000E+00 0.00000000E+00