 C - UA   N=   1  M=   0
   10
 0.10000000000000000D+01 0.00000000000000000D+00 0.00000000000000000D+00
 0.00000000000000000D+00 0.00000000000000000D+00 0.00000000000000000D+00
 0.00000000000000000D+00 0.00000000000000000D+00 0.00000000000000000D+00
 0.00000000000000000D+00
 0.00000000000000000D+00 0.90000000000000000D+01 0.00000000000000000D+00
 0.28800000000000000D+03 0.00000000000000000D+00 0.46080000000000000D+04
 0.00000000000000000D+00 0.73728000000000000D+05 0.00000000000000000D+00
 0.11796481250000000D+07
 0.00000000000000000D+00 0.00000000000000000D+00 0.81000000000000000D+02
 0.00000000000000000D+00 0.51840000000000000D+04 0.00000000000000000D+00
 0.16588800000000000D+06 0.00000000000000000D+00 0.39813120000000000D+07
 0.00000000000000000D+00
 0.00000000000000000D+00 0.96000000000000000D+02 0.00000000000000000D+00
 0.12410000000000000D+04 0.00000000000000000D+00-0.37439978027343750D+04
 0.00000000000000000D+00-0.17971159375000000D+06-0.13893633000000000D+08
 0.57892864000000000D+08
 0.00000000000000000D+00 0.00000000000000000D+00 0.34560000000000000D+04
 0.00000000000000000D+00 0.12636900781250000D+06 0.00000000000000000D+00
 0.86549760000000000D+07 0.00000000000000000D+00 0.34865974400000000D+09
-0.17222862400000000D+09
 0.00000000000000000D+00 0.25600000000000000D+03 0.00000000000000000D+00
 0.13635200000000000D+06 0.00000000000000000D+00 0.10548393000000000D+08
 0.00000000000000000D+00 0.59069484800000000D+09 0.34350858240000000D+10
 0.12482118656000000D+11
 0.00000000000000000D+00 0.00000000000000000D+00 0.71424000000000000D+05
 0.00000000000000000D+00 0.63031680000000000D+07 0.00000000000000000D+00
 0.55135027200000000D+09 0.00000000000000000D+00 0.23631101952000000D+11
 0.53226340352000000D+11
 0.00000000000000000D+00 0.00000000000000000D+00 0.00000000000000000D+00
 0.20113921250000000D+07 0.00000000000000000D+00 0.19707928000000000D+09
 0.00000000000000000D+00 0.13607484416000000D+11 0.11642010624000000D+11
 0.83466937958400000D+12
 0.00000000000000000D+00 0.00000000000000000D+00 0.11796480000000000D+07
 0.00000000000000000D+00 0.16821019200000000D+09-0.21233658000000000D+08
 0.22072852480000000D+11 0.23007518720000000D+10 0.13640981544960000D+13
 0.71704080547840000D+13
 0.00000000000000000D+00 0.00000000000000000D+00 0.00000000000000000D+00
 0.53084160000000000D+08 0.94371840000000000D+08 0.82054318080000000D+10
 0.16310993920000000D+11 0.67502191411200000D+12 0.35529000222720000D+13
 0.27552104054784000D+14
00000D+09-0.21233658000000000D+08
 0.22072852480000000D+11 0.23007518720000000D+10 0.13640981544960000D+13
 0.71704080547840000D+13
 0.00000000000000000D+00 0.000000000000