 TORQUE SERIES :  - UB [ D(1,1) + D(1,-1) /2 ]
   10
 0.00000000000000000D+00 0.00000000000000000D+00 0.00000000000000000D+00
 0.00000000000000000D+00 0.00000000000000000D+00 0.00000000000000000D+00
 0.00000000000000000D+00 0.00000000000000000D+00 0.00000000000000000D+00
 0.00000000000000000D+00
 0.00000000000000000D+00 0.80000000000000000D+01 0.00000000000000000D+00
 0.00000000000000000D+00 0.00000000000000000D+00 0.00000000000000000D+00
 0.00000000000000000D+00 0.00000000000000000D+00 0.00000000000000000D+00
 0.00000000000000000D+00
 0.00000000000000000D+00 0.00000000000000000D+00 0.72000000000000000D+02
 0.00000000000000000D+00 0.15360000000000000D+04 0.00000000000000000D+00
 0.24576000976562500D+05 0.00000000000000000D+00 0.39321600000000000D+06
 0.39321600000000000D+07
 0.00000000000000000D+00 0.00000000000000000D+00 0.00000000000000000D+00
 0.64800000000000000D+03 0.00000000000000000D+00 0.34560000000000000D+05
 0.00000000000000000D+00 0.99532803124999999D+06 0.11796481250000000D+07
 0.18284544000000000D+08
 0.00000000000000000D+00 0.00000000000000000D+00 0.23040000000000000D+04
 0.00000000000000000D+00 0.20653600781250000D+06 0.00000000000000000D+00
 0.75100159999999999D+07 0.00000000000000000D+00 0.24104959200000000D+09
 0.44431769600000000D+09
 0.00000000000000000D+00 0.00000000000000000D+00 0.00000000000000000D+00
 0.41472000000000000D+05 0.00000000000000000D+00 0.30016080000000000D+07
 0.00000000000000000D+00 0.11350656000000000D+09 0.13161468400000000D+09
 0.22189876480000000D+10
 0.00000000000000000D+00 0.00000000000000000D+00 0.36864000000000000D+05
 0.00000000000000000D+00 0.50818562499999999D+07 0.00000000000000000D+00
 0.18482380800000000D+09 0.00000000000000000D+00 0.79228441599999999D+10
 0.33299890176000000D+11
 0.00000000000000000D+00 0.00000000000000000D+00 0.00000000000000000D+00
 0.13271040000000000D+07 0.00000000000000000D+00 0.17540813600000000D+09
 0.00000000000000000D+00 0.13443441664000000D+11 0.13482777804800000D+12
 0.11270579814400000D+12
 0.00000000000000000D+00 0.00000000000000000D+00 0.58982399999999999D+06
 0.00000000000000000D+00 0.11180851600000000D+09 0.00000000000000000D+00
 0.42728816640000000D+10 0.00000000000000000D+00 0.31324672819200000D+12
 0.18461535109120000D+13
 0.00000000000000000D+00 0.00000000000000000D+00 0.00000000000000000D+00
 0.31850496000000000D+08-0.13212059200000000D+09 0.62432875519999999D+10
 0.41071398399999999D+10 0.66537108275199999D+12 0.12651292786688000D+14
 0.17870339702784000D+14
00000D+09 0.00000000000000000D+00
 0.42728816640000000D+10 0.00000000000000000D+00 0.31324672819200000D+12
 0.18461535109120000D+13
 0.00000000000000