
 PARALLEL   L'(A)*L'(B)-L"(A)*L"(B)
   20
  0.10000000000000000D+01 0.00000000000000000D+00 0.00000000000000000D+00
  0.00000000000000000D+00 0.00000000000000000D+00 0.00000000000000000D+00
  0.00000000000000000D+00 0.00000000000000000D+00 0.00000000000000000D+00
  0.00000000000000000D+00 0.00000000000000000D+00 0.00000000000000000D+00
  0.00000000000000000D+00 0.00000000000000000D+00 0.00000000000000000D+00
  0.00000000000000000D+00 0.00000000000000000D+00 0.00000000000000000D+00
  0.00000000000000000D+00 0.00000000000000000D+00
  0.00000000000000000D+00 0.90000000000000000D+01 0.00000000000000000D+00
  0.36000000000000000D+02 0.00000000000000000D+00 0.14400000000000001D+03
  0.00000000000000000D+00 0.57599999999999995D+03 0.00000000000000000D+00
  0.23040000000000000D+04 0.00000000000000000D+00 0.92160000000000011D+04
  0.00000000000000000D+00 0.36864000000000008D+05 0.00000000000000000D+00
  0.14745599999999992D+06 0.00000000000000000D+00 0.58982400000000045D+06
  0.00000000000000000D+00 0.23592959999999986D+07
  0.00000000000000000D+00 0.00000000000000000D+00 0.81000000000000000D+02
  0.00000000000000000D+00 0.64800000000000000D+03 0.00000000000000000D+00
  0.38880000000000000D+04 0.00000000000000000D+00 0.20735999999999999D+05
  0.00000000000000000D+00 0.10368000000000000D+06 0.00000000000000000D+00
  0.49766400000000000D+06 0.00000000000000000D+00 0.23224320000000002D+07
  0.00000000000000000D+00 0.10616832000000000D+08 0.00000000000000000D+00
  0.47775744000000005D+08 0.00000000000000000D+00
  0.00000000000000000D+00 0.36000000000000000D+02 0.00000000000000000D+00
 -0.19900000000000000D+03 0.00000000000000000D+00 0.54840000000000000D+04
  0.00000000000000000D+00 0.39264000000000000D+05 0.00000000000000000D+00
  0.27200000000000000D+06 0.00000000000000000D+00 0.16688640000000000D+07
  0.00000000000000000D+00 0.94832639999999998D+07 0.00000000000000000D+00
  0.51101696000000005D+08 0.00000000000000000D+00 0.26483097600000001D+09
  0.00000000000000000D+00 0.13320192000000001D+10
  0.00000000000000000D+00 0.00000000000000000D+00 0.64800000000000000D+03
  0.00000000000000000D+00 0.32490000000000000D+04 0.00000000000000000D+00
  0.76175999999999987D+05 0.00000000000000000D+00 0.72719999999999999D+06
  0.00000000000000000D+00 0.56793599999999999D+07 0.00000000000000000D+00
  0.39174912000000001D+08 0.00000000000000000D+00 0.24824217599999999D+09
  0.00000000000000000D+00 0.14788362240000000D+10 0.00000000000000000D+00
  0.84049920000000004D+10 0.00000000000000000D+00
  0.00000000000000000D+00 0.14400000000000001D+03 0.00000000000000000D+00
  0.54840000000000000D+04 0.00000000000000000D+00 0.13376900000000000D+06
  0.00000000000000000D+00 0.15515400000000000D+07 0.00000000000000000D+00
  0.15577199999999999D+08 0.00000000000000000D+00 0.13125190399999999D+09
  0.00000000000000000D+00 0.98234931199999999D+09 0.00000000000000000D+00
  0.67487477760000006D+10 0.00000000000000000D+00 0.43450245120000002D+11
  0.00000000000000000D+00 0.26585743360000001D+12
  0.00000000000000000D+00 0.00000000000000000D+00 0.38880000000000000D+04
  0.00000000000000000D+00 0.76175999999999987D+05 0.00000000000000000D+00
  0.13024649999999998D+07 0.00000000000000000D+00 0.15828120000000001D+08
  0.00000000000000000D+00 0.16702343999999999D+09 0.00000000000000000D+00
  0.15274890240000000D+10 0.00000000000000000D+00 0.12470570496000001D+11
  0.00000000000000000D+00 0.93231525887999997D+11 0.00000000000000000D+00
  0.65034871603199999D+12 0.00000000000000000D+00
  0.00000000000000000D+00 0.57599999999999995D+03 0.00000000000000000D+00
  0.39264000000000000D+05 0.00000000000000000D+00 0.15515400000000000D+07
  0.00000000000000000D+00 0.21972825000000000D+08 0.00000000000000000D+00
  0.27754470000000003D+09 0.00000000000000000D+00 0.29897481599999998D+10
  0.00000000000000000D+00 0.28348786943999999D+11 0.00000000000000000D+00
  0.24252873984000002D+12 0.00000000000000000D+00 0.19096914309120002D+13
  0.00000000000000000D+00 0.14055056326656001D+14
  0.00000000000000000D+00 0.00000000000000000D+00 0.20735999999999999D+05
  0.00000000000000000D+00 0.72719999999999999D+06 0.00000000000000000D+00
  0.15828120000000001D+08 0.00000000000000000D+00 0.26905838500000000D+09
  0.00000000000000000D+00 0.38844072000000000D+10 0.00000000000000000D+00
  0.46646976575999999D+11 0.00000000000000000D+00 0.48360270080000000D+12
  0.00000000000000000D+00 0.44722017387519999D+13 0.00000000000000000D+00
  0.37787757207551999D+14 0.00000000000000000D+00
  0.00000000000000000D+00 0.23040000000000000D+04 0.00000000000000000D+00
  0.27200000000000000D+06 0.00000000000000000D+00 0.15577199999999999D+08
  0.00000000000000000D+00 0.27754470000000002D+09 0.00000000000000000D+00
  0.43080577690000011D+10 0.00000000000000000D+00 0.57413387844000010D+11
  0.00000000000000000D+00 0.66919747463999999D+12 0.00000000000000000D+00
  0.69504125335680007D+13 0.00000000000000000D+00 0.65535859295999999D+14
  0.00000000000000000D+00 0.57007178255462408D+15
  0.00000000000000000D+00 0.00000000000000000D+00 0.10368000000000000D+06
  0.00000000000000000D+00 0.56793599999999999D+07 0.00000000000000000D+00
  0.16702343999999999D+09 0.00000000000000000D+00 0.38844072000000000D+10
  0.00000000000000000D+00 0.63531409214999999D+11 0.00000000000000000D+00
  0.76578172888399999D+12 0.00000000000000000D+00 0.72805873978880008D+13
  0.00000000000000000D+00 0.56048417821183999D+14 0.00000000000000000D+00
  0.33973016109721600D+15 0.00000000000000000D+00
  0.00000000000000000D+00 0.92160000000000011D+04 0.00000000000000000D+00
  0.16688640000000000D+07 0.00000000000000000D+00 0.13125190399999999D+09
  0.00000000000000000D+00 0.29897481599999999D+10 0.00000000000000000D+00
  0.57413387844000010D+11 0.00000000000000000D+00 0.87753150599100010D+12
  0.00000000000000000D+00 0.10774037326320001D+14 0.00000000000000000D+00
  0.10878073796217602D+15 0.00000000000000000D+00 0.91515397513651208D+15
  0.00000000000000000D+00 0.63249585734077449D+16
  0.00000000000000000D+00 0.00000000000000000D+00 0.49766400000000000D+06
  0.00000000000000000D+00 0.39174912000000001D+08 0.00000000000000000D+00
  0.15274890240000000D+10 0.00000000000000000D+00 0.46646976575999999D+11
  0.00000000000000000D+00 0.76578172888399999D+12 0.00000000000000000D+00
  0.67753835174869999D+13 0.00000000000000000D+00 0.49512748760760214D+13
  0.00000000000000000D+00-0.96623782117748798D+15 0.00000000000000000D+00
 -0.20556331960543554D+17 0.00000000000000000D+00
  0.00000000000000000D+00 0.36864000000000008D+05 0.00000000000000000D+00
  0.94832639999999998D+07 0.00000000000000000D+00 0.98234931199999999D+09
  0.00000000000000000D+00 0.28348786943999999D+11 0.00000000000000000D+00
  0.66919747463999999D+12 0.00000000000000000D+00 0.10774037326320001D+14
  0.00000000000000000D+00 0.11423413371963902D+15 0.00000000000000000D+00
  0.60780596474173599D+15 0.00000000000000000D+00-0.49031990147577399D+16
  0.00000000000000000D+00-0.18701222319410819D+18
  0.00000000000000000D+00 0.00000000000000000D+00 0.23224320000000002D+07
  0.00000000000000000D+00 0.24824217599999999D+09 0.00000000000000000D+00
  0.12470570496000000D+11 0.00000000000000000D+00 0.48360270080000000D+12
  0.00000000000000000D+00 0.72805873978880008D+13 0.00000000000000000D+00
  0.49512748760760214D+13 0.00000000000000000D+00-0.20411743153006090D+16
  0.00000000000000000D+00-0.53106300451593499D+17 0.00000000000000000D+00
 -0.89724932251292558D+18 0.00000000000000000D+00
  0.00000000000000000D+00 0.14745599999999992D+06 0.00000000000000000D+00
  0.51101696000000004D+08 0.00000000000000000D+00 0.67487477759999996D+10
  0.00000000000000000D+00 0.24252873984000001D+12 0.00000000000000000D+00
  0.69504125335680007D+13 0.00000000000000000D+00 0.10878073796217601D+15
  0.00000000000000000D+00 0.60780596474173599D+15 0.00000000000000000D+00
 -0.14533427005312940D+17 0.00000000000000000D+00-0.51704458277450879D+18
  0.00000000000000000D+00-0.99099258403445637D+19
  0.00000000000000000D+00 0.00000000000000000D+00 0.10616832000000000D+08
  0.00000000000000000D+00 0.14788362240000000D+10 0.00000000000000000D+00
  0.93231525887999997D+11 0.00000000000000000D+00 0.44722017387519999D+13
  0.00000000000000000D+00 0.56048417821183999D+14 0.00000000000000000D+00
 -0.96623782117748798D+15 0.00000000000000000D+00-0.53106300451593499D+17
  0.00000000000000000D+00-0.12423028040060009D+19 0.00000000000000000D+00
 -0.20967442118052256D+20 0.00000000000000000D+00
  0.00000000000000000D+00 0.58982400000000045D+06 0.00000000000000000D+00
  0.26483097600000001D+09 0.00000000000000000D+00 0.43450245119999999D+11
  0.00000000000000000D+00 0.19096914309120001D+13 0.00000000000000000D+00
  0.65535859295999999D+14 0.00000000000000000D+00 0.91515397513651208D+15
  0.00000000000000000D+00-0.49031990147577399D+16 0.00000000000000000D+00
 -0.51704458277450879D+18 0.00000000000000000D+00-0.13786840791710637D+20
  0.00000000000000000D+00-0.25509300111378605D+21
  0.00000000000000000D+00 0.00000000000000000D+00 0.47775744000000005D+08
  0.00000000000000000D+00 0.84049920000000004D+10 0.00000000000000000D+00
  0.65034871603199999D+12 0.00000000000000000D+00 0.37787757207551999D+14
  0.00000000000000000D+00 0.33973016109721600D+15 0.00000000000000000D+00
 -0.20556331960543555D+17 0.00000000000000000D+00-0.89724932251292558D+18
  0.00000000000000000D+00-0.20967442118052256D+20 0.00000000000000000D+00
 -0.36329822653302477D+21 0.00000000000000000D+00
  0.00000000000000000D+00 0.23592959999999986D+07 0.00000000000000000D+00
  0.13320192000000001D+10 0.00000000000000000D+00 0.26585743360000001D+12
  0.00000000000000000D+00 0.14055056326656001D+14 0.00000000000000000D+00
  0.57007178255462408D+15 0.00000000000000000D+00 0.63249585734077439D+16
  0.00000000000000000D+00-0.18701222319410819D+18 0.00000000000000000D+00
 -0.99099258403445637D+19 0.00000000000000000D+00-0.25509300111378605D+21
  0.00000000000000000D+00-0.48281259959937284D+22
00D+00 0.26585743360000001D+12
  0.00000000000000000D+00 0.14055056326656001D+14 0.00000000000000000D+00
  0.57007178255462408D+15 0.00000000000000000D+00 0.63249585734077439D+16
  0.00000000000000000D+00-0.18701222319410819D+18 0.00000000000000000D+00
 -0.99099258403445637D+19 0.00000000000000000