
 PARALLEL    L"(A)*L"(B)
   20
  0.00000000000000000D+00 0.00000000000000000D+00 0.00000000000000000D+00
  0.00000000000000000D+00 0.00000000000000000D+00 0.00000000000000000D+00
  0.00000000000000000D+00 0.00000000000000000D+00 0.00000000000000000D+00
  0.00000000000000000D+00 0.00000000000000000D+00 0.00000000000000000D+00
  0.00000000000000000D+00 0.00000000000000000D+00 0.00000000000000000D+00
  0.00000000000000000D+00 0.00000000000000000D+00 0.00000000000000000D+00
  0.00000000000000000D+00 0.00000000000000000D+00
  0.00000000000000000D+00 0.90000000000000000D+01 0.00000000000000000D+00
 -0.24000000000000000D+02 0.00000000000000000D+00 0.16000000000000000D+02
  0.00000000000000000D+00 0.00000000000000000D+00 0.00000000000000000D+00
  0.00000000000000000D+00 0.00000000000000000D+00 0.00000000000000000D+00
  0.00000000000000000D+00 0.00000000000000000D+00 0.00000000000000000D+00
  0.00000000000000000D+00 0.00000000000000000D+00 0.00000000000000000D+00
  0.00000000000000000D+00 0.00000000000000000D+00
  0.00000000000000000D+00 0.00000000000000000D+00 0.16200000000000000D+03
  0.00000000000000000D+00 0.21600000000000000D+03 0.00000000000000000D+00
  0.11520000000000000D+04 0.00000000000000000D+00 0.46079999999999992D+04
  0.00000000000000000D+00 0.18432000000000001D+05 0.00000000000000000D+00
  0.73728000000000010D+05 0.00000000000000000D+00 0.29491200000000017D+06
  0.00000000000000000D+00 0.11796479999999989D+07 0.00000000000000000D+00
  0.47185920000000079D+07 0.00000000000000000D+00
  0.00000000000000000D+00-0.24000000000000000D+02 0.00000000000000000D+00
  0.22190000000000000D+04 0.00000000000000000D+00 0.11664000000000000D+05
  0.00000000000000000D+00 0.62208000000000001D+05 0.00000000000000000D+00
  0.31103999999999998D+06 0.00000000000000000D+00 0.14929920000000000D+07
  0.00000000000000000D+00 0.69672960000000002D+07 0.00000000000000000D+00
  0.31850496000000006D+08 0.00000000000000000D+00 0.14332723199999998D+09
  0.00000000000000000D+00 0.63700992000000014D+09
  0.00000000000000000D+00 0.00000000000000000D+00 0.21600000000000000D+03
  0.00000000000000000D+00 0.21060000000000000D+05 0.00000000000000000D+00
  0.19656000000000000D+06 0.00000000000000000D+00 0.13893760000000001D+07
  0.00000000000000000D+00 0.85854720000000001D+07 0.00000000000000000D+00
  0.48915455999999999D+08 0.00000000000000000D+00 0.26380288000000001D+09
  0.00000000000000000D+00 0.13671628800000001D+10 0.00000000000000000D+00
  0.68740055040000005D+10 0.00000000000000000D+00
  0.00000000000000000D+00 0.16000000000000000D+02 0.00000000000000000D+00
  0.11664000000000000D+05 0.00000000000000000D+00 0.28228500000000000D+06
  0.00000000000000000D+00 0.31762799999999999D+07 0.00000000000000000D+00
  0.26803440000000001D+08 0.00000000000000000D+00 0.19321113600000001D+09
  0.00000000000000000D+00 0.12591106560000000D+10 0.00000000000000000D+00
  0.76460544000000003D+10 0.00000000000000000D+00 0.44062617600000001D+11
  0.00000000000000000D+00 0.24385093632000002D+12
  0.00000000000000000D+00 0.00000000000000000D+00 0.11520000000000000D+04
  0.00000000000000000D+00 0.19656000000000000D+06 0.00000000000000000D+00
  0.42990140000000000D+07 0.00000000000000000D+00 0.53752679999999998D+08
  0.00000000000000000D+00 0.51210080000000001D+09 0.00000000000000000D+00
  0.41425390080000001D+10 0.00000000000000000D+00 0.30014906880000001D+11
  0.00000000000000000D+00 0.20083516825600001D+12 0.00000000000000000D+00
  0.12650969497600001D+13 0.00000000000000000D+00
  0.00000000000000000D+00 0.00000000000000000D+00 0.00000000000000000D+00
  0.62208000000000001D+05 0.00000000000000000D+00 0.31762799999999999D+07
  0.00000000000000000D+00 0.64250990999999999D+08 0.00000000000000000D+00
  0.84887404799999997D+09 0.00000000000000000D+00 0.87845502400000002D+10
  0.00000000000000000D+00 0.77525993472000001D+11 0.00000000000000000D+00
  0.61142702208000001D+12 0.00000000000000000D+00 0.44343061053440001D+13
  0.00000000000000000D+00 0.30133770043392001D+14
  0.00000000000000000D+00 0.00000000000000000D+00 0.46079999999999992D+04
  0.00000000000000000D+00 0.13893760000000001D+07 0.00000000000000000D+00
  0.53752679999999998D+08 0.00000000000000000D+00 0.10407680080000000D+10
  0.00000000000000000D+00 0.14136336672000000D+11 0.00000000000000000D+00
  0.15418669401600000D+12 0.00000000000000000D+00 0.14468596567040000D+13
  0.00000000000000000D+00 0.12161590931456000D+14 0.00000000000000000D+00
  0.93958561382400001D+14 0.00000000000000000D+00
  0.00000000000000000D+00 0.00000000000000000D+00 0.00000000000000000D+00
  0.31103999999999998D+06 0.00000000000000000D+00 0.26803440000000001D+08
  0.00000000000000000D+00 0.84887404799999998D+09 0.00000000000000000D+00
  0.16095761392999999D+11 0.00000000000000000D+00 0.22550898592799999D+12
  0.00000000000000000D+00 0.25849202539040000D+13 0.00000000000000000D+00
  0.25666152229376000D+14 0.00000000000000000D+00 0.22870532811110401D+15
  0.00000000000000000D+00 0.18724999336304640D+16
  0.00000000000000000D+00 0.00000000000000000D+00 0.18432000000000001D+05
  0.00000000000000000D+00 0.85854720000000001D+07 0.00000000000000000D+00
  0.51210080000000001D+09 0.00000000000000000D+00 0.14136336672000000D+11
  0.00000000000000000D+00 0.25947433376999999D+12 0.00000000000000000D+00
  0.36768528668079999D+13 0.00000000000000000D+00 0.43487637613568000D+14
  0.00000000000000000D+00 0.44977025887948800D+15 0.00000000000000000D+00
  0.41927912550389761D+16 0.00000000000000000D+00
  0.00000000000000000D+00 0.00000000000000000D+00 0.00000000000000000D+00
  0.14929920000000000D+07 0.00000000000000000D+00 0.19321113600000001D+09
  0.00000000000000000D+00 0.87845502400000001D+10 0.00000000000000000D+00
  0.22550898592799999D+12 0.00000000000000000D+00 0.40475353628169999D+13
  0.00000000000000000D+00 0.57116996007631999D+14 0.00000000000000000D+00
  0.67862064327916800D+15 0.00000000000000000D+00 0.70858755799180800D+16
  0.00000000000000000D+00 0.66902677873304065D+17
  0.00000000000000000D+00 0.00000000000000000D+00 0.73728000000000010D+05
  0.00000000000000000D+00 0.48915455999999999D+08 0.00000000000000000D+00
  0.41425390080000001D+10 0.00000000000000000D+00 0.15418669401600000D+12
  0.00000000000000000D+00 0.36768528668079999D+13 0.00000000000000000D+00
  0.64610863273799999D+14 0.00000000000000000D+00 0.91137671382671999D+15
  0.00000000000000000D+00 0.10910662643902592D+17 0.00000000000000000D+00
  0.11509624179032320D+18 0.00000000000000000D+00
  0.00000000000000000D+00 0.00000000000000000D+00 0.00000000000000000D+00
  0.69672960000000002D+07 0.00000000000000000D+00 0.12591106560000000D+10
  0.00000000000000000D+00 0.77525993472000001D+11 0.00000000000000000D+00
  0.25849202539040000D+13 0.00000000000000000D+00 0.57116996007631999D+14
  0.00000000000000000D+00 0.95128743571791898D+15 0.00000000000000000D+00
  0.12918963819470632D+17 0.00000000000000000D+00 0.15038810214074318D+18
  0.00000000000000000D+00 0.15515548976232261D+19
  0.00000000000000000D+00 0.00000000000000000D+00 0.29491200000000017D+06
  0.00000000000000000D+00 0.26380288000000001D+09 0.00000000000000000D+00
  0.30014906880000001D+11 0.00000000000000000D+00 0.14468596567040000D+13
  0.00000000000000000D+00 0.43487637613568000D+14 0.00000000000000000D+00
  0.91137671382671999D+15 0.00000000000000000D+00 0.14668509762265510D+17
  0.00000000000000000D+00 0.19384879246579524D+18 0.00000000000000000D+00
  0.21991737816575468D+19 0.00000000000000000D+00
  0.00000000000000000D+00 0.00000000000000000D+00 0.00000000000000000D+00
  0.31850496000000006D+08 0.00000000000000000D+00 0.76460544000000003D+10
  0.00000000000000000D+00 0.61142702208000001D+12 0.00000000000000000D+00
  0.25666152229376000D+14 0.00000000000000000D+00 0.67862064327916801D+15
  0.00000000000000000D+00 0.12918963819470632D+17 0.00000000000000000D+00
  0.19309022648523279D+18 0.00000000000000000D+00 0.23930965303791960D+19
  0.00000000000000000D+00 0.25455911473973878D+20
  0.00000000000000000D+00 0.00000000000000000D+00 0.11796479999999989D+07
  0.00000000000000000D+00 0.13671628800000001D+10 0.00000000000000000D+00
  0.20083516825600001D+12 0.00000000000000000D+00 0.12161590931456000D+14
  0.00000000000000000D+00 0.44977025887948800D+15 0.00000000000000000D+00
  0.10910662643902592D+17 0.00000000000000000D+00 0.19384879246579524D+18
  0.00000000000000000D+00 0.27181567497760445D+19 0.00000000000000000D+00
  0.31427934251228331D+20 0.00000000000000000D+00
  0.00000000000000000D+00 0.00000000000000000D+00 0.00000000000000000D+00
  0.14332723199999998D+09 0.00000000000000000D+00 0.44062617600000001D+11
  0.00000000000000000D+00 0.44343061053440001D+13 0.00000000000000000D+00
  0.22870532811110401D+15 0.00000000000000000D+00 0.70858755799180800D+16
  0.00000000000000000D+00 0.15038810214074318D+18 0.00000000000000000D+00
  0.23930965303791960D+19 0.00000000000000000D+00 0.30003793700743950D+20
  0.00000000000000000D+00 0.30002921399367706D+21
  0.00000000000000000D+00 0.00000000000000000D+00 0.47185920000000079D+07
  0.00000000000000000D+00 0.68740055040000005D+10 0.00000000000000000D+00
  0.12650969497600001D+13 0.00000000000000000D+00 0.93958561382400001D+14
  0.00000000000000000D+00 0.41927912550389761D+16 0.00000000000000000D+00
  0.11509624179032320D+18 0.00000000000000000D+00 0.21991737816575468D+19
  0.00000000000000000D+00 0.31427934251228331D+20 0.00000000000000000D+00
  0.34087745741103835D+21 0.00000000000000000D+00
  0.00000000000000000D+00 0.00000000000000000D+00 0.00000000000000000D+00
  0.63700992000000014D+09 0.00000000000000000D+00 0.24385093632000002D+12
  0.00000000000000000D+00 0.30133770043392001D+14 0.00000000000000000D+00
  0.18724999336304640D+16 0.00000000000000000D+00 0.66902677873304066D+17
  0.00000000000000000D+00 0.15515548976232261D+19 0.00000000000000000D+00
  0.25455911473973878D+20 0.00000000000000000D+00 0.30002921399367706D+21
  0.00000000000000000D+00 0.21925163720631389D+22
00D+00 0.24385093632000002D+12
  0.00000000000000000D+00 0.30133770043392001D+14 0.00000000000000000D+00
  0.18724999336304640D+16 0.00000000000000000D+00 0.66902677873304066D+17
  0.00000000000000000D+00 0.15515548976232261D+19 0.00000000000000000D+00
  0.25455911473973878D+20 0.00000000000000000D+00 0.3000