 [(1+Q+T)*(1+Q-T)]**-1
   17
 1.D0,0.D0,2.25D0
 -3.D0,13.5625D0,-13.5D0
 36.64063D0,-96.56250D0,173.99349D0
 -375.9375D0,743.60254D0,-1847.43359D0
 3341.13298D0,-7507.2832D0,15857.86969D0
 -33683.302D0,69078.70896D0
 0.D0,0.D0,0.D0
 0.D0,0.D0,0.D0
 0.D0,0.D0,0.D0
 0.D0,0.D0,0.D0
 0.D0,0.D0,0.D0
 0.D0,0.D0,0.D0
 0.D0,0.D0,0.D0
 0.D0,0.D0,0.D0
 0.D0,0.D0,0.D0
 0.D0,0.D0,0.D0
 0.D0,0.D0,0.D0
 0.D0,0.D0,0.D0
 0.D0,0.D0,0.D0
 0.D0,0.D0,0.D0
 0.D0,0.D0,0.D0
 0.D0,0.D0,0.D0
 0.D0,0.D0,0.D0
 0.D0,0.D0,0.D0
 0.D0,0.D0,0.D0
 0.D0,0.D0,0.D0
 0.D0,0.D0,0.D0
 0.D0,0.D0,0.D0
 0.D0,0.D0,0.D0
 0.D0,0.D0,0.D0
 0.D0,0.D0,0.D0
 0.D0,0.D0,0.D0
 0.D0,0.D0,0.D0
 0.D0,0.D0,0.D0
 0.D0,0.D0,0.D0
 0.D0,0.D0,0.D0
 0.D0,0.D0,0.D0
 0.D0,0.D0,0.D0
 0.D0,0.D0,0.D0
 0.D0,0.D0,0.D0
 0.D0,0.D0,0.D0
 0.D0,0.D0,0.D0
 0.D0,0.D0,0.D0
 0.D0,0.D0,0.D0
 0.D0,0.D0,0.D0
 0.D0,0.D0,0.D0
 0.D0,0.D0,0.D0
 0.D0,0.D0,0.D0
 0.D0,0.D0,0.D0
 0.D0,0.D0,0.D0
 0.D0,0.D0,0.D0
 0.D0,0.D0,0.D0
 0.D0,0.D0,0.D0
 0.D0,0.D0,0.D0
 0.D0,0.D0,0.D0
 0.D0,0.D0,0.D0
 0.D0,0.D0,0.D0
 0.D0,0.D0,0.D0
 0.D0,0.D0,0.D0
 0.D0,0.D0,0.D0
 0.D0,0.D0,0.D0
 0.D0,0.D0,0.D0
 0.D0,0.D0,0.D0
 0.D0,0.D0,0.D0
 0.D0,0.D0,0.D0
 0.D0,0.D0,0.D0
 0.D0,0.D0,0.D0
 0.D0,0.D0,0.D0
 0.D0,0.D0,0.D0
 0.D0,0.D0,0.D0
 0.D0,0.D0,0.D0
 0.D0,0.D0,0.D0
 0.D0,0.D0,0.D0
 0.D0,0.D0,0.D0
 0.D0,0.D0,0.D0
 0.D0,0.D0,0.D0
 0.D0,0.D0,0.D0
 0.D0,0.D0,0.D0
 0.D0,0.D0,0.D0
 0.D0,0.D0,0.D0
 0.D0,0.D0,0.D0
 0.D0,0.D0,0.D0
 0.D0,0.D0,0.D0
 0.D0,0.D0,0.D0
 0.D0,0.D0,0.D0
 0.D0,0.D0,0.D0
 0.D0,0.D0,0.D0
 0.D0,0.D0,0.D0
 0.D0,0.D0,0.D0
 0.D0,0.D0,0.D0
 0.D0,0.D0,0.D0
 0.D0,0.D0,0.D0
 0.D0,0.D0,0.D0
 0.D0,0.D0,0.D0
 0.D0,0.D0,0.D0
 0.D0,0.D0,0.D0
 0.D0,0.D0,0.D0
 0.D0,0.D0,0.D0
 0.D0,0.D0,0.D0
 0.D0,0.D0,0.D0
 0.D0,0.D0,0.D0
 0.D0,0.D0,0.D0
 0.D0,0.D0,0.D0
 0.D0,0.D0,0.D0
 0.D0,0.D0,0.D0
 0.D0,0.D0,0.D0
 0.D0,0.D0,0.D0
 0.D0,0.D0,0.D0
 0.D0,0.D0,0.D0
 0.D0,0.D0,0.D0
 0.D0,0.D0,0.D0
 0.D0,0.D0,0.D0
 0.D0,0.D0,0.D0
 0.D0,0.D0,0.D0
 0.D0,0.D0,0.D0
 0.D0,0.D0,0.D0
 0.D0,0.D0,0.D0
 0.D0,0.D0,0.D0
 0.D0,0.D0,0.D0
 0.D0,0.D0,0.D0
 0.D0,0.D0,0.D0
 0.D0,0.D0,0.D0
 0.D0,0.D0,0.D0
 0.D0,0.D0,0.D0
 0.D0,0.D0,0.D0
D0,0.D0
 0.D0,0.D0,0.D0
 0.D0,0.D0,0.D0
 0.D0,0.D0,0.