 1+Q
    9
 1.D0,0.D0,0.D0
 0.D0,-3.75D0,0.D0
 11.D0,0.D0,.333333333333D0
 0.D0,0.D0,0.D0
 0.D0,0.D0,0.D0
 0.D0,0.D0,0.D0
 0.D0,0.D0,0.D0
 0.D0,0.D0,0.D0
 0.D0,0.D0,0.D0
 0.D0,0.D0,0.D0
 0.D0,0.D0,0.D0
 0.D0,0.D0,0.D0
 0.D0,0.D0,0.D0
 0.D0,0.D0,0.D0
 0.D0,0.D0,0.D0
 0.D0,0.D0,0.D0
 0.D0,0.D0,0.D0
 0.D0,0.D0,0.D0
 0.D0,0.D0,0.D0
 0.D0,0.D0,0.D0
 0.D0,0.D0,0.D0
 0.D0,0.D0,0.D0
 0.D0,0.D0,0.D0
 0.D0,0.D0,0.D0
 0.D0,0.D0,0.D0
 0.D0,0.D0,0.D0
 0.D0,0.D0,0.D0
D0,0.D0
 0.D0,0.D0,0.D0
 0.D0,0.D0,0.D0
 0.D0,0.D0,0.D0
 0.D0,0.D0,0.D0
 0.D0,0.D0,0.D0
 0.D0,0.D0,0.D0
 0.D0,0.D0,0.D0
 0.D0,0.D0,0.D0
 0.D0,0.D0,0.D0
 0.D0,0.D0,0.D0
 0.D0,0.D0,0.D0
 0.D0,0.D0,0.D0
 0.D0,0.D0,0.D0
 0.D0,0.D0,0.D0
 0.D0,0.D0,0.D0
 0.D0,0.D0,0.D0