 1+Q-T
    9
 1.D0,-1.5D0,1.D0
 0.D0,-3.75D0,0.D0
 11.D0,0.D0,.333333333333D0
 0.D0,0.D0,0.D0
 0.D0,0.D0,0.D0
 0.D0,0.D0,0.D0
 0.D0,0.D0,0.D0
 0.D0,0.D0,0.D0
 0.D0,0.D0,0.D0
 0.D0,0.D0,0.D0
 0.D0,0.D0,0.D0
 0.D0,0.D0,0.D0
 0.D0,0.D0,0.D0
 0.D0,0.D0,0.D0
 0.D0,0.D0,0.D0
 0.D0,0.D0,0.D0
 0.D0,0.D0,0.D0
 0.D0,0.D0,0.D0
 0.D0,0.D0,0.D0
 0.D0,0.D0,0.D0
 0.D0,0.D0,0.D0
 0.D0,0.D0,0.D0
 0.D0,0.D0,0.D0
 0.D0,0.D0,0.D0
 0.D0,0.D0,0.D0
 0.D0,0.D0,0.D0
 0.D0,0.D0,0.D0
D0,0.D0
 0.D0,0.D0,0.D0
 0.D0,0.D0,0.D0
 0.D0,0.D0,0.D0
 0.D0,0.D0,0.D0
 0.D0,0.D0,0.D0
 0.D0,0.D0,0.D0
 0.D0,0.D0,0.D0
 0.D0,0.D0,0.D0
 0.D0,0.D0,0.D0
 0.D0,0.D0,0.D0
 0.D0,0.D0,0.D0
 0.D0,0.D0,0.D0
 0.D0,0.D0,0.D0
 0.D0,0.D0,0.D0
 0.D0,0.D0,0.D0
 0.D0,0.D0,0