
 PARALLEL   L'(A)*L'(B)
   20
  0.10000000000000000D+01 0.00000000000000000D+00 0.00000000000000000D+00
  0.00000000000000000D+00 0.00000000000000000D+00 0.00000000000000000D+00
  0.00000000000000000D+00 0.00000000000000000D+00 0.00000000000000000D+00
  0.00000000000000000D+00 0.00000000000000000D+00 0.00000000000000000D+00
  0.00000000000000000D+00 0.00000000000000000D+00 0.00000000000000000D+00
  0.00000000000000000D+00 0.00000000000000000D+00 0.00000000000000000D+00
  0.00000000000000000D+00 0.00000000000000000D+00
  0.00000000000000000D+00 0.18000000000000000D+02 0.00000000000000000D+00
  0.12000000000000000D+02 0.00000000000000000D+00 0.16000000000000001D+03
  0.00000000000000000D+00 0.57599999999999996D+03 0.00000000000000000D+00
  0.23040000000000000D+04 0.00000000000000000D+00 0.92160000000000012D+04
  0.00000000000000000D+00 0.36864000000000009D+05 0.00000000000000000D+00
  0.14745599999999992D+06 0.00000000000000000D+00 0.58982400000000046D+06
  0.00000000000000000D+00 0.23592959999999987D+07
  0.00000000000000000D+00 0.00000000000000000D+00 0.24300000000000000D+03
  0.00000000000000000D+00 0.86400000000000000D+03 0.00000000000000000D+00
  0.50400000000000001D+04 0.00000000000000000D+00 0.25343999999999999D+05
  0.00000000000000000D+00 0.12211200000000000D+06 0.00000000000000000D+00
  0.57139200000000002D+06 0.00000000000000000D+00 0.26173440000000004D+07
  0.00000000000000000D+00 0.11796479999999999D+08 0.00000000000000000D+00
  0.52494336000000014D+08 0.00000000000000000D+00
  0.00000000000000000D+00 0.12000000000000000D+02 0.00000000000000000D+00
  0.20200000000000000D+04 0.00000000000000000D+00 0.17148000000000000D+05
  0.00000000000000000D+00 0.10147200000000000D+06 0.00000000000000000D+00
  0.58303999999999999D+06 0.00000000000000000D+00 0.31618560000000000D+07
  0.00000000000000000D+00 0.16450560000000000D+08 0.00000000000000000D+00
  0.82952192000000012D+08 0.00000000000000000D+00 0.40815820799999999D+09
  0.00000000000000000D+00 0.19690291200000003D+10
  0.00000000000000000D+00 0.00000000000000000D+00 0.86400000000000000D+03
  0.00000000000000000D+00 0.24309000000000000D+05 0.00000000000000000D+00
  0.27273599999999999D+06 0.00000000000000000D+00 0.21165760000000001D+07
  0.00000000000000000D+00 0.14264832000000000D+08 0.00000000000000000D+00
  0.88090368000000001D+08 0.00000000000000000D+00 0.51204505600000000D+09
  0.00000000000000000D+00 0.28459991040000001D+10 0.00000000000000000D+00
  0.15278997504000001D+11 0.00000000000000000D+00
  0.00000000000000000D+00 0.16000000000000001D+03 0.00000000000000000D+00
  0.17148000000000000D+05 0.00000000000000000D+00 0.41605400000000000D+06
  0.00000000000000000D+00 0.47278199999999999D+07 0.00000000000000000D+00
  0.42380640000000000D+08 0.00000000000000000D+00 0.32446304000000000D+09
  0.00000000000000000D+00 0.22414599680000000D+10 0.00000000000000000D+00
  0.14394802176000001D+11 0.00000000000000000D+00 0.87512862720000003D+11
  0.00000000000000000D+00 0.50970836992000003D+12
  0.00000000000000000D+00 0.00000000000000000D+00 0.50400000000000001D+04
  0.00000000000000000D+00 0.27273599999999999D+06 0.00000000000000000D+00
  0.56014789999999999D+07 0.00000000000000000D+00 0.69580799999999999D+08
  0.00000000000000000D+00 0.67912424000000000D+09 0.00000000000000000D+00
  0.56700280320000001D+10 0.00000000000000000D+00 0.42485477376000002D+11
  0.00000000000000000D+00 0.29406669414400001D+12 0.00000000000000000D+00
  0.19154456657920001D+13 0.00000000000000000D+00
  0.00000000000000000D+00 0.57599999999999996D+03 0.00000000000000000D+00
  0.10147200000000000D+06 0.00000000000000000D+00 0.47278199999999999D+07
  0.00000000000000000D+00 0.86223815999999999D+08 0.00000000000000000D+00
  0.11264187480000000D+10 0.00000000000000000D+00 0.11774298400000000D+11
  0.00000000000000000D+00 0.10587478041600000D+12 0.00000000000000000D+00
  0.85395576192000003D+12 0.00000000000000000D+00 0.63439975362560003D+13
  0.00000000000000000D+00 0.44188826370048002D+14
  0.00000000000000000D+00 0.00000000000000000D+00 0.25343999999999999D+05
  0.00000000000000000D+00 0.21165760000000001D+07 0.00000000000000000D+00
  0.69580799999999999D+08 0.00000000000000000D+00 0.13098263930000000D+10
  0.00000000000000000D+00 0.18020743872000000D+11 0.00000000000000000D+00
  0.20083367059200000D+12 0.00000000000000000D+00 0.19304623575040000D+13
  0.00000000000000000D+00 0.16633792670208000D+14 0.00000000000000000D+00
  0.13174631858995200D+15 0.00000000000000000D+00
  0.00000000000000000D+00 0.23040000000000000D+04 0.00000000000000000D+00
  0.58303999999999999D+06 0.00000000000000000D+00 0.42380640000000000D+08
  0.00000000000000000D+00 0.11264187480000000D+10 0.00000000000000000D+00
  0.20403819162000000D+11 0.00000000000000000D+00 0.28292237377200000D+12
  0.00000000000000000D+00 0.32541177285440000D+13 0.00000000000000000D+00
  0.32616564762944001D+14 0.00000000000000000D+00 0.29424118740710401D+15
  0.00000000000000000D+00 0.24425717161850881D+16
  0.00000000000000000D+00 0.00000000000000000D+00 0.12211200000000000D+06
  0.00000000000000000D+00 0.14264832000000000D+08 0.00000000000000000D+00
  0.67912424000000000D+09 0.00000000000000000D+00 0.18020743872000000D+11
  0.00000000000000000D+00 0.32300574298499999D+12 0.00000000000000000D+00
  0.44426345956919999D+13 0.00000000000000000D+00 0.50768225011456001D+14
  0.00000000000000000D+00 0.50581867670067200D+15 0.00000000000000000D+00
  0.45325214161361921D+16 0.00000000000000000D+00
  0.00000000000000000D+00 0.92160000000000012D+04 0.00000000000000000D+00
  0.31618560000000000D+07 0.00000000000000000D+00 0.32446304000000000D+09
  0.00000000000000000D+00 0.11774298400000000D+11 0.00000000000000000D+00
  0.28292237377200000D+12 0.00000000000000000D+00 0.49250668688080000D+13
  0.00000000000000000D+00 0.67891033333952000D+14 0.00000000000000000D+00
  0.78740138124134402D+15 0.00000000000000000D+00 0.80010295550545921D+16
  0.00000000000000000D+00 0.73227636446711810D+17
  0.00000000000000000D+00 0.00000000000000000D+00 0.57139200000000002D+06
  0.00000000000000000D+00 0.88090368000000001D+08 0.00000000000000000D+00
  0.56700280320000001D+10 0.00000000000000000D+00 0.20083367059200000D+12
  0.00000000000000000D+00 0.44426345956919999D+13 0.00000000000000000D+00
  0.71386246791286999D+14 0.00000000000000000D+00 0.91632798870279601D+15
  0.00000000000000000D+00 0.99444248227251040D+16 0.00000000000000000D+00
  0.94539909829779646D+17 0.00000000000000000D+00
  0.00000000000000000D+00 0.36864000000000009D+05 0.00000000000000000D+00
  0.16450560000000000D+08 0.00000000000000000D+00 0.22414599680000000D+10
  0.00000000000000000D+00 0.10587478041600000D+12 0.00000000000000000D+00
  0.32541177285440000D+13 0.00000000000000000D+00 0.67891033333952000D+14
  0.00000000000000000D+00 0.10655215694375580D+16 0.00000000000000000D+00
  0.13526769784212368D+17 0.00000000000000000D+00 0.14548490312598544D+18
  0.00000000000000000D+00 0.13645426744291179D+19
  0.00000000000000000D+00 0.00000000000000000D+00 0.26173440000000004D+07
  0.00000000000000000D+00 0.51204505600000000D+09 0.00000000000000000D+00
  0.42485477376000001D+11 0.00000000000000000D+00 0.19304623575040000D+13
  0.00000000000000000D+00 0.50768225011456001D+14 0.00000000000000000D+00
  0.91632798870279601D+15 0.00000000000000000D+00 0.12627335446964901D+17
  0.00000000000000000D+00 0.14074249201420174D+18 0.00000000000000000D+00
  0.13019244591446212D+19 0.00000000000000000D+00
  0.00000000000000000D+00 0.14745599999999992D+06 0.00000000000000000D+00
  0.82952192000000011D+08 0.00000000000000000D+00 0.14394802176000000D+11
  0.00000000000000000D+00 0.85395576192000002D+12 0.00000000000000000D+00
  0.32616564762944001D+14 0.00000000000000000D+00 0.78740138124134402D+15
  0.00000000000000000D+00 0.13526769784212368D+17 0.00000000000000000D+00
  0.17855679947991985D+18 0.00000000000000000D+00 0.18760519476046872D+19
  0.00000000000000000D+00 0.15545985633629314D+20
  0.00000000000000000D+00 0.00000000000000000D+00 0.11796479999999999D+08
  0.00000000000000000D+00 0.28459991040000001D+10 0.00000000000000000D+00
  0.29406669414400001D+12 0.00000000000000000D+00 0.16633792670208000D+14
  0.00000000000000000D+00 0.50581867670067200D+15 0.00000000000000000D+00
  0.99444248227251040D+16 0.00000000000000000D+00 0.14074249201420174D+18
  0.00000000000000000D+00 0.14758539457700436D+19 0.00000000000000000D+00
  0.10460492133176075D+20 0.00000000000000000D+00
  0.00000000000000000D+00 0.58982400000000046D+06 0.00000000000000000D+00
  0.40815820799999999D+09 0.00000000000000000D+00 0.87512862720000001D+11
  0.00000000000000000D+00 0.63439975362560002D+13 0.00000000000000000D+00
  0.29424118740710401D+15 0.00000000000000000D+00 0.80010295550545921D+16
  0.00000000000000000D+00 0.14548490312598544D+18 0.00000000000000000D+00
  0.18760519476046872D+19 0.00000000000000000D+00 0.16216952909033312D+20
  0.00000000000000000D+00 0.44936212879890999D+20
  0.00000000000000000D+00 0.00000000000000000D+00 0.52494336000000014D+08
  0.00000000000000000D+00 0.15278997504000001D+11 0.00000000000000000D+00
  0.19154456657920001D+13 0.00000000000000000D+00 0.13174631858995200D+15
  0.00000000000000000D+00 0.45325214161361921D+16 0.00000000000000000D+00
  0.94539909829779645D+17 0.00000000000000000D+00 0.13019244591446212D+19
  0.00000000000000000D+00 0.10460492133176075D+20 0.00000000000000000D+00
 -0.22420769121986433D+20 0.00000000000000000D+00
  0.00000000000000000D+00 0.23592959999999987D+07 0.00000000000000000D+00
  0.19690291200000003D+10 0.00000000000000000D+00 0.50970836992000003D+12
  0.00000000000000000D+00 0.44188826370048002D+14 0.00000000000000000D+00
  0.24425717161850881D+16 0.00000000000000000D+00 0.73227636446711810D+17
  0.00000000000000000D+00 0.13645426744291179D+19 0.00000000000000000D+00
  0.15545985633629314D+20 0.00000000000000000D+00 0.44936212879890999D+20
  0.00000000000000000D+00-0.26356096239305896D+22
00D+00 0.50970836992000003D+12
  0.00000000000000000D+00 0.44188826370048002D+14 0.00000000000000000D+00
  0.24425717161850881D+16 0.00000000000000000D+00 0.73227636446711810D+17
  0.00000000000000000D+00 0.13645426744291179D+19 0.00000000000000000D+00
  0.15545985633629314D+20 0.00000000000000000D+00 0.44936