
 PARALLEL   L'(A)*L'(B)-L"(A)*L"(B)                   INVERS
   20
  0.10000000000000000D+01 0.00000000000000000D+00 0.00000000000000000D+00
  0.00000000000000000D+00 0.00000000000000000D+00 0.00000000000000000D+00
  0.00000000000000000D+00 0.00000000000000000D+00 0.00000000000000000D+00
  0.00000000000000000D+00 0.00000000000000000D+00 0.00000000000000000D+00
  0.00000000000000000D+00 0.00000000000000000D+00 0.00000000000000000D+00
  0.00000000000000000D+00 0.00000000000000000D+00 0.00000000000000000D+00
  0.00000000000000000D+00 0.00000000000000000D+00
  0.00000000000000000D+00-0.90000000000000000D+01 0.00000000000000000D+00
 -0.36000000000000000D+02 0.00000000000000000D+00-0.14400000000000001D+03
  0.00000000000000000D+00-0.57599999999999994D+03 0.00000000000000000D+00
 -0.23040000000000000D+04 0.00000000000000000D+00-0.92160000000000009D+04
  0.00000000000000000D+00-0.36864000000000007D+05 0.00000000000000000D+00
 -0.14745599999999992D+06 0.00000000000000000D+00-0.58982400000000044D+06
  0.00000000000000000D+00-0.23592959999999986D+07
  0.00000000000000000D+00 0.00000000000000000D+00 0.00000000000000000D+00
  0.00000000000000000D+00 0.00000000000000000D+00 0.00000000000000000D+00
  0.15631940186722204D-12 0.00000000000000000D+00 0.90949470177292824D-12
  0.00000000000000000D+00-0.13642420526593924D-11 0.00000000000000000D+00
  0.12732925824820995D-10 0.00000000000000000D+00 0.14551915228366852D-10
  0.00000000000000000D+00-0.75669959187507629D-09 0.00000000000000000D+00
  0.23283064365386963D-09 0.00000000000000000D+00
  0.00000000000000000D+00-0.36000000000000000D+02 0.00000000000000000D+00
  0.92800000000000000D+03 0.00000000000000000D+00 0.32640000000000000D+04
  0.00000000000000000D+00 0.30719999999999999D+05 0.00000000000000000D+00
  0.19455999999999997D+06 0.00000000000000000D+00 0.11304959999999999D+07
  0.00000000000000000D+00 0.61931519999999997D+07 0.00000000000000000D+00
  0.32505855999999994D+08 0.00000000000000000D+00 0.16515071999999999D+09
  0.00000000000000000D+00 0.81788927999999997D+09
  0.00000000000000000D+00 0.00000000000000000D+00 0.00000000000000000D+00
  0.00000000000000000D+00-0.10800000000000000D+05 0.00000000000000000D+00
 -0.86399999999999986D+05 0.00000000000000000D+00-0.69120000000000000D+06
  0.00000000000000000D+00-0.48383999999999997D+07 0.00000000000000000D+00
 -0.30965759999999999D+08 0.00000000000000000D+00-0.18579455999999999D+09
  0.00000000000000000D+00-0.10616831999999999D+10 0.00000000000000000D+00
 -0.58392575999999998D+10 0.00000000000000000D+00
  0.00000000000000000D+00-0.14400000000000001D+03 0.00000000000000000D+00
  0.32640000000000000D+04 0.00000000000000000D+00-0.35840000000000000D+05
  0.00000000000000000D+00-0.21504000000000026D+06 0.00000000000000000D+00
 -0.20275199999999997D+07 0.00000000000000000D+00-0.16400383999999994D+08
  0.00000000000000000D+00-0.11927551999999999D+09 0.00000000000000000D+00
 -0.80216064000000063D+09 0.00000000000000000D+00-0.50803507200000020D+10
  0.00000000000000000D+00-0.30681333760000005D+11
  0.00000000000000000D+00 0.00000000000000000D+00 0.15631940186722204D-12
  0.00000000000000000D+00-0.86399999999999986D+05 0.00000000000000000D+00
  0.14848000000000002D+07 0.00000000000000000D+00 0.16527360000000000D+08
  0.00000000000000000D+00 0.18991104000000000D+09 0.00000000000000000D+00
  0.17037393919999997D+10 0.00000000000000000D+00 0.13609992191999997D+11
  0.00000000000000000D+00 0.99596894208000005D+11 0.00000000000000000D+00
  0.68153455411200004D+12 0.00000000000000000D+00
  0.00000000000000000D+00-0.57599999999999994D+03 0.00000000000000000D+00
  0.30719999999999999D+05 0.00000000000000000D+00-0.21504000000000026D+06
  0.00000000000000000D+00-0.17280000000000006D+08 0.00000000000000000D+00
 -0.24192000000000000D+09 0.00000000000000000D+00-0.27647999999999998D+10
  0.00000000000000000D+00-0.26265599999999995D+11 0.00000000000000000D+00
 -0.22162636799999997D+12 0.00000000000000000D+00-0.17137336320000000D+13
  0.00000000000000000D+00-0.12382765056000000D+14
  0.00000000000000000D+00 0.00000000000000000D+00 0.90949470177292824D-12
  0.00000000000000000D+00-0.69119999999999999D+06 0.00000000000000000D+00
  0.16527360000000000D+08 0.00000000000000000D+00 0.74260480000000042D+08
  0.00000000000000000D+00 0.67780608000000016D+09 0.00000000000000000D+00
  0.22794731520000001D+10 0.00000000000000000D+00-0.96568606719999828D+10
  0.00000000000000000D+00-0.28402358681599920D+12 0.00000000000000000D+00
 -0.35123185582079919D+13 0.00000000000000000D+00
  0.00000000000000000D+00-0.23040000000000000D+04 0.00000000000000000D+00
  0.19455999999999997D+06 0.00000000000000000D+00-0.20275199999999996D+07
  0.00000000000000000D+00-0.24191999999999999D+09 0.00000000000000000D+00
  0.36495359999999976D+09 0.00000000000000000D+00 0.21941452799999991D+11
  0.00000000000000000D+00 0.43874058240000003D+12 0.00000000000000000D+00
  0.56665571327999993D+13 0.00000000000000000D+00 0.60214707486719993D+14
  0.00000000000000000D+00 0.56265982083071986D+15
  0.00000000000000000D+00 0.00000000000000000D+00-0.13642420526593924D-11
  0.00000000000000000D+00-0.48383999999999996D+07 0.00000000000000000D+00
  0.18991104000000000D+09 0.00000000000000000D+00 0.67780608000000005D+09
  0.00000000000000000D+00-0.14343588061999993D+11 0.00000000000000000D+00
 -0.30895252679599974D+12 0.00000000000000000D+00-0.35012246875039984D+13
  0.00000000000000000D+00-0.26346074576639957D+14 0.00000000000000000D+00
 -0.11465708398975962D+15 0.00000000000000000D+00
  0.00000000000000000D+00-0.92160000000000009D+04 0.00000000000000000D+00
  0.11304959999999999D+07 0.00000000000000000D+00-0.16400383999999992D+08
  0.00000000000000000D+00-0.27647999999999999D+10 0.00000000000000000D+00
  0.21941452799999992D+11 0.00000000000000000D+00 0.28435585838199985D+12
  0.00000000000000000D+00 0.32149296367079984D+13 0.00000000000000000D+00
  0.78482653454399972D+13 0.00000000000000000D+00-0.31169051590924803D+15
  0.00000000000000000D+00-0.72101647687400949D+16
  0.00000000000000000D+00 0.00000000000000000D+00 0.12732925824820995D-10
  0.00000000000000000D+00-0.30965759999999999D+08 0.00000000000000000D+00
  0.17037393919999998D+10 0.00000000000000000D+00 0.22794731520000020D+10
  0.00000000000000000D+00-0.30895252679599972D+12 0.00000000000000000D+00
  0.36865476208640042D+13 0.00000000000000000D+00 0.16467692216486400D+15
  0.00000000000000000D+00 0.33513987045775364D+16 0.00000000000000000D+00
  0.48814418518633474D+17 0.00000000000000000D+00
  0.00000000000000000D+00-0.36864000000000007D+05 0.00000000000000000D+00
  0.61931519999999997D+07 0.00000000000000000D+00-0.11927551999999998D+09
  0.00000000000000000D+00-0.26265599999999996D+11 0.00000000000000000D+00
  0.43874058240000004D+12 0.00000000000000000D+00 0.32149296367079980D+13
  0.00000000000000000D+00-0.45273873714464031D+14 0.00000000000000000D+00
 -0.21130800701116152D+16 0.00000000000000000D+00-0.41462544459034108D+17
  0.00000000000000000D+00-0.59438016439379127D+18
  0.00000000000000000D+00 0.00000000000000000D+00 0.14551915228366852D-10
  0.00000000000000000D+00-0.18579455999999999D+09 0.00000000000000000D+00
  0.13609992191999998D+11 0.00000000000000000D+00-0.96568606719999761D+10
  0.00000000000000000D+00-0.35012246875039984D+13 0.00000000000000000D+00
  0.16467692216486400D+15 0.00000000000000000D+00 0.44989830544623039D+16
  0.00000000000000000D+00 0.78295134590639669D+17 0.00000000000000000D+00
  0.10088477081669462D+19 0.00000000000000000D+00
  0.00000000000000000D+00-0.14745599999999992D+06 0.00000000000000000D+00
  0.32505855999999996D+08 0.00000000000000000D+00-0.80216063999999962D+09
  0.00000000000000000D+00-0.22162636799999998D+12 0.00000000000000000D+00
  0.56665571327999992D+13 0.00000000000000000D+00 0.78482653454400092D+13
  0.00000000000000000D+00-0.21130800701116151D+16 0.00000000000000000D+00
 -0.48775122363183100D+17 0.00000000000000000D+00-0.72515079140069047D+18
  0.00000000000000000D+00-0.78929194097373546D+19
  0.00000000000000000D+00 0.00000000000000000D+00-0.75669959187507629D-09
  0.00000000000000000D+00-0.10616832000000000D+10 0.00000000000000000D+00
  0.99596894207999987D+11 0.00000000000000000D+00-0.28402358681599932D+12
  0.00000000000000000D+00-0.26346074576639955D+14 0.00000000000000000D+00
  0.33513987045775363D+16 0.00000000000000000D+00 0.78295134590639667D+17
  0.00000000000000000D+00 0.11754824512326320D+19 0.00000000000000000D+00
  0.12032392904055862D+20 0.00000000000000000D+00
  0.00000000000000000D+00-0.58982400000000044D+06 0.00000000000000000D+00
  0.16515072000000000D+09 0.00000000000000000D+00-0.50803507199999984D+10
  0.00000000000000000D+00-0.17137336319999999D+13 0.00000000000000000D+00
  0.60214707486719999D+14 0.00000000000000000D+00-0.31169051590924798D+15
  0.00000000000000000D+00-0.41462544459034108D+17 0.00000000000000000D+00
 -0.72515079140069041D+18 0.00000000000000000D+00-0.91365150027389440D+19
  0.00000000000000000D+00-0.78126023692978114D+20
  0.00000000000000000D+00 0.00000000000000000D+00 0.23283064365386963D-09
  0.00000000000000000D+00-0.58392575999999998D+10 0.00000000000000000D+00
  0.68153455411199991D+12 0.00000000000000000D+00-0.35123185582079909D+13
  0.00000000000000000D+00-0.11465708398975963D+15 0.00000000000000000D+00
  0.48814418518633474D+17 0.00000000000000000D+00 0.10088477081669462D+19
  0.00000000000000000D+00 0.12032392904055862D+20 0.00000000000000000D+00
  0.76834320080159757D+20 0.00000000000000000D+00
  0.00000000000000000D+00-0.23592959999999986D+07 0.00000000000000000D+00
  0.81788927999999998D+09 0.00000000000000000D+00-0.30681333760000001D+11
  0.00000000000000000D+00-0.12382765056000000D+14 0.00000000000000000D+00
  0.56265982083071986D+15 0.00000000000000000D+00-0.72101647687400939D+16
  0.00000000000000000D+00-0.59438016439379133D+18 0.00000000000000000D+00
 -0.78929194097373546D+19 0.00000000000000000D+00-0.78126023692978124D+20
  0.00000000000000000D+00-0.43901798419005254D+21
