
 PARALLEL - 20 TERM TENSOR - L"(A)/(L'(A)*L'(B)-L"(A)*L"(B))
   20
  0.00000000000000000D+00-0.30000000000000000D+01 0.00000000000000000D+00
  0.40000000000000000D+01 0.00000000000000000D+00 0.00000000000000000D+00
  0.00000000000000000D+00 0.00000000000000000D+00 0.00000000000000000D+00
  0.00000000000000000D+00 0.00000000000000000D+00 0.00000000000000000D+00
  0.00000000000000000D+00 0.00000000000000000D+00 0.00000000000000000D+00
  0.00000000000000000D+00 0.00000000000000000D+00 0.00000000000000000D+00
  0.00000000000000000D+00 0.00000000000000000D+00
  0.00000000000000000D+00 0.00000000000000000D+00 0.00000000000000000D+00
  0.00000000000000000D+00 0.00000000000000000D+00 0.00000000000000000D+00
  0.26645352591003757D-13 0.00000000000000000D+00-0.13500311979441903D-12
  0.00000000000000000D+00 0.28421709430404007D-12 0.00000000000000000D+00
  0.23874235921539366D-11 0.00000000000000000D+00-0.23192114895209670D-10
  0.00000000000000000D+00-0.27102942112833261D-09 0.00000000000000000D+00
  0.10259100235998630D-08 0.00000000000000000D+00
  0.00000000000000000D+00 0.40000000000000000D+01 0.00000000000000000D+00
  0.00000000000000000D+00 0.00000000000000000D+00 0.00000000000000000D+00
  0.00000000000000000D+00-0.29842794901924206D-12 0.00000000000000000D+00
 -0.28421709430404006D-11 0.00000000000000000D+00 0.68212102632969607D-12
  0.00000000000000000D+00-0.51841198001056906D-10 0.00000000000000000D+00
 -0.26193447411060333D-09 0.00000000000000000D+00 0.85856299847364419D-09
  0.00000000000000000D+00 0.41327439248561859D-08
  0.00000000000000000D+00 0.00000000000000000D+00 0.00000000000000000D+00
  0.00000000000000000D+00-0.24000000000000000D+04 0.00000000000000000D+00
  0.19199999999999999D+04 0.00000000000000000D+00-0.15360000000000006D+05
  0.00000000000000000D+00-0.46079999999999996D+05 0.00000000000000000D+00
 -0.18432000000000023D+06 0.00000000000000000D+00-0.73728000000000122D+06
  0.00000000000000000D+00-0.29491199999999972D+07 0.00000000000000000D+00
 -0.11796480000000060D+08 0.00000000000000000D+00
  0.00000000000000000D+00 0.00000000000000000D+00 0.00000000000000000D+00
  0.00000000000000000D+00 0.00000000000000000D+00 0.00000000000000000D+00
  0.00000000000000000D+00-0.42746250983327627D-10 0.00000000000000000D+00
  0.54569682106375694D-10 0.00000000000000000D+00-0.75669959187507629D-09
  0.00000000000000000D+00-0.32596290111541748D-08 0.00000000000000000D+00
 -0.42840838432312012D-07 0.00000000000000000D+00-0.32782554626464844D-06
  0.00000000000000000D+00 0.53644180297851562D-06
  0.00000000000000000D+00 0.00000000000000000D+00 0.88817841970012523D-14
  0.00000000000000000D+00 0.19199999999999999D+04 0.00000000000000000D+00
  0.23193600000000000D+06 0.00000000000000000D+00 0.12677120000000003D+07
  0.00000000000000000D+00 0.89907199999999946D+07 0.00000000000000000D+00
  0.54165503999999980D+08 0.00000000000000000D+00 0.30415257599999999D+09
  0.00000000000000000D+00 0.16252928000000016D+10 0.00000000000000000D+00
  0.83707822079999996D+10 0.00000000000000000D+00
  0.00000000000000000D+00 0.00000000000000000D+00 0.00000000000000000D+00
 -0.55422333389287812D-12 0.00000000000000000D+00-0.29558577807620168D-10
  0.00000000000000000D+00-0.38400000000000004D+07 0.00000000000000000D+00
 -0.19967999999999994D+08 0.00000000000000000D+00-0.19046400000000003D+09
  0.00000000000000000D+00-0.12410879999999994D+10 0.00000000000000000D+00
 -0.77660159999999961D+10 0.00000000000000000D+00-0.45691699200000032D+11
  0.00000000000000000D+00-0.25708462080000018D+12
  0.00000000000000000D+00 0.00000000000000000D+00-0.13500311979441903D-12
  0.00000000000000000D+00-0.15360000000000003D+05 0.00000000000000000D+00
  0.12677120000000004D+07 0.00000000000000000D+00-0.16383999999998940D+06
  0.00000000000000000D+00-0.36126719999999996D+08 0.00000000000000000D+00
 -0.54912614400000130D+09 0.00000000000000000D+00-0.54242836480000100D+10
  0.00000000000000000D+00-0.44052774912000032D+11 0.00000000000000000D+00
 -0.31765561343999977D+12 0.00000000000000000D+00
  0.00000000000000000D+00 0.00000000000000000D+00 0.00000000000000000D+00
 -0.23021584638627245D-11 0.00000000000000000D+00-0.29103830456733704D-10
  0.00000000000000000D+00-0.19967999999999997D+08 0.00000000000000000D+00
  0.34344959999999994D+09 0.00000000000000000D+00 0.41179545599999994D+10
  0.00000000000000000D+00 0.49710366719999995D+11 0.00000000000000000D+00
  0.45941784575999978D+12 0.00000000000000000D+00 0.37212074803199963D+13
  0.00000000000000000D+00 0.27423387156479980D+14
  0.00000000000000000D+00 0.00000000000000000D+00 0.11368683772161603D-12
  0.00000000000000000D+00-0.46080000000000027D+05 0.00000000000000000D+00
  0.89907199999999954D+07 0.00000000000000000D+00-0.36126720000000026D+08
  0.00000000000000000D+00-0.69422284799999988D+10 0.00000000000000000D+00
 -0.78949384191999977D+11 0.00000000000000000D+00-0.88726673817600023D+12
  0.00000000000000000D+00-0.79803029913600003D+13 0.00000000000000000D+00
 -0.64953117573120028D+14 0.00000000000000000D+00
  0.00000000000000000D+00 0.00000000000000000D+00 0.00000000000000000D+00
 -0.35242919693700969D-11 0.00000000000000000D+00-0.69849193096160889D-09
  0.00000000000000000D+00-0.19046400000000006D+09 0.00000000000000000D+00
  0.41179545599999995D+10 0.00000000000000000D+00 0.32294939980999969D+11
  0.00000000000000000D+00 0.19112746435199935D+12 0.00000000000000000D+00
 -0.15421593220640066D+13 0.00000000000000000D+00-0.49744580357632106D+14
  0.00000000000000000D+00-0.72573933634611285D+15
  0.00000000000000000D+00 0.00000000000000000D+00-0.12505552149377763D-11
  0.00000000000000000D+00-0.18431999999999969D+06 0.00000000000000000D+00
  0.54165503999999955D+08 0.00000000000000000D+00-0.54912614399999990D+09
  0.00000000000000000D+00-0.78949384191999985D+11 0.00000000000000000D+00
 -0.10661501337599976D+12 0.00000000000000000D+00 0.30327082844159979D+13
  0.00000000000000000D+00 0.89083141423103923D+14 0.00000000000000000D+00
  0.12590011027292145D+16 0.00000000000000000D+00
  0.00000000000000000D+00 0.00000000000000000D+00 0.00000000000000000D+00
 -0.90039975475519892D-10 0.00000000000000000D+00 0.34924596548080444D-08
  0.00000000000000000D+00-0.12410880000000002D+10 0.00000000000000000D+00
  0.49710366719999975D+11 0.00000000000000000D+00 0.19112746435199936D+12
  0.00000000000000000D+00-0.14404223524880006D+14 0.00000000000000000D+00
 -0.32382956267296001D+15 0.00000000000000000D+00-0.49388030097889297D+16
  0.00000000000000000D+00-0.58483567508855824D+17
  0.00000000000000000D+00 0.00000000000000000D+00-0.81854523159563541D-11
  0.00000000000000000D+00-0.73728000000000191D+06 0.00000000000000000D+00
  0.30415257599999986D+09 0.00000000000000000D+00-0.54242836480000095D+10
  0.00000000000000000D+00-0.88726673817600035D+12 0.00000000000000000D+00
  0.30327082844159962D+13 0.00000000000000000D+00 0.65835445643663926D+14
  0.00000000000000000D+00 0.10405801054782692D+16 0.00000000000000000D+00
  0.83717129188315868D+16 0.00000000000000000D+00
  0.00000000000000000D+00 0.00000000000000000D+00 0.00000000000000000D+00
 -0.28558133635669947D-09 0.00000000000000000D+00-0.46566128730773926D-07
  0.00000000000000000D+00-0.77660159999999978D+10 0.00000000000000000D+00
  0.45941784575999985D+12 0.00000000000000000D+00-0.15421593220640052D+13
  0.00000000000000000D+00-0.32382956267295997D+15 0.00000000000000000D+00
 -0.51542355327406082D+16 0.00000000000000000D+00-0.64444460135975928D+17
  0.00000000000000000D+00-0.57659378355721092D+18
  0.00000000000000000D+00 0.00000000000000000D+00 0.18189894035458565D-11
  0.00000000000000000D+00-0.29491199999999869D+07 0.00000000000000000D+00
  0.16252927999999982D+10 0.00000000000000000D+00-0.44052774912000015D+11
  0.00000000000000000D+00-0.79803029913600004D+13 0.00000000000000000D+00
  0.89083141423103846D+14 0.00000000000000000D+00 0.10405801054782684D+16
  0.00000000000000000D+00-0.72809934405125149D+16 0.00000000000000000D+00
 -0.39486701691559384D+18 0.00000000000000000D+00
  0.00000000000000000D+00 0.00000000000000000D+00 0.00000000000000000D+00
  0.16734702512621879D-08 0.00000000000000000D+00 0.44703483581542969D-06
  0.00000000000000000D+00-0.45691699199999992D+11 0.00000000000000000D+00
  0.37212074803199970D+13 0.00000000000000000D+00-0.49744580357632126D+14
  0.00000000000000000D+00-0.49388030097889298D+16 0.00000000000000000D+00
 -0.64444460135975931D+17 0.00000000000000000D+00-0.72635983357579469D+18
  0.00000000000000000D+00-0.51698475784566573D+19
  0.00000000000000000D+00 0.00000000000000000D+00-0.72759576141834259D-10
  0.00000000000000000D+00-0.11796480000000121D+08 0.00000000000000000D+00
  0.83707822079999874D+10 0.00000000000000000D+00-0.31765561344000010D+12
  0.00000000000000000D+00-0.64953117573120047D+14 0.00000000000000000D+00
  0.12590011027292146D+16 0.00000000000000000D+00 0.83717129188315904D+16
  0.00000000000000000D+00-0.39486701691559391D+18 0.00000000000000000D+00
 -0.81073472682010161D+19 0.00000000000000000D+00
  0.00000000000000000D+00 0.00000000000000000D+00 0.00000000000000000D+00
 -0.43655745685100555D-08 0.00000000000000000D+00-0.10728836059570312D-05
  0.00000000000000000D+00-0.25708462079999997D+12 0.00000000000000000D+00
  0.27423387156479969D+14 0.00000000000000000D+00-0.72573933634611300D+15
  0.00000000000000000D+00-0.58483567508855830D+17 0.00000000000000000D+00
 -0.57659378355721105D+18 0.00000000000000000D+00-0.51698475784566562D+19
  0.00000000000000000D+00-0.34174867345996522D+20
  0.00000000000000000D+00 0.00000000000000000D+00-0.34924596548080444D-09
  0.00000000000000000D+00-0.47185919999999910D+08 0.00000000000000000D+00
  0.41901096959999975D+11 0.00000000000000000D+00-0.21103221145599974D+13
  0.00000000000000000D+00-0.48665192300544009D+15 0.00000000000000000D+00
  0.13981968639197159D+17 0.00000000000000000D+00 0.29972708871784691D+17
  0.00000000000000000D+00-0.77313849752457645D+19 0.00000000000000000D+00
 -0.10149036508204896D+21 0.00000000000000000D+00
10D+08 0.00000000000000000D+00
  0.41901096959999975D+11 0.00000000000000000D+00-0.21103221145599974D+13
  0.00000000000000000D+00-0.48665192300544009D+15 0.00000000000000000D+00
  0.13981968639197159D+17 0.00000000000000000D+00 0.29972708871784691D+17
  0.0000000000000000