
 PARALLEL - 20 TERM TENSOR - L'(B)/(L'(A)*L'(B)-L"(A)*L"(B))
   20
  0.10000000000000000D+01 0.00000000000000000D+00 0.00000000000000000D+00
  0.00000000000000000D+00 0.00000000000000000D+00 0.00000000000000000D+00
  0.00000000000000000D+00 0.00000000000000000D+00 0.00000000000000000D+00
  0.00000000000000000D+00 0.00000000000000000D+00 0.00000000000000000D+00
  0.00000000000000000D+00 0.00000000000000000D+00 0.00000000000000000D+00
  0.00000000000000000D+00 0.00000000000000000D+00 0.00000000000000000D+00
  0.00000000000000000D+00 0.00000000000000000D+00
  0.00000000000000000D+00 0.00000000000000000D+00 0.00000000000000000D+00
 -0.60000000000000000D+02 0.00000000000000000D+00-0.12800000000000001D+03
  0.00000000000000000D+00-0.57599999999999993D+03 0.00000000000000000D+00
 -0.23040000000000000D+04 0.00000000000000000D+00-0.92160000000000008D+04
  0.00000000000000000D+00-0.36864000000000006D+05 0.00000000000000000D+00
 -0.14745599999999992D+06 0.00000000000000000D+00-0.58982400000000042D+06
  0.00000000000000000D+00-0.23592959999999986D+07
  0.00000000000000000D+00 0.00000000000000000D+00 0.00000000000000000D+00
  0.00000000000000000D+00 0.00000000000000000D+00 0.00000000000000000D+00
  0.78159700933611015D-13 0.00000000000000000D+00 0.12363443602225743D-11
  0.00000000000000000D+00-0.26147972675971687D-11 0.00000000000000000D+00
  0.70485839387401932D-11 0.00000000000000000D+00 0.95496943686157465D-10
  0.00000000000000000D+00-0.32741809263825393D-10 0.00000000000000000D+00
 -0.38126017898321152D-08 0.00000000000000000D+00
  0.00000000000000000D+00 0.00000000000000000D+00 0.00000000000000000D+00
  0.48000000000000000D+03 0.00000000000000000D+00 0.42240000000000000D+04
  0.00000000000000000D+00 0.30720000000000000D+05 0.00000000000000000D+00
  0.19455999999999998D+06 0.00000000000000000D+00 0.11304959999999999D+07
  0.00000000000000000D+00 0.61931519999999997D+07 0.00000000000000000D+00
  0.32505855999999995D+08 0.00000000000000000D+00 0.16515071999999998D+09
  0.00000000000000000D+00 0.81788927999999996D+09
  0.00000000000000000D+00 0.00000000000000000D+00 0.00000000000000000D+00
  0.00000000000000000D+00 0.00000000000000000D+00 0.00000000000000000D+00
 -0.95999999999999985D+05 0.00000000000000000D+00-0.61439999999999999D+06
  0.00000000000000000D+00-0.46694399999999996D+07 0.00000000000000000D+00
 -0.30228479999999999D+08 0.00000000000000000D+00-0.18284543999999998D+09
  0.00000000000000000D+00-0.10498867199999999D+10 0.00000000000000000D+00
 -0.57920716799999996D+10 0.00000000000000000D+00
  0.00000000000000000D+00 0.00000000000000000D+00 0.00000000000000000D+00
 -0.96000000000000016D+03 0.00000000000000000D+00-0.17920000000000000D+05
  0.00000000000000000D+00-0.21504000000000014D+06 0.00000000000000000D+00
 -0.20275199999999999D+07 0.00000000000000000D+00-0.16400383999999991D+08
  0.00000000000000000D+00-0.11927552000000000D+09 0.00000000000000000D+00
 -0.80216064000000049D+09 0.00000000000000000D+00-0.50803507200000016D+10
  0.00000000000000000D+00-0.30681333760000005D+11
  0.00000000000000000D+00 0.00000000000000000D+00 0.42632564145606006D-13
  0.00000000000000000D+00 0.13187673175707459D-10 0.00000000000000000D+00
  0.19200000000000018D+06 0.00000000000000000D+00 0.11857919999999999D+08
  0.00000000000000000D+00 0.14810316800000002D+09 0.00000000000000000D+00
  0.14611906559999997D+10 0.00000000000000000D+00 0.12260474879999997D+11
  0.00000000000000000D+00 0.92446654463999996D+11 0.00000000000000000D+00
  0.64498538905600006D+12 0.00000000000000000D+00
  0.00000000000000000D+00 0.31974423109204508D-13 0.00000000000000000D+00
  0.79580786405131221D-12 0.00000000000000000D+00-0.11277734301984310D-09
  0.00000000000000000D+00-0.40163286030292511D-08 0.00000000000000000D+00
 -0.15360000000000002D+09 0.00000000000000000D+00-0.19046399999999996D+10
  0.00000000000000000D+00-0.20742143999999996D+11 0.00000000000000000D+00
 -0.18707251199999998D+12 0.00000000000000000D+00-0.15115223039999999D+13
  0.00000000000000000D+00-0.11250696191999999D+14
  0.00000000000000000D+00 0.00000000000000000D+00 0.12789769243681803D-11
  0.00000000000000000D+00 0.67302607931196689D-10 0.00000000000000000D+00
 -0.15360000000000013D+07 0.00000000000000000D+00 0.37847040000000010D+08
  0.00000000000000000D+00 0.35543449600000033D+09 0.00000000000000000D+00
  0.20093337599999998D+10 0.00000000000000000D+00-0.78643199999994647D+09
  0.00000000000000000D+00-0.16968476262399928D+12 0.00000000000000000D+00
 -0.25219175546879917D+13 0.00000000000000000D+00
  0.00000000000000000D+00 0.00000000000000000D+00 0.00000000000000000D+00
 -0.13187673175707459D-10 0.00000000000000000D+00 0.48021320253610611D-09
  0.00000000000000000D+00-0.46566128730773926D-09 0.00000000000000000D+00
 -0.61440000000000037D+09 0.00000000000000000D+00 0.11157503999999993D+11
  0.00000000000000000D+00 0.26215710720000005D+12 0.00000000000000000D+00
  0.39222824140799997D+13 0.00000000000000000D+00 0.45464640552960002D+14
  0.00000000000000000D+00 0.45118472060927988D+15
  0.00000000000000000D+00 0.00000000000000000D+00 0.11368683772161603D-12
  0.00000000000000000D+00 0.42200554162263870D-09 0.00000000000000000D+00
 -0.15359999999999949D+07 0.00000000000000000D+00 0.53379072000000014D+09
  0.00000000000000000D+00 0.88836740010000072D+10 0.00000000000000000D+00
 -0.77898428759999821D+11 0.00000000000000000D+00-0.15779276547999973D+13
  0.00000000000000000D+00-0.19192997992703966D+14 0.00000000000000000D+00
 -0.15573405466751960D+15 0.00000000000000000D+00
  0.00000000000000000D+00 0.45474735088646412D-12 0.00000000000000000D+00
  0.14551915228366852D-10 0.00000000000000000D+00 0.77998265624046326D-08
  0.00000000000000000D+00 0.29057264328002930D-06 0.00000000000000000D+00
 -0.79872000000000082D+10 0.00000000000000000D+00 0.80166911999999937D+11
  0.00000000000000000D+00 0.14775240018000005D+13 0.00000000000000000D+00
  0.13762451645136012D+14 0.00000000000000000D+00 0.22923867502723662D+13
  0.00000000000000000D+00-0.20928002961886690D+16
  0.00000000000000000D+00 0.00000000000000000D+00 0.16825651982799171D-10
  0.00000000000000000D+00 0.58207660913467407D-09 0.00000000000000000D+00
 -0.98303999999999888D+07 0.00000000000000000D+00 0.33069465600000015D+10
  0.00000000000000000D+00 0.12933754100400020D+12 0.00000000000000000D+00
  0.20538458280960023D+13 0.00000000000000000D+00 0.90424324521600008D+14
  0.00000000000000000D+00 0.18752764078028802D+16 0.00000000000000000D+00
  0.29189206027844610D+17 0.00000000000000000D+00
  0.00000000000000000D+00 0.31832314562052488D-11 0.00000000000000000D+00
 -0.20372681319713592D-09 0.00000000000000000D+00-0.55879354476928711D-08
  0.00000000000000000D+00 0.42319297790527344D-05 0.00000000000000000D+00
 -0.49151999999999882D+11 0.00000000000000000D+00 0.15685386240000009D+13
  0.00000000000000000D+00 0.21993000314400002D+14 0.00000000000000000D+00
 -0.28072968145676724D+15 0.00000000000000000D+00-0.11784120038801909D+17
  0.00000000000000000D+00-0.22801804108644326D+18
  0.00000000000000000D+00 0.00000000000000000D+00 0.96406438387930393D-10
  0.00000000000000000D+00 0.93132257461547851D-08 0.00000000000000000D+00
 -0.39321600000000178D+08 0.00000000000000000D+00 0.19755171840000026D+11
  0.00000000000000000D+00 0.21043533757440024D+13 0.00000000000000000D+00
  0.59698058151935984D+14 0.00000000000000000D+00 0.21172574881162238D+16
  0.00000000000000000D+00 0.39805752583748343D+17 0.00000000000000000D+00
  0.56381326064983772D+18 0.00000000000000000D+00
  0.00000000000000000D+00 0.00000000000000000D+00 0.00000000000000000D+00
 -0.17462298274040222D-09 0.00000000000000000D+00 0.66310167312622070D-06
  0.00000000000000000D+00 0.11920928955078125D-04 0.00000000000000000D+00
 -0.32636927999999971D+12 0.00000000000000000D+00 0.15350366208000032D+14
  0.00000000000000000D+00 0.14147600293824084D+15 0.00000000000000000D+00
 -0.73872042325844464D+16 0.00000000000000000D+00-0.15464894306871271D+18
  0.00000000000000000D+00-0.19589456415198546D+19
  0.00000000000000000D+00 0.00000000000000000D+00-0.72759576141834235D-10
  0.00000000000000000D+00-0.12852251529693603D-06 0.00000000000000000D+00
 -0.15728640000000191D+09 0.00000000000000000D+00 0.11028922368000055D+12
  0.00000000000000000D+00 0.28765881713152043D+14 0.00000000000000000D+00
  0.10623638561710084D+16 0.00000000000000000D+00 0.35248690869414903D+17
  0.00000000000000000D+00 0.63327730222724207D+18 0.00000000000000000D+00
  0.77098492034895240D+19 0.00000000000000000D+00
  0.00000000000000000D+00 0.36379788070917129D-10 0.00000000000000000D+00
 -0.46566128730773926D-08 0.00000000000000000D+00 0.19967555999755859D-05
  0.00000000000000000D+00 0.53405761718750000D-04 0.00000000000000000D+00
 -0.19660799999999839D+13 0.00000000000000000D+00 0.13365317468160043D+15
  0.00000000000000000D+00 0.71345681071872836D+15 0.00000000000000000D+00
 -0.11381249711283381D+18 0.00000000000000000D+00-0.16828250720504239D+19
  0.00000000000000000D+00-0.14683829649950094D+20
  0.00000000000000000D+00 0.00000000000000000D+00 0.14551915228366852D-08
  0.00000000000000000D+00 0.19371509552001953D-06 0.00000000000000000D+00
 -0.62914560000002097D+09 0.00000000000000000D+00 0.58686701568000806D+12
  0.00000000000000000D+00 0.33208814632294441D+15 0.00000000000000000D+00
  0.13851017387421699D+17 0.00000000000000000D+00 0.44174601091174827D+18
  0.00000000000000000D+00 0.74080756816529265D+19 0.00000000000000000D+00
  0.70399382599677279D+20 0.00000000000000000D+00
  0.00000000000000000D+00 0.18917489796876907D-09 0.00000000000000000D+00
  0.33527612686157226D-07 0.00000000000000000D+00 0.50067901611328125D-05
  0.00000000000000000D+00-0.10375976562500000D-02 0.00000000000000000D+00
 -0.11301027839999969D+14 0.00000000000000000D+00 0.10387093192704066D+16
  0.00000000000000000D+00 0.14317844440476120D+16 0.00000000000000000D+00
 -0.12996139578497567D+19 0.00000000000000000D+00-0.10517110302760799D+20
  0.00000000000000000D+00 0.31132205685511053D+20
00D+00 0.50067901611328125D-05
  0.00000000000000000D+00-0.10375976562500000D-02 0.00000000000000000D+00
 -0.11301027839999969D+14 0.00000000000000000D+00 0.10387093192704066D+16
  0.00000000000000000D+00 0.14317844440476120D+16 0.00000000000000000D+00
 -0.1299613957849756