  39 1.36833E4
.382,47098,46282,43389
.419,46996,46080,43308
.460,46901,45878,43228
.504,46801,45677,43147
.553,46697,45475,43067
.606,46593,45275,42987
.664,46458,45084,42906
.728,46322,44885,42826
.797,46175,44680,42747
.872,46035,44473,42667
.955,45890,44282,42587
1.044,45743,44118,42503
1.142,45589,43973,42414
1.248,45423,43849,42318
1.364,45258,43740,42216
1.491,45117,43638,42107
1.630,44986,43543,41994
1.781,44865,43450,41875
1.947,44750,43352,41752
2.128,44634,43235,41623
2.324,44502,43095,41488
2.538,44375,42942,41349
2.771,44244,42780,41204
3.025,44112,42619,41056
3.300,43972,42463,40907
3.600,43833,42319,40759
3.927,43695,42178,40614
4.281,43555,42042,40475
4.668,43419,41908,40342
5.088,43285,41777,40210
5.545,43154,41645,40078
6.042,43024,41510,39947
6.582,42889,41374,39815
7.168,42754,41233,39684
7.805,42619,41090,39553
8.496,42484,40946,39422
9.246,42349,40803,39291
10.061,42214,40660,39160
10.944,42078,40518,39030
  35 1.36833E4
.374,38921,41914,39640
.409,39113,41785,39828
.448,39313,41658,40016
.492,39512,41530,40204
.539,39707,41402,40392
.591,39861,41275,40580
.647,39969,41186,40767
.708,40050,41092,40954
.775,40114,41017,41141
.849,40169,40979,41327
.929,40229,41008,41513
1.017,40288,41095,41662
1.114,40353,41227,41802
1.221,40424,41384,41928
1.338,40503,41543,42036
1.468,40608,41688,42123
1.612,40719,41816,42187
1.770,40842,41919,42228
1.944,40959,41993,42247
2.135,41052,42034,42247
2.345,41136,42043,42230
2.576,41216,42033,42197
2.829,41288,42010,42154
3.108,41354,41990,42102
3.414,41411,41975,42046
3.750,41458,41959,41985
4.119,41499,41943,41923
4.525,41536,41929,41862
4.971,41570,41918,41800
5.461,41601,41909,41739
6.000,41628,41904,41678
6.592,41653,41899,41617
7.244,41675,41894,41556
7.960,41694,41889,41495
8.747,41711,41885,41434
  22 1.36833E4
.368,47885,45791,45474
.411,47734,45664,45464
.459,47567,45537,45454
.513,47366,45409,45444
.571,47119,45282,45434
.636,46866,45156,45424
.708,46622,45097,45414
.788,46403,45134,45404
.878,46244,45257,45394
.980,46150,45434,45384
1.094,46096,45604,45374
1.222,46081,45742,45351
1.366,46088,45824,45317
1.527,46102,45838,45284
1.707,46103,45791,45250
1.906,46055,45700,45217
2.129,46001,45576,45183
2.376,45942,45429,45150
2.652,45877,45283,45116
2.959,45809,45136,45083
3.302,45736,44990,45050
3.683,45660,44844,45017
097,45414
.788,46403,45134,45404
.878,46244,45257,45394
.980,46150,45434,45384
1.094,46096,45604,45374
1.222,46081,45742,45351
1.366,46088,45824,45317
1.527,46102,45838,45284
1.707,46103,45791,45250
1.906,46055,45700,45217
2.129,46001,45576,45183
2.376,45942