
  31  0.200690E+05
   1  6.0366  0.359   55262.   52885.   75074.
   2  6.0412  0.387   55195.   54382.   75323.
   3  6.0459  0.418   55212.   55876.   75572.
   4  6.0505  0.452   55299.   57368.   75821.
   5  6.0551  0.490   55470.   58859.   76069.
   6  6.0597  0.532   55757.   60346.   76316.
   7  6.0643  0.579   56170.   61736.   76564.
   8  6.0689  0.633   56676.   63070.   76810.
   9  6.0736  0.692   57268.   64306.   77057.
  10  6.0782  0.759   57910.   65405.   77303.
  11  6.0828  0.832   58576.   66340.   77549.
  12  6.0874  0.915   59258.   67127.   77875.
  13  6.0920  1.006   59936.   67813.   78280.
  14  6.0967  1.106   60603.   68447.   78765.
  15  6.1013  1.218   61267.   69096.   79327.
  16  6.1059  1.343   61916.   69807.   79964.
  17  6.1105  1.481   62570.   70607.   80662.
  18  6.1151  1.635   63239.   71511.   81401.
  19  6.1197  1.808   63947.   72512.   82163.
  20  6.1244  2.004   64714.   73571.   82933.
  21  6.1290  2.224   65545.   74671.   83695.
  22  6.1336  2.474   66423.   75781.   84549.
  23  6.1382  2.757   67347.   76876.   85401.
  24  6.1428  3.077   68296.   77938.   86252.
  25  6.1474  3.438   69233.   78960.   87102.
  26  6.1521  3.847   70188.   79949.   87951.
  27  6.1567  4.310   71159.   80911.   88798.
  28  6.1613  4.837   72146.   81872.   89644.
  29  6.1659  5.436   73146.   82831.   90489.
  30  6.1705  6.119   74159.   83789.   91332.
  31  6.1752  6.898   75183.   84745.   92175.
  33  0.200690E+05
   1  6.5399  0.358   53989.   53503.   61650.
   2  6.5446  0.389   54118.   54145.   62599.
   3  6.5492  0.423   54193.   54786.   63547.
   4  6.5538  0.459   54261.   55426.   64494.
   5  6.5584  0.499   54335.   56065.   65440.
   6  6.5630  0.543   54436.   56703.   66384.
   7  6.5676  0.591   54607.   57365.   67326.
   8  6.5723  0.645   54843.   58165.   68268.
   9  6.5769  0.705   55132.   59055.   69208.
  10  6.5815  0.771   55491.   59998.   70147.
  11  6.5861  0.845   55892.   60960.   71084.
  12  6.5907  0.928   56347.   61923.   71962.
  13  6.5954  1.020   56847.   62892.   72871.
  14  6.6000  1.123   57392.   63877.   73799.
  15  6.6046  1.238   57968.   64880.   74732.
  16  6.6092  1.367   58582.   65913.   75655.
  17  6.6138  1.512   59242.   66964.   76551.
  18  6.6184  1.675   59947.   68026.   77420.
  19  6.6231  1.859   60703.   69090.   78251.
  20  6.6277  2.068   61506.   70142.   79036.
  21  6.6323  2.304   62353.   71170.   79768.
  22  6.6369  2.571   63222.   72160.   80441.
  23  6.6415  2.874   64107.   73109.   81056.
  24  6.6461  3.216   65007.   74017.   81664.
  25  6.6508  3.605   65909.   74893.   82271.
  26  6.6554  4.045   66825.   75747.   82878.
  27  6.6600  4.546   67738.   76592.   83483.
  28  6.6646  5.115   68656.   77432.   84088.
  29  6.6692  5.764   69580.   78269.   84692.
  30  6.6739  6.504   70508.   79104.   85295.
  31  6.6785  7.349   71440.   79939.   85897.
  32  6.6831  8.316   72374.   80772.   86498.
  33  6.6877  9.422   73311.   81604.   87099.
  29  0.200690E+05
   1  7.0779  0.361   57154.   55096.   60893.
   2  7.0825  0.396   57210.   55586.   62037.
   3  7.0871  0.435   57163.   56074.   63179.
   4  7.0917  0.477   57095.   56562.   64320.
   5  7.0964  0.522   57023.   57049.   65459.
   6  7.1010  0.573   56972.   57536.   66596.
   7  7.1056  0.629   56961.   58125.   67733.
   8  7.1102  0.691   57031.   58948.   68867.
   9  7.1148  0.761   57193.   59927.   70000.
  10  7.1195  0.840   57478.   61023.   71132.
  11  7.1241  0.929   57862.   62199.   72262.
  12  7.1287  1.030   58329.   63415.   73292.
  13  7.1333  1.145   58872.   64639.   74337.
  14  7.1379  1.274   59452.   65851.   75384.
  15  7.1425  1.420   60094.   67036.   76410.
  16  7.1472  1.587   60807.   68198.   77389.
  17  7.1518  1.778   61574.   69341.   78296.
  18  7.1564  1.995   62402.   70451.   79127.
  19  7.1610  2.243   63268.   71532.   79875.
  20  7.1656  2.527   64165.   72570.   80579.
  21  7.1702  2.852   65083.   73563.   81283.
  22  7.1749  3.223   66020.   74523.   81985.
  23  7.1795  3.648   66947.   75456.   82687.
  24  7.1841  4.135   67889.   76378.   83387.
  25  7.1887  4.695   68843.   77290.   84087.
  26  7.1933  5.339   69808.   78201.   84786.
  27  7.1979  6.082   70784.   79111.   85484.
  28  7.2026  6.939   71768.   80020.   86181.
  29  7.2072  7.930   72760.   80927.   86877.
