
  41  0.165420E+06
   1  5.9513  0.371  370664.  356130.  341891.
   2  5.9559  0.395  370508.  356279.  351420.
   3  5.9606  0.420  370040.  356429.  360933.
   4  5.9652  0.445  369199.  356578.  370432.
   5  5.9698  0.472  368192.  356727.  379917.
   6  5.9745  0.501  367255.  356875.  389386.
   7  5.9791  0.531  366412.  357505.  398841.
   8  5.9837  0.564  365785.  359415.  408281.
   9  5.9884  0.599  365304.  362430.  417706.
  10  5.9930  0.637  365140.  366238.  427118.
  11  5.9976  0.677  365230.  370570.  436514.
  12  6.0023  0.721  365625.  375315.  445493.
  13  6.0069  0.768  366388.  380329.  454935.
  14  6.0115  0.819  367385.  385656.  464777.
  15  6.0162  0.874  368640.  391253.  474952.
  16  6.0208  0.934  370123.  397111.  485391.
  17  6.0254  0.999  371860.  403175.  496021.
  18  6.0301  1.070  373826.  409437.  506922.
  19  6.0347  1.147  376163.  416046.  518136.
  20  6.0394  1.232  378874.  422994.  529724.
  21  6.0440  1.324  381838.  430330.  541759.
  22  6.0486  1.424  385059.  438057.  554314.
  23  6.0533  1.535  388539.  446094.  567457.
  24  6.0579  1.656  392413.  454413.  581239.
  25  6.0625  1.790  396618.  463144.  595681.
  26  6.0672  1.938  401229.  472471.  610771.
  27  6.0718  2.101  406248.  482508.  626389.
  28  6.0764  2.282  411552.  493387.  642259.
  29  6.0811  2.483  417268.  505192.  658114.
  30  6.0857  2.707  423485.  518298.  673702.
  31  6.0903  2.959  430303.  532670.  688790.
  32  6.0950  3.242  437815.  548253.  704957.
  33  6.0996  3.562  446133.  564930.  721098.
  34  6.1042  3.927  455298.  582420.  737216.
  35  6.1089  4.346  465733.  600465.  753310.
  36  6.1135  4.825  476999.  618815.  769378.
  37  6.1181  5.374  489076.  637379.  785423.
  38  6.1228  6.005  501940.  655915.  801443.
  39  6.1274  6.731  515567.  674422.  817439.
  40  6.1320  7.568  529930.  692902.  833411.
  41  6.1367  8.536  545000.  711354.  849358.
  35  0.165420E+06
   1  6.5088  0.368  333143.  326153.  372051.
   2  6.5134  0.392  333180.  329553.  381291.
   3  6.5181  0.416  333190.  332948.  390518.
   4  6.5227  0.442  333294.  336338.  399731.
   5  6.5273  0.471  333464.  339723.  408931.
   6  6.5320  0.501  333765.  343103.  418119.
   7  6.5366  0.533  334344.  346722.  427293.
   8  6.5412  0.568  335097.  351044.  436454.
   9  6.5459  0.606  336079.  356027.  445602.
  10  6.5505  0.647  337329.  361666.  454738.
  11  6.5551  0.692  338897.  368054.  463860.
  12  6.5598  0.740  340673.  375051.  472680.
  13  6.5644  0.793  342852.  382610.  482053.
  14  6.5691  0.851  345409.  390522.  491948.
  15  6.5737  0.915  348337.  398625.  502330.
  16  6.5783  0.986  351869.  406830.  513151.
  17  6.5830  1.064  355713.  415000.  524342.
  18  6.5876  1.150  359853.  423016.  535938.
  19  6.5922  1.244  364205.  430957.  547955.
  20  6.5969  1.348  368789.  438921.  560403.
  21  6.6015  1.463  373663.  447053.  573219.
  22  6.6061  1.589  378702.  455805.  586208.
  23  6.6108  1.730  384055.  465405.  599198.
  24  6.6154  1.886  389783.  476225.  612023.
  25  6.6200  2.060  395937.  488261.  624524.
  26  6.6247  2.256  402604.  501444.  638109.
  27  6.6293  2.478  409970.  515682.  651675.
  28  6.6339  2.729  418071.  530719.  665222.
  29  6.6386  3.017  427256.  546337.  678751.
  30  6.6432  3.345  437151.  562309.  692260.
  31  6.6478  3.720  447736.  578512.  705751.
  32  6.6525  4.150  458992.  594691.  719223.
  33  6.6571  4.643  470896.  610849.  732675.
  34  6.6617  5.210  483424.  626983.  746110.
  35  6.6664  5.865  496553.  643095.  759526.
  30  0.165420E+06
   1  7.0770  0.367  325780.  318964.  402201.
   2  7.0816  0.391  325755.  325368.  410844.
   3  7.0862  0.418  325970.  331763.  419476.
   4  7.0909  0.447  326579.  338150.  428096.
   5  7.0955  0.478  327492.  344528.  436706.
   6  7.1001  0.512  328660.  350898.  445304.
   7  7.1048  0.549  330118.  357280.  453890.
   8  7.1094  0.590  332013.  363831.  462466.
   9  7.1140  0.635  334304.  370406.  471030.
  10  7.1187  0.684  336942.  377102.  479584.
  11  7.1233  0.738  339827.  383914.  488126.
  12  7.1279  0.797  342945.  390804.  497113.
  13  7.1326  0.862  346290.  397820.  507085.
  14  7.1372  0.934  349835.  405101.  517989.
  15  7.1419  1.013  353746.  412828.  529740.
  16  7.1465  1.101  357961.  421224.  542164.
  17  7.1511  1.199  362502.  430458.  554948.
  18  7.1558  1.307  367463.  440624.  567835.
  19  7.1604  1.429  372821.  451905.  580598.
  20  7.1650  1.565  378675.  464197.  593022.
  21  7.1697  1.718  385167.  477448.  606438.
  22  7.1743  1.893  392392.  491509.  619836.
  23  7.1789  2.091  400347.  506189.  633217.
  24  7.1836  2.320  409299.  521314.  646581.
  25  7.1882  2.581  418940.  536657.  659927.
  26  7.1928  2.880  429252.  552102.  673256.
  27  7.1975  3.224  440211.  567527.  686568.
  28  7.2021  3.621  451795.  582933.  699863.
  29  7.2067  4.079  463981.  598318.  713141.
  30  7.2114  4.608  476740.  613684.  726401.
