
  170. 3627.
   51.   20.0
 3678.   17.3
  477.  12 276
  482.   7 276
  487.  10 277
  492.   9 277
  497.  13 277
  502.  13 277
  507.  11 277
  512.   9 277
  517.   8 277
  522.   7 276
  527.  15 277
  532.  12 276
  537.  13 276
  542.  11 277
  547.  12 277
  552.  11 276
  557.  11 277
  562.  13 276
  567.  11 276
  572.   7 277
  577.   9 277
  582.  12 277
  587.  13 277
  592.   9 277
  597.  10 277
  602.   7 277
  607.  12 277
  612.  12 277
  617.  15 277
  622.  13 277
  627.  14 277
  632.  14 277
  637.  15 277
  642.  15 277
  647.  13 277
  652.  20 277
  657.  19 277
  662.  19 277
  667.  19 276
  672.  17 277
  677.  20 277
  682.  23 277
  687.  21 277
  692.  20 278
  697.  21 276
  702.  21 276
  707.  23 277
  712.  26 277
  717.  21 277
  722.  21 277
  727.  25 277
  732.  27 276
  737.  26 277
  742.  26 277
  747.  32 277
  752.  31 277
  757.  33 276
  762.  34 277
  767.  35 276
  772.  39 276
  777.  40 277
  782.  43 277
  787.  43 277
  792.  44 278
  797.  47 276
  802.  51 278
  807.  54 276
  812.  57 277
  817.  54 277
  822.  64 277
  827.  67 277
  832.  69 278
  837.  76 277
  842.  81 277
  847.  85 277
  852.  88 277
  857.  93 278
  862. 103 278
  867. 106 277
  872. 114 278
  877. 120 278
  882. 128 278
  887. 134 278
  892.-129 278
  897.-119 278
  902.-106 277
  907. -92 278
  912. -80 277
  917. -65 277
  922. -53 277
  927. -28 277
  932.  -8 277
  937.   8 277
  942.  34 277
  947.  59 278
  952.  82 277
  957. 118 278
  962.-131 279
  967. -96 278
  972. -61 278
  977. -20 277
  982.  21 278
  987.  70 278
  992. 119 279
  997.-101 279
 1002. -35 279
 1007.  33 279
 1012. 106 280
 1017. -90 279
 1022.  -3 278
 1027.  97 281
 1032. -83 280
 1037.  37 277
 1042.-124 283
 1047.  14 277
 1052.-122 282
 1057.  36 277
 1062. -67 278
 1067. -24 324
 1072.  43 279
 1077. -15 282
 1082.-147 299
 1087.-225 265
 9999. 999 999
  170. 3627.
   51.   20.0
 3678.   17.3
 1618.  17 276
 1623.  21 276
 1628.  19 276
 1633.  17 276
 1638.  20 276
 1643.  24 276
 1648.  27 275
 1653.  24 276
 1658.  21 276
 1663.  22 275
 1668.  19 276
 1673.  20 276
 1678.  20 276
 1683.  18 276
 1688.  23 276
 1693.  19 275
 1698.  21 275
 1703.  18 276
 1708.  16 275
 1713.  21 276
 1718.  19 276
 1723.  20 276
 1728.  21 276
 1733.  18 277
 1738.  16 275
 1743.  23 276
 1748.  19 276
 1753.  17 277
 1758.  18 276
 1763.  19 276
 1768.  18 277
 1773.  18 276
 1778.  19 276
 1783.  18 275
 1788.  19 276
 1793.  15 276
 1798.  20 276
 1803.  25 276
 1808.  19 276
 1813.  21 276
 1818.  19 276
 1823.  25 275
 1828.  22 276
 1833.  20 276
 1838.  19 276
 1843.  22 276
 1848.  21 275
 1853.  20 276
 1858.  23 275
 1863.  21 276
 1868.  18 275
 1873.  17 276
 1878.  18 276
 1883.  16 276
 1888.  16 276
 1893.  19 276
 1898.  17 275
 1903.  21 275
 1908.  18 276
 1913.  23 276
 1918.  18 276
 1923.  23 276
 1928.  21 276
 1933.  23 276
 1938.  25 276
 1943.  28 276
 1948.  29 276
 1953.  30 275
 1958.  32 276
 1963.  36 276
 1968.  35 277
 1973.  38 276
 1978.  34 276
 1983.  38 277
 1988.  42 276
 1993.  43 277
 1998.  44 277
 2003.  54 276
 2008.  51 277
 2013.  56 276
 2018.  62 278
 2023.  69 278
 2028.  69 277
 2033.  72 277
 2038.  77 278
 2043.  84 276
 2048.  92 276
 2053. 100 277
 2058. 110 278
 2063. 113 278
 2068. 123 277
 2073. 132 277
 2078.-133 277
 2083.-121 277
 2088.-109 277
 2093. -98 276
 2098. -78 277
 2103. -70 277
 2108. -51 276
 2113. -31 276
 2118. -12 277
 2123.  14 276
 2128.  34 276
 2133.  64 277
 2138.  95 278
 2143. 129 278
 2148.-112 279
 2153. -74 279
 2158. -28 276
 2163.  16 277
 2168.  70 277
 2173. 126 278
 2178. -96 279
 2183. -25 277
 2188.  50 278
 2193. 135 279
 2198. -57 278
 2203.  46 277
 2208.-134 280
 2213. -12 278
 2218. 114 280
 2223. -19 278
 2228.-141 281
 2233.  38 278
 2238. -53 280
 2243.-140 289
 2248. 106 289
 2253.  82 281
 2258. 114 269
 9999. 999 999
  170. 3627.
   51.   20.0
 3678.   17.3
 2760.   0 276
 2765.   1 276
 2770.   1 275
 2775.   0 276
 2780.   3 275
 2785.   4 275
 2790.   3 276
 2795.   4 276
 2800.   1 275
 2805.   3 275
 2810.   4 276
 2815.   2 275
 2820.   3 275
 2825.   2 276
 2830.   4 276
 2835.   0 275
 2840.   2 276
 2845.   2 276
 2850.   2 275
 2855.   5 276
 2860.   4 276
 2865.   4 276
 2870.   5 276
 2875.   7 276
 2880.   3 277
 2885.   5 275
 2890.   4 276
 2895.   2 275
 2900.  -1 276
 2905.  -2 275
 2910.   0 276
 2915.   0 276
 2920.   1 275
 2925.  -2 275
 2930.  -1 276
 2935.  -3 276
 2940.  -5 275
 2945.  -3 276
 2950.  -4 274
 2955.  -7 276
 2960.  -4 276
 2965.  -9 276
 2970.  -8 276
 2975.  -5 275
 2980.  -5 276
 2985.  -8 276
 2990.  -7 276
 2995. -11 275
 3000. -12 275
 3005.  -9 276
 3010.  -6 274
 3015.  -6 276
 3020. -10 276
 3025.  -4 276
 3030. -10 275
 3035.  -7 275
 3040.  -9 275
 3045.  -6 276
 3050.  -7 275
 3055.  -9 276
 3060.  -8 275
 3065.  -7 277
 3070.  -3 276
 3075.  -8 275
 3080. -12 276
 3085.  -6 276
 3090.  -7 276
 3095.  -1 276
 3100.  -9 275
 3105.  -8 276
 3110.  -4 275
 3115.  -5 276
 3120.  -1 275
 3125.  -6 275
 3130.  -1 274
 3135.  -1 275
 3140.  -2 275
 3145.  -3 276
 3150.   2 275
 3155.   7 275
 3160.   2 275
 3165.   4 275
 3170.   4 275
 3175.   6 275
 3180.   3 276
 3185.  14 276
 3190.  12 276
 3195.  11 276
 3200.  22 275
 3205.  23 276
 3210.  25 276
 3215.  27 276
 3220.  35 276
 3225.  35 275
 3230.  42 276
 3235.  44 275
 3240.  58 277
 3245.  59 277
 3250.  64 275
 3255.  73 276
 3260.  81 277
 3265.  93 276
 3270. 100 277
 3275. 115 278
 3280. 129 278
 3285. 137 277
 3290.-128 276
 3295.-110 277
 3300. -94 277
 3305. -74 274
 3310. -60 277
 3315. -34 276
 3320.  -7 276
 3325.  21 275
 3330.  48 277
 3335.  81 278
 3340. 117 278
 3345.-119 278
 3350. -64 277
 3355. -18 278
 3360.  42 277
 3365. 104 278
 3370.-107 278
 3375. -37 278
 3380.  52 277
 3385.-121 279
 3390. -18 278
 3395.  93 280
 3400. -61 282
 3405.  82 280
 3410. -29 279
 3415.-129 284
 3420.  83 281
 3425.  27 283
 3430.  -4 279
 9999. 999 999
