
  42  0.147480E+05
   1  6.0286  0.369   83068.   84280.   86479.
   2  6.0309  0.399   83097.   84462.   86382.
   3  6.0332  0.432   83175.   84646.   86287.
   4  6.0355  0.468   83288.   84828.   86191.
   5  6.0378  0.507   83420.   85012.   86095.
   6  6.0401  0.549   83592.   85194.   85999.
   7  6.0424  0.595   83751.   85342.   85903.
   8  6.0447  0.645   83892.   85401.   85808.
   9  6.0470  0.700   84014.   85387.   85712.
  10  6.0493  0.758   84119.   85321.   85616.
  11  6.0516  0.822   84210.   85224.   85520.
  12  6.0539  0.891   84286.   85137.   85461.
  13  6.0562  0.966   84341.   85071.   85423.
  14  6.0585  1.046   84381.   85024.   85408.
  15  6.0608  1.134   84417.   85000.   85419.
  16  6.0631  1.229   84455.   84998.   85457.
  17  6.0654  1.332   84497.   85021.   85522.
  18  6.0677  1.443   84541.   85063.   85611.
  19  6.0700  1.564   84581.   85118.   85719.
  20  6.0723  1.696   84623.   85178.   85845.
  21  6.0746  1.838   84667.   85238.   85983.
  22  6.0769  1.993   84713.   85300.   86131.
  23  6.0792  2.161   84761.   85373.   86284.
  24  6.0815  2.344   84810.   85459.   86434.
  25  6.0838  2.542   84861.   85551.   86582.
  26  6.0861  2.757   84913.   85649.   86722.
  27  6.0884  2.991   84966.   85751.   86856.
  28  6.0907  3.245   85036.   85859.   86982.
  29  6.0930  3.521   85107.   85966.   87098.
  30  6.0953  3.822   85180.   86075.   87204.
  31  6.0976  4.148   85255.   86181.   87300.
  32  6.0999  4.503   85331.   86282.   87386.
  33  6.1022  4.889   85409.   86374.   87469.
  34  6.1046  5.309   85489.   86468.   87551.
  35  6.1069  5.765   85569.   86561.   87635.
  36  6.1092  6.261   85650.   86655.   87718.
  37  6.1115  6.801   85733.   86747.   87801.
  38  6.1138  7.388   85816.   86841.   87884.
  39  6.1161  8.027   85900.   86933.   87967.
  40  6.1184  8.723   85985.   87026.   88049.
  41  6.1207  9.479   86071.   87119.   88133.
  42  6.1230 10.302   86157.   87212.   88216.
  38  0.147480E+05
   1  6.5760  0.355   77346.   84354.   82741.
   2  6.5783  0.387   77791.   84374.   82919.
   3  6.5806  0.422   78251.   84394.   83098.
   4  6.5829  0.460   78720.   84414.   83277.
   5  6.5852  0.502   79199.   84434.   83455.
   6  6.5875  0.547   79657.   84455.   83632.
   7  6.5898  0.597   80076.   84453.   83810.
   8  6.5921  0.652   80435.   84367.   83988.
   9  6.5944  0.711   80740.   84231.   84166.
  10  6.5967  0.775   81000.   84079.   84343.
  11  6.5990  0.845   81219.   83957.   84521.
  12  6.6013  0.921   81415.   83885.   84734.
  13  6.6036  1.004   81594.   83875.   84991.
  14  6.6059  1.094   81767.   83916.   85288.
  15  6.6082  1.193   81937.   84001.   85624.
  16  6.6105  1.301   82110.   84119.   85997.
  17  6.6128  1.419   82279.   84263.   86402.
  18  6.6151  1.548   82446.   84428.   86829.
  19  6.6174  1.689   82609.   84640.   87273.
  20  6.6197  1.844   82771.   84891.   87729.
  21  6.6220  2.013   82940.   85179.   88186.
  22  6.6243  2.198   83114.   85502.   88641.
  23  6.6266  2.401   83302.   85849.   89086.
  24  6.6289  2.625   83546.   86215.   89511.
  25  6.6312  2.871   83797.   86586.   89911.
  26  6.6335  3.141   84052.   86953.   90280.
  27  6.6358  3.438   84312.   87308.   90617.
  28  6.6381  3.764   84579.   87640.   90919.
  29  6.6404  4.122   84849.   87948.   91207.
  30  6.6427  4.516   85123.   88256.   91495.
  31  6.6450  4.950   85402.   88563.   91784.
  32  6.6473  5.427   85684.   88870.   92071.
  33  6.6496  5.953   85967.   89176.   92359.
  34  6.6519  6.531   86255.   89482.   92647.
  35  6.6542  7.168   86545.   89789.   92934.
  36  6.6565  7.870   86837.   90095.   93220.
  37  6.6588  8.644   87132.   90400.   93506.
  38  6.6611  9.498   87430.   90706.   93794.
  30  0.147480E+05
   1  7.1298  0.367   87208.   87229.   79063.
   2  7.1321  0.405   87326.   86714.   79790.
   3  7.1344  0.446   87311.   86201.   80517.
   4  7.1367  0.491   87194.   85689.   81242.
   5  7.1390  0.540   86990.   85175.   81968.
   6  7.1413  0.593   86739.   84664.   82693.
   7  7.1436  0.651   86472.   84258.   83418.
   8  7.1459  0.714   86201.   84053.   84142.
   9  7.1482  0.784   85951.   84032.   84865.
  10  7.1505  0.861   85731.   84174.   85589.
  11  7.1528  0.945   85560.   84448.   86311.
  12  7.1551  1.039   85458.   84814.   86947.
  13  7.1574  1.142   85418.   85239.   87579.
  14  7.1597  1.256   85421.   85688.   88196.
  15  7.1620  1.383   85476.   86135.   88785.
  16  7.1643  1.524   85578.   86559.   89336.
  17  7.1666  1.679   85699.   86948.   89834.
  18  7.1689  1.852   85838.   87308.   90278.
  19  7.1712  2.042   85989.   87643.   90668.
  20  7.1735  2.253   86157.   87955.   90999.
  21  7.1758  2.487   86335.   88256.   91276.
  22  7.1781  2.746   86527.   88556.   91551.
  23  7.1804  3.033   86728.   88854.   91827.
  24  7.1827  3.351   86940.   89154.   92102.
  25  7.1850  3.704   87159.   89453.   92378.
  26  7.1873  4.095   87388.   89752.   92653.
  27  7.1896  4.530   87622.   90050.   92928.
  28  7.1919  5.013   87865.   90349.   93203.
  29  7.1942  5.549   88111.   90648.   93477.
  30  7.1965  6.145   88365.   90945.   93752.
