
  91 277.2
  170. 3627.
  612.    2.
  617.    1.
  622.    1.
  627.    1.
  632.    2.
  637.    2.
  642.    3.
  647.    4.
  652.    4.
  657.    5.
  662.    5.
  667.    6.
  672.    6.
  677.    6.
  682.    5.
  687.    6.
  692.    7.
  697.    8.
  702.    8.
  707.    9.
  712.   10.
  717.   10.
  722.   11.
  727.   12.
  732.   13.
  737.   13.
  742.   14.
  747.   15.
  752.   16.
  757.   17.
  762.   18.
  767.   19.
  772.   20.
  777.   21.
  782.   23.
  787.   25.
  792.   28.
  797.   30.
  802.   32.
  807.   35.
  812.   37.
  817.   40.
  822.   43.
  827.   47.
  832.   50.
  837.   55.
  842.   60.
  847.   66.
  852.   72.
  857.   79.
  862.   88.
  867.   91.
  872.  100.
  877.  108.
  882.  117.
  887.  121.
  892.  136.
  897.  148.
  902.  160.
  907.  174.
  912.  187.
  917.  203.
  922.  213.
  927.  238.
  932.  257.
  937.  273.
  942.  299.
  947.  325.
  952.  349.
  957.  384.
  962.  413.
  967.  448.
  972.  485.
  977.  527.
  982.  569.
  987.  617.
  992.  666.
  997.  721.
 1002.  787.
 1007.  855.
 1012.  929.
 1017. 1010.
 1022. 1099.
 1027. 1199.
 1032. 1297.
 1037. 1416.
 1042. 1532.
 1047. 1670.
 1052. 1811.
 1057. 1969.
 1062. 2144.
  84 276.4
  170. 3627.
 1843.    1.
 1848.    1.
 1853.    2.
 1858.    3.
 1863.    4.
 1868.    4.
 1873.    4.
 1878.    5.
 1883.    5.
 1888.    6.
 1893.    6.
 1898.    7.
 1903.    8.
 1908.    8.
 1913.    9.
 1918.   10.
 1923.   10.
 1928.   11.
 1933.   11.
 1938.   13.
 1943.   13.
 1948.   16.
 1953.   17.
 1958.   18.
 1963.   19.
 1968.   20.
 1973.   21.
 1978.   22.
 1983.   23.
 1988.   24.
 1993.   26.
 1998.   28.
 2003.   32.
 2008.   36.
 2013.   40.
 2018.   43.
 2023.   48.
 2028.   52.
 2033.   57.
 2038.   62.
 2043.   67.
 2048.   73.
 2053.   81.
 2058.   90.
 2063.   94.
 2068.  105.
 2073.  114.
 2078.  126.
 2083.  138.
 2088.  150.
 2093.  162.
 2098.  182.
 2103.  190.
 2108.  210.
 2113.  229.
 2118.  247.
 2123.  272.
 2128.  292.
 2133.  322.
 2138.  353.
 2143.  388.
 2148.  424.
 2153.  462.
 2158.  508.
 2163.  552.
 2168.  605.
 2173.  660.
 2178.  713.
 2183.  784.
 2188.  859.
 2193.  945.
 2198. 1030.
 2203. 1134.
 2208. 1231.
 2213. 1354.
 2218. 1480.
 2223. 1624.
 2228. 1778.
 2233. 1957.
 2238. 2142.
 2243. 2331.
 2248. 2576.
 2253. 2828.
 2258. 3137.
  79 276.0
  170. 3627.
 3040.    1.
 3045.    3.
 3050.    4.
 3055.    4.
 3060.    5.
 3065.    5.
 3070.    4.
 3075.    4.
 3080.    4.
 3085.    4.
 3090.    3.
 3095.    3.
 3100.    3.
 3105.    4.
 3110.    5.
 3115.    4.
 3120.    4.
 3125.    4.
 3130.    5.
 3135.    6.
 3140.    7.
 3145.    9.
 3150.   10.
 3155.   11.
 3160.   12.
 3165.   14.
 3170.   14.
 3175.   15.
 3180.   16.
 3185.   18.
 3190.   20.
 3195.   23.
 3200.   26.
 3205.   30.
 3210.   33.
 3215.   37.
 3220.   42.
 3225.   46.
 3230.   50.
 3235.   55.
 3240.   60.
 3245.   66.
 3250.   70.
 3255.   79.
 3260.   87.
 3265.   99.
 3270.  107.
 3275.  122.
 3280.  136.
 3285.  143.
 3290.  154.
 3295.  172.
 3300.  188.
 3305.  210.
 3310.  225.
 3315.  252.
 3320.  280.
 3325.  309.
 3330.  337.
 3335.  370.
 3340.  406.
 3345.  446.
 3350.  501.
 3355.  547.
 3360.  608.
 3365.  671.
 3370.  738.
 3375.  810.
 3380.  900.
 3385. 1004.
 3390. 1108.
 3395. 1220.
 3400. 1342.
 3405. 1486.
 3410. 1652.
 3415. 1829.
 3420. 2041.
 3425. 2261.
 3430. 2506.
