
  169. 3629.
   51.    2.0
 3680.   34.3
  475.  19 277
  480.  18 277
  485.  19 277
  490.  18 277
  495.  16 277
  500.  23 278
  505.  20 278
  510.  22 278
  515.  21 277
  520.  22 276
  525.  19 277
  530.  20 276
  535.  23 277
  540.  23 276
  545.  18 277
  550.  19 278
  555.  18 278
  560.  27 278
  565.  19 277
  570.  19 277
  575.  20 278
  580.  22 277
  585.  21 277
  590.  24 277
  595.  21 278
  600.  26 276
  605.  24 278
  610.  26 278
  615.  25 277
  620.  25 277
  625.  27 277
  630.  24 277
  635.  23 278
  640.  29 276
  645.  28 277
  650.  28 277
  655.  31 277
  660.  30 277
  665.  32 278
  670.  31 277
  675.  33 278
  680.  32 277
  685.  30 278
  690.  31 278
  695.  29 277
  700.  36 276
  705.  34 278
  710.  33 277
  715.  36 277
  720.  34 277
  725.  34 277
  730.  35 277
  735.  35 278
  740.  37 277
  745.  39 278
  750.  43 278
  755.  41 278
  760.  44 277
  765.  46 277
  770.  48 279
  775.  55 278
  780.  59 277
  785.  56 278
  790.  59 277
  795.  62 277
  800.  63 277
  805.  63 276
  810.  68 278
  815.  70 276
  820.  72 279
  825.  79 277
  830.  88 276
  835.  88 277
  840.  89 278
  845.  94 278
  850.  97 278
  855. 104 278
  860. 111 277
  865. 118 278
  870. 125 276
  875. 128 278
  880. 133 278
  885.-132 277
  890.-121 276
  895.-119 277
  900. -96 277
  905. -85 279
  910. -70 278
  915. -61 277
  920. -44 277
  925. -27 279
  930.  -1 277
  935.  14 278
  940.  39 278
  945.  61 277
  950.  88 278
  955. 117 279
  960.-126 279
  965. -93 278
  970. -63 279
  975. -20 278
  980.  22 277
  985.  65 277
  990. 118 280
  995.-111 280
 1000. -47 280
 1005.  19 280
 1010.  80 282
 1015.-105 279
 1020. -32 281
 1025.  65 281
 1030.-110 279
 1035.  -8 280
 1040. 113 281
 1045. -35 282
 1050.  91 282
 1055. -36 280
 1060.-159 285
 1065.  38 283
 1070. -62 284
 1075.-121 282
 1080. 105 277
 1085. 128 277
 9999. 999 999
  169. 3629.
   51.    2.0
 3680.   34.3
 1619.  17 276
 1624.  23 276
 1629.  20 277
 1634.  20 276
 1639.  26 277
 1644.  23 277
 1649.  27 276
 1654.  27 277
 1659.  24 276
 1664.  20 277
 1669.  17 276
 1674.  18 275
 1679.  20 276
 1684.  18 276
 1689.  24 276
 1694.  18 277
 1699.  23 276
 1704.  18 276
 1709.  19 277
 1714.  23 277
 1719.  17 277
 1724.  20 276
 1729.  23 276
 1734.  22 276
 1739.  26 277
 1744.  22 277
 1749.  20 277
 1754.  18 277
 1759.  20 277
 1764.  25 276
 1769.  19 276
 1774.  20 276
 1779.  22 276
 1784.  21 277
 1789.  21 276
 1794.  23 277
 1799.  18 275
 1804.  28 276
 1809.  20 277
 1814.  30 276
 1819.  26 277
 1824.  19 277
 1829.  27 277
 1834.  24 277
 1839.  23 278
 1844.  22 276
 1849.  21 276
 1854.  27 276
 1859.  21 276
 1864.  24 276
 1869.  22 277
 1874.  19 277
 1879.  23 276
 1884.  18 277
 1889.  20 277
 1894.  20 277
 1899.  22 277
 1904.  22 277
 1909.  27 276
 1914.  25 277
 1919.  27 277
 1924.  26 276
 1929.  20 276
 1934.  23 276
 1939.  27 277
 1944.  29 277
 1949.  31 276
 1954.  34 277
 1959.  39 277
 1964.  40 277
 1969.  39 278
 1974.  41 276
 1979.  39 276
 1984.  45 278
 1989.  47 277
 1994.  51 277
 1999.  51 278
 2004.  57 278
 2009.  59 277
 2014.  65 278
 2019.  67 276
 2024.  68 277
 2029.  72 277
 2034.  81 277
 2039.  84 278
 2044.  89 277
 2049.  97 277
 2054. 104 278
 2059. 114 277
 2064. 117 277
 2069. 127 278
 2074. 138 276
 2079.-129 277
 2084.-117 277
 2089.-100 278
 2094. -88 277
 2099. -76 276
 2104. -63 277
 2109. -41 277
 2114. -24 277
 2119.  -6 277
 2124.  23 276
 2129.  47 277
 2134.  72 278
 2139. 104 278
 2144.-140 279
 2149. -99 277
 2154. -63 277
 2159. -22 278
 2164.  23 277
 2169.  76 279
 2174. 132 279
 2179. -84 279
 2184. -16 277
 2189.  58 278
 2194.-136 279
 2199. -50 282
 2204.  58 279
 2209.-123 280
 2214.  -2 279
 2219. 134 284
 2224. -10 280
 2229.-138 286
 2234.  56 283
 2239. -20 280
 2244. -37 264
 2249. 214 365
 2254.  32 307
 9999. 999 999
  169. 3629.
   51.    2.0
 3680.   34.3
 2762.   6 276
 2767.   9 276
 2772.   6 275
 2777.  14 277
 2782.  17 275
 2787.   9 275
 2792.  14 276
 2797.  12 276
 2802.  13 276
 2807.  18 277
 2812.  18 277
 2817.  12 276
 2822.  15 275
 2827.  16 277
 2832.  12 277
 2837.   8 277
 2842.  14 276
 2847.   9 277
 2852.   9 276
 2857.  18 275
 2862.  15 277
 2867.  17 276
 2872.  17 274
 2877.  19 276
 2882.  14 276
 2887.  13 276
 2892.  14 276
 2897.   8 276
 2902.   9 276
 2907.  10 276
 2912.  10 277
 2917.  13 276
 2922.  11 276
 2927.   8 277
 2932.  11 275
 2937.  11 277
 2942.  13 277
 2947.   9 276
 2952.   7 276
 2957.   8 276
 2962.  11 277
 2967.   1 277
 2972.   5 276
 2977.   5 277
 2982.   3 275
 2987.   3 275
 2992.   2 275
 2997.  -1 275
 3002.  -2 276
 3007.   2 276
 3012.   3 276
 3017.   4 276
 3022.   1 276
 3027.   8 275
 3032.   0 275
 3037.   1 276
 3042.  -1 276
 3047.   6 275
 3052.   6 276
 3057.   0 277
 3062.   0 275
 3067.   1 276
 3072.   3 276
 3077.   3 274
 3082.   3 275
 3087.   7 275
 3092.   9 275
 3097.   9 275
 3102.   7 276
 3107.   4 274
 3112.  13 275
 3117.   9 274
 3122.  11 275
 3127.  11 274
 3132.   9 275
 3137.  12 276
 3142.  16 276
 3147.  14 274
 3152.  14 276
 3157.  11 275
 3162.  14 275
 3167.  15 278
 3172.  14 275
 3177.  18 275
 3182.  20 275
 3187.  19 275
 3192.  22 275
 3197.  28 274
 3202.  30 275
 3207.  30 273
 3212.  34 275
 3217.  43 275
 3222.  46 276
 3227.  49 276
 3232.  61 276
 3237.  65 278
 3242.  70 277
 3247.  73 277
 3252.  83 277
 3257.  82 276
 3262.  99 277
 3267. 109 278
 3272. 118 278
 3277. 132 279
 3282.-136 279
 3287.-127 276
 3292.-110 277
 3297. -93 277
 3302. -75 275
 3307. -56 277
 3312. -37 276
 3317. -15 275
 3322.  11 276
 3327.  41 277
 3332.  72 280
 3337. 104 278
 3342.-132 277
 3347. -85 279
 3352. -38 277
 3357.  12 276
 3362.  70 277
 3367. 139 280
 3372. -77 279
 3377.   2 278
 3382.  97 279
 3387. -95 284
 3392.  17 278
 3397. 135 282
 3402. -12 278
 3407. 139 306
 3412.  20 279
 3417.-100 287
 3422. 271 182
 3427.  45 288
 3432.  35 279
 9999. 999 999
