
  169. 3631.
   51.   16.2
 3682.   15.3
  472.   2 277
  477.   9 277
  482.  10 276
  487.  11 277
  492.  13 277
  497.  16 277
  502.  11 277
  507.  14 276
  512.  15 277
  517.  14 278
  522.  12 278
  527.  13 277
  532.  17 277
  537.  15 277
  542.  14 277
  547.  13 277
  552.  17 277
  557.  15 277
  562.  13 277
  567.  12 277
  572.  13 277
  577.  13 277
  582.  13 278
  587.  11 278
  592.  11 277
  597.  10 277
  602.  13 277
  607.  15 277
  612.  13 278
  617.  15 278
  622.  12 277
  627.  17 277
  632.  11 277
  637.  16 277
  642.  13 277
  647.  16 277
  652.  14 278
  657.  16 276
  662.  15 278
  667.  15 277
  672.  14 278
  677.  14 276
  682.  16 277
  687.  21 276
  692.  20 278
  697.  16 279
  702.  13 278
  707.  14 277
  712.  13 277
  717.  17 277
  722.  11 277
  727.  14 278
  732.  17 277
  737.  17 277
  742.  15 277
  747.  15 276
  752.  16 277
  757.  17 277
  762.  18 276
  767.  24 277
  772.  20 277
  777.  22 277
  782.  20 277
  787.  21 277
  792.  21 277
  797.  18 277
  802.  19 277
  807.  20 278
  812.  18 277
  817.  20 277
  822.  23 278
  827.  23 277
  832.  27 278
  837.  18 275
  842.  22 278
  847.  19 277
  852.  17 277
  857.  21 277
  862.  20 278
  867.  18 277
  872.  11 275
  877.  15 277
  882.  17 277
  887.  11 277
  892.  13 277
  897.  18 276
  902.  12 276
  907.   8 277
  912.  15 277
  917.  11 276
  922.  14 277
  927.  10 277
  932.  16 277
  937.  16 276
  942.  13 278
  947.  14 277
  952.  10 277
  957.  14 277
  962.  12 277
  967.  14 277
  972.  11 277
  977.   9 277
  982.   5 277
  987.   8 277
  992.  11 276
  997.  13 277
 1002.   8 278
 1007.  16 277
 1012.  10 278
 1017.  11 277
 1022.   9 278
 1027.   8 278
 1032.   8 278
 1037.   9 277
 1042.   9 277
 1047.  11 277
 1052.   8 277
 1057.   9 277
 1062.   9 277
 1067.   9 277
 1072.   8 277
 1077.   6 276
 1082.   6 277
 1087.   5 277
 1092.   7 277
 1097.   4 276
 1102.   4 277
 1107.   6 278
 1112.   4 277
 1117.   5 277
 1122.   8 277
 1127.   7 278
 1132.   6 276
 1137.  13 277
 1142.   9 278
 1147.  11 276
 1152.   8 277
 1157.  13 277
 1162.  10 277
 1167.   7 277
 9999. 999 999
  169. 3631.
   51.   16.2
 3682.   15.3
 1617.   5 277
 1622.  11 278
 1627.  10 277
 1632.  11 277
 1637.  14 276
 1642.  17 277
 1647.  13 277
 1652.  15 276
 1657.  16 276
 1662.  14 276
 1667.  17 277
 1672.  14 276
 1677.  14 277
 1682.  14 277
 1687.  13 277
 1692.  15 277
 1697.  15 276
 1702.  16 277
 1707.  14 277
 1712.  14 278
 1717.  15 277
 1722.  16 277
 1727.  13 277
 1732.  14 276
 1737.  16 276
 1742.  12 277
 1747.  13 276
 1752.  13 276
 1757.  10 276
 1762.  12 276
 1767.  12 276
 1772.   9 277
 1777.  10 276
 1782.  14 277
 1787.  10 276
 1792.  13 275
 1797.  16 277
 1802.  12 276
 1807.  11 277
 1812.  16 275
 1817.   7 276
 1822.   8 276
 1827.  11 277
 1832.  13 276
 1837.  12 276
 1842.  15 276
 1847.  14 276
 1852.   6 276
 1857.  10 276
 1862.   5 277
 1867.   6 276
 1872.   5 276
 1877.   3 276
 1882.   2 276
 1887.   3 275
 1892.   2 276
 1897.   3 275
 1902.  -1 274
 1907.   1 276
 1912.   5 276
 1917.   4 276
 1922.  -1 276
 1927.   3 276
 1932.   1 275
 1937.   1 275
 1942.   8 276
 1947.   4 275
 1952.   7 275
 1957.   4 276
 1962.   6 277
 1967.   5 276
 1972.   5 276
 1977.   7 276
 1982.   3 276
 1987.  11 276
 1992.   8 276
 1997.   7 276
 2002.   9 275
 2007.  10 276
 2012.  11 276
 2017.  10 276
 2022.   7 276
 2027.   6 276
 2032.   5 277
 2037.  10 277
 2042.   5 276
 2047.  11 276
 2052.  14 276
 2057.  11 275
 2062.  10 276
 2067.   9 275
 2072.   7 276
 2077.   7 275
 2082.  11 276
 2087.   9 276
 2092.   8 276
 2097.   6 276
 2102.   6 276
 2107.   7 275
 2112.   9 276
 2117.   5 276
 2122.  10 276
 2127.  10 277
 2132.  11 276
 2137.   8 276
 2142.   8 276
 2147.   9 275
 2152.   9 276
 2157.   7 276
 2162.   7 276
 2167.   9 276
 2172.   8 276
 2177.  13 276
 2182.  13 276
 2187.  12 277
 2192.  10 277
 2197.   8 276
 2202.  10 276
 2207.   9 276
 2212.   7 276
 2217.   6 276
 2222.   5 277
 2227.   6 276
 2232.   7 277
 2237.   7 276
 2242.   9 277
 2247.   6 276
 2252.   9 277
 2257.  10 276
 2262.  10 276
 2267.   8 276
 2272.   7 276
 2277.  12 276
 2282.   8 277
 2287.   8 276
 2292.   9 277
 2297.   7 278
 2302.  12 276
 2307.   9 276
 2312.   9 277
 2317.   8 277
 2322.   7 277
 2327.  11 276
 9999. 999 999
  169. 3631.
   51.   16.2
 3682.   15.3
 2767.  23 276
 2772.  24 277
 2777.  20 277
 2782.  30 277
 2787.  30 276
 2792.  31 277
 2797.  26 277
 2802.  29 277
 2807.  22 276
 2812.  31 275
 2817.  29 276
 2822.  29 277
 2827.  23 277
 2832.  28 276
 2837.  28 276
 2842.  28 276
 2847.  28 276
 2852.  27 277
 2857.  32 276
 2862.  28 276
 2867.  31 276
 2872.  32 276
 2877.  29 276
 2882.  31 276
 2887.  26 276
 2892.  30 276
 2897.  27 276
 2902.  23 276
 2907.  23 276
 2912.  22 276
 2917.  20 276
 2922.  26 276
 2927.  24 275
 2932.  21 276
 2937.  17 276
 2942.  19 276
 2947.  16 276
 2952.  19 277
 2957.  18 276
 2962.  15 277
 2967.  17 277
 2972.  13 275
 2977.  16 277
 2982.  16 276
 2987.  14 276
 2992.  16 276
 2997.  15 276
 3002.  14 275
 3007.  14 276
 3012.  16 277
 3017.   9 276
 3022.  11 277
 3027.  14 277
 3032.  14 276
 3037.  15 276
 3042.  10 276
 3047.   8 276
 3052.  11 277
 3057.   9 276
 3062.   9 276
 3067.  10 277
 3072.   8 276
 3077.   7 277
 3082.  12 276
 3087.  15 275
 3092.  12 276
 3097.   9 277
 3102.   9 275
 3107.  10 276
 3112.  15 277
 3117.  14 276
 3122.  10 275
 3127.  15 276
 3132.  12 275
 3137.  16 276
 3142.  13 276
 3147.  14 276
 3152.  11 275
 3157.  10 277
 3162.  13 277
 3167.   9 276
 3172.  13 277
 3177.  10 276
 3182.  13 276
 3187.  14 276
 3192.  14 276
 3197.  13 276
 3202.  12 276
 3207.  15 276
 3212.  12 276
 3217.  15 276
 3222.  11 277
 3227.  13 276
 3232.  10 276
 3237.  14 276
 3242.  14 276
 3247.  13 276
 3252.  16 276
 3257.  20 276
 3262.  13 275
 3267.  15 276
 3272.  13 276
 3277.  14 275
 3282.  13 276
 3287.  17 276
 3292.  16 275
 3297.  15 276
 3302.  13 275
 3307.  16 277
 3312.  11 277
 3317.  11 275
 3322.   8 275
 3327.   9 275
 3332.  10 276
 3337.   5 276
 3342.  10 277
 3347.   7 276
 3352.   8 276
 3357.  10 277
 3362.   8 275
 3367.   5 276
 3372.   3 276
 3377.   1 276
 3382.  -1 276
 3387.   0 276
 3392.   0 277
 3397.   0 278
 3402.  -4 276
 3407.  -7 276
 3412.  -2 278
 3417.  -5 276
 3422.  -5 277
 3427.  -6 275
 3432.  -6 275
 3437.  -3 276
 3442.  -6 277
 3447.  -5 276
 3452.  -6 277
 3457.  -9 276
 3462.  -6 277
 3467.  -1 276
 9999. 999 999
