
  94 277.5
  169. 3629.
  615.    2.
  620.    1.
  625.    1.
  630.    1.
  635.    2.
  640.    2.
  645.    3.
  650.    4.
  655.    5.
  660.    6.
  665.    6.
  670.    5.
  675.    5.
  680.    5.
  685.    4.
  690.    5.
  695.    6.
  700.    6.
  705.    7.
  710.    8.
  715.    9.
  720.    9.
  725.   10.
  730.   10.
  735.   10.
  740.   11.
  745.   11.
  750.   12.
  755.   14.
  760.   15.
  765.   17.
  770.   19.
  775.   21.
  780.   23.
  785.   26.
  790.   28.
  795.   30.
  800.   31.
  805.   33.
  810.   36.
  815.   39.
  820.   42.
  825.   45.
  830.   49.
  835.   53.
  840.   57.
  845.   63.
  850.   68.
  855.   74.
  860.   81.
  865.   89.
  870.   96.
  875.  101.
  880.  107.
  885.  119.
  890.  130.
  895.  133.
  900.  156.
  905.  167.
  910.  183.
  915.  192.
  920.  208.
  925.  225.
  930.  250.
  935.  265.
  940.  290.
  945.  312.
  950.  340.
  955.  369.
  960.  404.
  965.  437.
  970.  468.
  975.  512.
  980.  555.
  985.  598.
  990.  651.
  995.  698.
 1000.  761.
 1005.  827.
 1010.  888.
 1015.  981.
 1020. 1055.
 1025. 1153.
 1030. 1255.
 1035. 1357.
 1040. 1478.
 1045. 1607.
 1050. 1733.
 1055. 1884.
 1060. 2039.
 1065. 2236.
 1070. 2414.
 1075. 2633.
 1080. 2860.
  82 276.9
  169. 3629.
 1844.    1.
 1849.    2.
 1854.    3.
 1859.    3.
 1864.    5.
 1869.    5.
 1874.    6.
 1879.    6.
 1884.    6.
 1889.    7.
 1894.    8.
 1899.    9.
 1904.   10.
 1909.   10.
 1914.   11.
 1919.   11.
 1924.   11.
 1929.   10.
 1934.   11.
 1939.   11.
 1944.   13.
 1949.   15.
 1954.   17.
 1959.   19.
 1964.   20.
 1969.   22.
 1974.   23.
 1979.   24.
 1984.   25.
 1989.   27.
 1994.   29.
 1999.   32.
 2004.   35.
 2009.   38.
 2014.   42.
 2019.   45.
 2024.   49.
 2029.   54.
 2034.   58.
 2039.   63.
 2044.   68.
 2049.   74.
 2054.   81.
 2059.   90.
 2064.   94.
 2069.  105.
 2074.  116.
 2079.  126.
 2084.  138.
 2089.  156.
 2094.  168.
 2099.  180.
 2104.  194.
 2109.  216.
 2114.  232.
 2119.  249.
 2124.  278.
 2129.  301.
 2134.  326.
 2139.  358.
 2144.  391.
 2149.  433.
 2154.  469.
 2159.  510.
 2164.  555.
 2169.  607.
 2174.  661.
 2179.  722.
 2184.  789.
 2189.  864.
 2194.  947.
 2199. 1034.
 2204. 1143.
 2209. 1239.
 2214. 1361.
 2219. 1498.
 2224. 1631.
 2229. 1779.
 2234. 1973.
 2239. 2173.
 2244. 2433.
 2249. 2683.
  82 276.1
  169. 3629.
 3007.    1.
 3012.    1.
 3017.    1.
 3022.    1.
 3027.    2.
 3032.    2.
 3037.    2.
 3042.    2.
 3047.    3.
 3052.    3.
 3057.    3.
 3062.    4.
 3067.    4.
 3072.    4.
 3077.    4.
 3082.    5.
 3087.    6.
 3092.    7.
 3097.    7.
 3102.    8.
 3107.    8.
 3112.    7.
 3117.    7.
 3122.    8.
 3127.    8.
 3132.    9.
 3137.   10.
 3142.   10.
 3147.   11.
 3152.   11.
 3157.   12.
 3162.   13.
 3167.   13.
 3172.   13.
 3177.   15.
 3182.   16.
 3187.   18.
 3192.   20.
 3197.   22.
 3202.   25.
 3207.   28.
 3212.   33.
 3217.   38.
 3222.   43.
 3227.   49.
 3232.   54.
 3237.   59.
 3242.   64.
 3247.   69.
 3252.   77.
 3257.   76.
 3262.   93.
 3267.  103.
 3272.  113.
 3277.  127.
 3282.  135.
 3287.  143.
 3292.  160.
 3297.  177.
 3302.  196.
 3307.  216.
 3312.  236.
 3317.  259.
 3322.  286.
 3327.  317.
 3332.  348.
 3337.  380.
 3342.  421.
 3347.  468.
 3352.  514.
 3357.  565.
 3362.  624.
 3367.  694.
 3372.  756.
 3377.  837.
 3382.  933.
 3387. 1017.
 3392. 1130.
 3397. 1250.
 3402. 1379.
 3407. 1531.
 3412. 1689.
