
  39  0.147480E+05
   1  6.0274  0.358   81351.   85123.   80095.
   2  6.0297  0.388   81640.   84894.   80453.
   3  6.0320  0.421   81876.   84664.   80813.
   4  6.0343  0.455   82067.   84434.   81172.
   5  6.0366  0.493   82241.   84204.   81530.
   6  6.0389  0.534   82376.   83974.   81889.
   7  6.0413  0.578   82480.   83776.   82247.
   8  6.0436  0.625   82558.   83623.   82605.
   9  6.0459  0.676   82616.   83509.   82961.
  10  6.0482  0.731   82666.   83430.   83319.
  11  6.0505  0.791   82711.   83395.   83675.
  12  6.0528  0.856   82761.   83401.   84020.
  13  6.0551  0.926   82809.   83448.   84386.
  14  6.0574  1.002   82854.   83528.   84768.
  15  6.0597  1.084   82900.   83642.   85158.
  16  6.0620  1.174   82949.   83786.   85552.
  17  6.0643  1.270   83008.   83961.   85940.
  18  6.0666  1.375   83082.   84169.   86320.
  19  6.0689  1.490   83165.   84404.   86687.
  20  6.0712  1.614   83267.   84655.   87035.
  21  6.0735  1.749   83382.   84910.   87365.
  22  6.0758  1.896   83511.   85164.   87673.
  23  6.0781  2.056   83651.   85410.   87961.
  24  6.0804  2.230   83802.   85648.   88230.
  25  6.0827  2.419   83952.   85874.   88477.
  26  6.0850  2.625   84108.   86093.   88705.
  27  6.0873  2.849   84269.   86305.   88914.
  28  6.0896  3.092   84433.   86515.   89102.
  29  6.0919  3.358   84602.   86722.   89272.
  30  6.0942  3.647   84773.   86934.   89437.
  31  6.0965  3.962   84950.   87145.   89602.
  32  6.0988  4.305   85129.   87357.   89766.
  33  6.1011  4.679   85311.   87568.   89930.
  34  6.1034  5.086   85496.   87779.   90095.
  35  6.1057  5.531   85682.   87990.   90260.
  36  6.1080  6.015   85872.   88201.   90423.
  37  6.1103  6.544   86063.   88411.   90587.
  38  6.1126  7.120   86257.   88622.   90750.
  39  6.1149  7.749   86452.   88832.   90915.
  40  0.147480E+05
   1  6.5757  0.350   79646.   86534.   78956.
   2  6.5780  0.382   80142.   86153.   79449.
   3  6.5803  0.418   80590.   85771.   79942.
   4  6.5826  0.456   80997.   85390.   80434.
   5  6.5849  0.498   81347.   85010.   80927.
   6  6.5872  0.543   81641.   84629.   81419.
   7  6.5895  0.593   81865.   84293.   81910.
   8  6.5918  0.646   82043.   83984.   82401.
   9  6.5941  0.704   82152.   83731.   82893.
  10  6.5964  0.767   82241.   83565.   83383.
  11  6.5987  0.836   82312.   83501.   83874.
  12  6.6010  0.911   82380.   83546.   84321.
  13  6.6034  0.992   82456.   83685.   84780.
  14  6.6057  1.081   82547.   83902.   85241.
  15  6.6080  1.179   82661.   84157.   85697.
  16  6.6103  1.286   82797.   84432.   86140.
  17  6.6126  1.404   82954.   84708.   86562.
  18  6.6149  1.533   83121.   84975.   86960.
  19  6.6172  1.674   83294.   85223.   87331.
  20  6.6195  1.828   83465.   85454.   87674.
  21  6.6218  1.997   83635.   85670.   87987.
  22  6.6241  2.182   83809.   85881.   88274.
  23  6.6264  2.385   83988.   86090.   88534.
  24  6.6287  2.607   84170.   86303.   88774.
  25  6.6310  2.851   84359.   86522.   88997.
  26  6.6333  3.119   84550.   86744.   89207.
  27  6.6356  3.412   84743.   86964.   89406.
  28  6.6379  3.735   84940.   87183.   89592.
  29  6.6402  4.088   85138.   87402.   89771.
  30  6.6425  4.476   85339.   87617.   89937.
  31  6.6448  4.903   85541.   87834.   90114.
  32  6.6471  5.371   85746.   88050.   90291.
  33  6.6494  5.886   85950.   88268.   90469.
  34  6.6517  6.451   86158.   88484.   90646.
  35  6.6540  7.073   86366.   88699.   90822.
  36  6.6563  7.757   86577.   88916.   90998.
  37  6.6586  8.508   86787.   89131.   91174.
  38  6.6609  9.336   86999.   89348.   91352.
  39  6.6632 10.246   87212.   89563.   91527.
  40  6.6655 11.247   87426.   89778.   91704.
  34  0.147480E+05
   1  7.1291  0.355   87294.   86732.   81245.
   2  7.1314  0.391   87214.   86438.   81819.
   3  7.1337  0.430   87147.   86143.   82391.
   4  7.1360  0.474   87065.   85850.   82963.
   5  7.1383  0.521   86937.   85555.   83535.
   6  7.1406  0.573   86779.   85262.   84107.
   7  7.1429  0.630   86602.   85045.   84678.
   8  7.1452  0.692   86406.   84899.   85248.
   9  7.1475  0.761   86222.   84857.   85819.
  10  7.1498  0.836   86058.   84933.   86388.
  11  7.1521  0.918   85928.   85108.   86959.
  12  7.1544  1.010   85834.   85368.   87475.
  13  7.1567  1.111   85795.   85688.   88001.
  14  7.1590  1.223   85800.   86037.   88526.
  15  7.1613  1.347   85844.   86407.   89044.
  16  7.1636  1.483   85916.   86783.   89544.
  17  7.1659  1.635   86014.   87150.   90016.
  18  7.1682  1.803   86130.   87502.   90463.
  19  7.1705  1.988   86258.   87845.   90881.
  20  7.1728  2.194   86424.   88177.   91268.
  21  7.1751  2.423   86603.   88505.   91621.
  22  7.1774  2.676   86794.   88828.   91939.
  23  7.1797  2.956   86997.   89147.   92224.
  24  7.1820  3.267   87208.   89461.   92476.
  25  7.1843  3.612   87429.   89764.   92716.
  26  7.1866  3.995   87658.   90066.   92958.
  27  7.1889  4.421   87893.   90368.   93198.
  28  7.1912  4.893   88138.   90670.   93439.
  29  7.1935  5.419   88387.   90972.   93679.
  30  7.1958  6.002   88643.   91273.   93919.
  31  7.1981  6.651   88903.   91575.   94159.
  32  7.2004  7.373   89167.   91876.   94399.
  33  7.2027  8.176   89438.   92178.   94639.
  34  7.2050  9.070   89710.   92479.   94878.
