
  168. 3629.
   51.   21.3
 3680.   17.7
  472.  21 277
  477.  24 278
  482.  23 276
  487.  25 277
  492.  29 277
  497.  29 277
  502.  33 277
  507.  32 278
  512.  38 277
  517.  40 277
  522.  42 277
  527.  46 276
  532.  49 277
  537.  55 276
  542.  55 277
  547.  56 278
  552.  58 278
  557.  67 278
  562.  67 278
  567.  69 278
  572.  74 278
  577.  77 279
  582.  81 277
  587.  84 279
  592.  85 277
  597.  95 277
  602.  94 279
  607. 101 278
  612. 108 279
  617. 108 278
  622. 113 279
  627. 118 277
  632. 124 279
  637. 127 277
  642. 133 279
  647. 138 279
  652.-132 278
  657.-134 280
  662.-125 279
  667.-118 279
  672.-113 278
  677.-109 279
  682. -99 278
  687. -93 278
  692. -85 278
  697. -78 279
  702. -70 277
  707. -66 278
  712. -58 278
  717. -52 280
  722. -45 278
  727. -37 278
  732. -26 277
  737. -19 277
  742.  -5 277
  747.  -2 277
  752.   9 277
  757.  22 277
  762.  32 277
  767.  46 277
  772.  52 278
  777.  68 279
  782.  76 277
  787.  88 278
  792. 101 280
  797. 113 280
  802. 127 278
  807.-139 278
  812.-124 279
  817.-109 278
  822. -92 278
  827. -75 279
  832. -57 278
  837. -43 278
  842. -20 278
  847.  -5 277
  852.  14 277
  857.  34 277
  862.  55 277
  867.  75 278
  872.  97 279
  877. 117 278
  882.-136 279
  887.-107 278
  892. -76 278
  897. -48 278
  902. -18 276
  907.  12 278
  912.  46 279
  917.  79 279
  922. 110 279
  927.-129 279
  932. -92 279
  937. -54 279
  942.  -7 276
  947.  36 277
  952.  84 279
  957. 126 281
  962.-103 281
  967. -47 279
  972.   9 276
  977.  64 278
  982. 119 279
  987. -90 278
  992. -30 276
  997.  42 278
 1002. 114 281
 1007. -90 281
 1012.  -2 277
 1017.  82 282
 1022.-105 279
 1027. -11 276
 1032.  90 280
 1037. -83 281
 1042.  18 280
 1047. 129 281
 1052. -22 282
 1057. 105 283
 1062. -36 280
 1067.  98 282
 1072. -27 277
 1077. 118 288
 1082.  10 283
 1087. -90 280
 1092. 144 316
 1097.  15 280
 1102. -26 277
 1107.-194 310
 1112.-150 238
 1117. -64 215
 1122.  62 279
 9999. 999 999
  168. 3629.
   51.   21.3
 3680.   17.7
 1616.   3 275
 1621.  11 276
 1626.  11 277
 1631.  11 276
 1636.  11 277
 1641.  13 277
 1646.   9 276
 1651.  17 277
 1656.  13 275
 1661.  16 275
 1666.  20 277
 1671.  21 277
 1676.  20 277
 1681.  18 275
 1686.  25 275
 1691.  29 276
 1696.  26 277
 1701.  28 277
 1706.  27 276
 1711.  26 277
 1716.  33 275
 1721.  31 276
 1726.  34 277
 1731.  36 276
 1736.  43 277
 1741.  45 278
 1746.  44 277
 1751.  43 277
 1756.  45 277
 1761.  44 275
 1766.  53 277
 1771.  55 278
 1776.  53 277
 1781.  52 277
 1786.  61 277
 1791.  67 277
 1796.  65 275
 1801.  70 276
 1806.  68 278
 1811.  73 278
 1816.  76 276
 1821.  82 277
 1826.  82 276
 1831.  87 276
 1836.  88 277
 1841.  93 277
 1846.  94 278
 1851. 105 278
 1856. 105 275
 1861. 107 279
 1866. 110 278
 1871. 114 277
 1876. 116 277
 1881. 120 277
 1886. 122 276
 1891. 136 279
 1896. 131 278
 1901.-136 277
 1906.-135 278
 1911.-127 278
 1916.-121 278
 1921.-115 278
 1926.-110 277
 1931. -95 278
 1936. -95 277
 1941. -88 276
 1946. -74 275
 1951. -67 277
 1956. -60 276
 1961. -49 278
 1966. -43 277
 1971. -35 277
 1976. -24 276
 1981. -16 276
 1986.  -8 277
 1991.   6 276
 1996.  22 278
 2001.  29 277
 2006.  51 278
 2011.  62 278
 2016.  75 279
 2021.  90 278
 2026. 105 280
 2031. 119 278
 2036. 132 277
 2041.-126 278
 2046.-109 276
 2051. -87 279
 2056. -66 277
 2061. -47 276
 2066. -24 277
 2071.  -1 276
 2076.  21 276
 2081.  48 278
 2086.  74 277
 2091. 107 279
 2096. 134 277
 2101.-113 277
 2106. -77 277
 2111. -49 278
 2116. -11 277
 2121.  28 278
 2126.  66 278
 2131. 107 278
 2136.-130 280
 2141. -79 277
 2146. -34 277
 2151.  19 277
 2156.  76 279
 2161. 135 279
 2166. -83 278
 2171. -22 278
 2176.  51 278
 2181. 115 278
 2186. -85 279
 2191. -11 277
 2196.  75 282
 2201.-121 279
 2206. -25 278
 2211.  74 277
 2216. -94 280
 2221.  13 279
 2226.-140 278
 2231. -16 277
 2236. 110 279
 2241. -33 278
 2246.  83 307
 2251.  -7 277
 2256.-128 282
 2261.  57 279
 2266. -27 279
 2271.-157 294
 2276. 104 280
 2281.  55 278
 2286.  17 278
 2291.  13 271
 2296.-256 357
 2301.  34 271
 9999. 999 999
  168. 3629.
   51.   21.3
 3680.   17.7
 2763.  32 276
 2768.  36 277
 2773.  39 276
 2778.  38 276
 2783.  40 276
 2788.  39 277
 2793.  35 275
 2798.  40 277
 2803.  44 278
 2808.  42 276
 2813.  45 276
 2818.  45 277
 2823.  42 276
 2828.  38 276
 2833.  42 277
 2838.  46 277
 2843.  40 276
 2848.  46 277
 2853.  48 275
 2858.  48 277
 2863.  47 277
 2868.  54 277
 2873.  56 277
 2878.  48 276
 2883.  48 275
 2888.  47 277
 2893.  51 276
 2898.  50 276
 2903.  50 277
 2908.  54 278
 2913.  50 277
 2918.  52 275
 2923.  48 277
 2928.  48 275
 2933.  49 275
 2938.  50 275
 2943.  53 277
 2948.  55 278
 2953.  50 276
 2958.  52 277
 2963.  53 276
 2968.  55 278
 2973.  57 277
 2978.  55 276
 2983.  57 276
 2988.  57 276
 2993.  62 277
 2998.  63 277
 3003.  60 276
 3008.  64 276
 3013.  66 276
 3018.  67 276
 3023.  70 275
 3028.  67 276
 3033.  67 275
 3038.  72 276
 3043.  76 276
 3048.  78 277
 3053.  76 276
 3058.  85 277
 3063.  81 275
 3068.  88 278
 3073.  93 277
 3078.  91 277
 3083.  99 277
 3088. 100 277
 3093. 109 278
 3098. 108 277
 3103. 110 275
 3108. 117 277
 3113. 118 277
 3118. 123 277
 3123. 129 278
 3128. 132 277
 3133. 132 276
 3138. 140 276
 3143.-127 277
 3148.-125 278
 3153.-119 277
 3158.-118 278
 3163.-113 278
 3168.-104 278
 3173. -96 279
 3178. -88 276
 3183. -83 277
 3188. -64 277
 3193. -59 277
 3198. -46 277
 3203. -40 277
 3208. -29 277
 3213. -24 275
 3218.  -8 276
 3223.   6 277
 3228.  14 277
 3233.  29 277
 3238.  46 276
 3243.  55 276
 3248.  75 275
 3253.  93 277
 3258. 108 278
 3263. 123 276
 3268.-129 277
 3273.-106 276
 3278. -85 276
 3283. -62 276
 3288. -44 277
 3293. -18 277
 3298.   8 278
 3303.  32 276
 3308.  72 278
 3313. 100 277
 3318. 131 277
 3323.-109 275
 3328. -75 276
 3333. -35 277
 3338.   8 276
 3343.  53 278
 3348. 103 277
 3353.-125 277
 3358. -69 277
 3363. -13 277
 3368.  47 277
 3373. 111 280
 3378. -98 278
 3383. -29 279
 3388.  52 279
 3393. 134 284
 3398. -50 279
 3403.  36 277
 3408.-133 283
 3413. -32 280
 3418.  82 278
 3423. -78 282
 3428.  58 284
 3433. -75 282
 3438.  64 282
 3443. -66 298
 3448. 125 284
 3453.  43 278
 3458. -59 281
 3463. -97 294
 9999. 999 999
