
 122 278.0
  168. 3629.
  482.    1.
  487.    1.
  492.    2.
  497.    3.
  502.    5.
  507.    8.
  512.   10.
  517.   13.
  522.   16.
  527.   19.
  532.   22.
  537.   25.
  542.   27.
  547.   30.
  552.   33.
  557.   37.
  562.   40.
  567.   43.
  572.   48.
  577.   52.
  582.   55.
  587.   59.
  592.   63.
  597.   67.
  602.   71.
  607.   75.
  612.   79.
  617.   83.
  622.   87.
  627.   92.
  632.   96.
  637.  100.
  642.  106.
  647.  110.
  652.  118.
  657.  116.
  662.  125.
  667.  132.
  672.  137.
  677.  140.
  682.  149.
  687.  155.
  692.  163.
  697.  170.
  702.  180.
  707.  185.
  712.  194.
  717.  199.
  722.  206.
  727.  213.
  732.  224.
  737.  231.
  742.  244.
  747.  247.
  752.  258.
  757.  269.
  762.  278.
  767.  291.
  772.  296.
  777.  312.
  782.  320.
  787.  333.
  792.  346.
  797.  358.
  802.  373.
  807.  385.
  812.  399.
  817.  413.
  822.  429.
  827.  446.
  832.  464.
  837.  478.
  842.  503.
  847.  519.
  852.  537.
  857.  558.
  862.  581.
  867.  601.
  872.  624.
  877.  646.
  882.  672.
  887.  699.
  892.  731.
  897.  761.
  902.  790.
  907.  820.
  912.  855.
  917.  889.
  922.  918.
  927.  957.
  932.  993.
  937. 1031.
  942. 1078.
  947. 1122.
  952. 1171.
  957. 1212.
  962. 1262.
  967. 1318.
  972. 1376.
  977. 1432.
  982. 1487.
  987. 1556.
  992. 1616.
  997. 1686.
 1002. 1758.
 1007. 1832.
 1012. 1920.
 1017. 2004.
 1022. 2097.
 1027. 2191.
 1032. 2293.
 1037. 2397.
 1042. 2498.
 1047. 2609.
 1052. 2736.
 1057. 2863.
 1062. 3001.
 1067. 3135.
 1072. 3289.
 1077. 3434.
 1082. 3605.
 1087. 3783.
 134 277.2
  168. 3629.
 1636.    1.
 1641.    1.
 1646.    1.
 1651.    2.
 1656.    3.
 1661.    4.
 1666.    6.
 1671.    8.
 1676.   10.
 1681.   11.
 1686.   13.
 1691.   14.
 1696.   15.
 1701.   16.
 1706.   17.
 1711.   18.
 1716.   19.
 1721.   21.
 1726.   24.
 1731.   27.
 1736.   29.
 1741.   31.
 1746.   34.
 1751.   37.
 1756.   38.
 1761.   40.
 1766.   41.
 1771.   44.
 1776.   47.
 1781.   49.
 1786.   51.
 1791.   54.
 1796.   56.
 1801.   59.
 1806.   63.
 1811.   66.
 1816.   68.
 1821.   71.
 1826.   74.
 1831.   78.
 1836.   82.
 1841.   85.
 1846.   90.
 1851.   94.
 1856.   99.
 1861.  104.
 1866.  107.
 1871.  113.
 1876.  116.
 1881.  120.
 1886.  123.
 1891.  137.
 1896.  133.
 1901.  143.
 1906.  143.
 1911.  152.
 1916.  157.
 1921.  163.
 1926.  169.
 1931.  183.
 1936.  182.
 1941.  189.
 1946.  202.
 1951.  208.
 1956.  215.
 1961.  226.
 1966.  232.
 1971.  240.
 1976.  251.
 1981.  258.
 1986.  266.
 1991.  279.
 1996.  294.
 2001.  301.
 2006.  322.
 2011.  333.
 2016.  347.
 2021.  363.
 2026.  378.
 2031.  393.
 2036.  405.
 2041.  423.
 2046.  439.
 2051.  461.
 2056.  481.
 2061.  501.
 2066.  525.
 2071.  548.
 2076.  570.
 2081.  597.
 2086.  624.
 2091.  657.
 2096.  685.
 2101.  715.
 2106.  751.
 2111.  779.
 2116.  816.
 2121.  854.
 2126.  892.
 2131.  933.
 2136.  973.
 2141. 1024.
 2146. 1070.
 2151. 1123.
 2156. 1180.
 2161. 1239.
 2166. 1298.
 2171. 1358.
 2176. 1430.
 2181. 1493.
 2186. 1571.
 2191. 1645.
 2196. 1732.
 2201. 1814.
 2206. 1911.
 2211. 2010.
 2216. 2120.
 2221. 2228.
 2226. 2352.
 2231. 2476.
 2236. 2601.
 2241. 2735.
 2246. 2850.
 2251. 3037.
 2256. 3193.
 2261. 3378.
 2266. 3571.
 2271. 3718.
 2276. 3979.
 2281. 4208.
 2286. 4447.
 2291. 4720.
 2296. 5005.
 2301. 5295.
 140 276.7
  168. 3629.
 2768.    7.
 2773.    4.
 2778.    2.
 2783.    1.
 2788.    1.
 2793.    2.
 2798.    4.
 2803.    4.
 2808.    4.
 2813.    5.
 2818.    6.
 2823.    6.
 2828.    6.
 2833.    6.
 2838.    6.
 2843.    6.
 2848.    7.
 2853.    9.
 2858.   10.
 2863.   10.
 2868.   10.
 2873.   11.
 2878.   11.
 2883.   12.
 2888.   13.
 2893.   14.
 2898.   15.
 2903.   16.
 2908.   17.
 2913.   18.
 2918.   18.
 2923.   19.
 2928.   20.
 2933.   20.
 2938.   21.
 2943.   23.
 2948.   24.
 2953.   26.
 2958.   27.
 2963.   28.
 2968.   29.
 2973.   30.
 2978.   31.
 2983.   33.
 2988.   34.
 2993.   36.
 2998.   38.
 3003.   39.
 3008.   41.
 3013.   42.
 3018.   44.
 3023.   45.
 3028.   47.
 3033.   49.
 3038.   51.
 3043.   53.
 3048.   57.
 3053.   59.
 3058.   63.
 3063.   66.
 3068.   69.
 3073.   72.
 3078.   75.
 3083.   78.
 3088.   81.
 3093.   85.
 3098.   88.
 3103.   92.
 3108.   95.
 3113.   97.
 3118.  101.
 3123.  107.
 3128.  109.
 3133.  109.
 3138.  117.
 3143.  127.
 3148.  130.
 3153.  136.
 3158.  138.
 3163.  143.
 3168.  152.
 3173.  160.
 3178.  167.
 3183.  172.
 3188.  191.
 3193.  195.
 3198.  208.
 3203.  214.
 3208.  225.
 3213.  230.
 3218.  247.
 3223.  261.
 3228.  269.
 3233.  284.
 3238.  301.
 3243.  309.
 3248.  327.
 3253.  345.
 3258.  360.
 3263.  375.
 3268.  401.
 3273.  424.
 3278.  445.
 3283.  468.
 3288.  485.
 3293.  511.
 3298.  537.
 3303.  562.
 3308.  603.
 3313.  633.
 3318.  665.
 3323.  702.
 3328.  737.
 3333.  778.
 3338.  821.
 3343.  866.
 3348.  916.
 3353.  964.
 3358. 1021.
 3363. 1078.
 3368. 1140.
 3373. 1206.
 3378. 1275.
 3383. 1345.
 3388. 1427.
 3393. 1510.
 3398. 1603.
 3403. 1690.
 3408. 1799.
 3413. 1901.
 3418. 2015.
 3423. 2131.
 3428. 2268.
 3433. 2411.
 3438. 2550.
 3443. 2697.
 3448. 2889.
 3453. 3084.
 3458. 3258.
 3463. 3495.
