
  98  0.245900E+05
   1  6.4620  0.357   53752.   52670.   56349.
   2  6.4643  0.368   53728.   52795.   56030.
   3  6.4666  0.380   53703.   52920.   55711.
   4  6.4689  0.393   53679.   53045.   55392.
   5  6.4712  0.406   53657.   53170.   55074.
   6  6.4735  0.419   53639.   53294.   54755.
   7  6.4758  0.433   53630.   53400.   54437.
   8  6.4781  0.447   53625.   53494.   54120.
   9  6.4804  0.462   53628.   53557.   53802.
  10  6.4827  0.477   53634.   53574.   53485.
  11  6.4850  0.493   53639.   53546.   53168.
  12  6.4873  0.509   53644.   53453.   53021.
  13  6.4896  0.526   53640.   53315.   52974.
  14  6.4919  0.543   53627.   53142.   53040.
  15  6.4942  0.561   53608.   52967.   53234.
  16  6.4965  0.579   53587.   52813.   53566.
  17  6.4988  0.598   53550.   52700.   54043.
  18  6.5012  0.618   53514.   52642.   54662.
  19  6.5035  0.638   53474.   52644.   55416.
  20  6.5058  0.658   53443.   52698.   56293.
  21  6.5081  0.680   53417.   52809.   57277.
  22  6.5104  0.702   53398.   52984.   58353.
  23  6.5127  0.725   53386.   53198.   59498.
  24  6.5150  0.749   53383.   53445.   60691.
  25  6.5173  0.774   53382.   53713.   61908.
  26  6.5196  0.799   53394.   54007.   63127.
  27  6.5219  0.826   53419.   54330.   64326.
  28  6.5242  0.854   53452.   54686.   65488.
  29  6.5265  0.883   53495.   55077.   66597.
  30  6.5288  0.914   53549.   55504.   67643.
  31  6.5311  0.945   53613.   55963.   68619.
  32  6.5334  0.978   53692.   56459.   69520.
  33  6.5357  1.013   53787.   56990.   70346.
  34  6.5380  1.049   53897.   57548.   71098.
  35  6.5403  1.086   54022.   58119.   71779.
  36  6.5426  1.126   54167.   58691.   72394.
  37  6.5449  1.167   54328.   59253.   72947.
  38  6.5472  1.211   54500.   59797.   73445.
  39  6.5495  1.256   54688.   60320.   73892.
  40  6.5518  1.304   54885.   60820.   74293.
  41  6.5541  1.354   55091.   61300.   74655.
  42  6.5564  1.406   55306.   61765.   74984.
  43  6.5587  1.460   55529.   62235.   75285.
  44  6.5610  1.517   55761.   62707.   75564.
  45  6.5633  1.577   56001.   63194.   75827.
  46  6.5656  1.640   56251.   63691.   76078.
  47  6.5679  1.705   56509.   64195.   76323.
  48  6.5702  1.774   56782.   64703.   76564.
  49  6.5725  1.847   57064.   65209.   76807.
  50  6.5748  1.923   57358.   65703.   77055.
  51  6.5771  2.002   57659.   66186.   77310.
  52  6.5794  2.086   57968.   66648.   77575.
  53  6.5817  2.174   58283.   67080.   77850.
  54  6.5840  2.266   58604.   67495.   78139.
  55  6.5863  2.362   58927.   67893.   78441.
  56  6.5886  2.464   59259.   68282.   78758.
  57  6.5909  2.570   59591.   68670.   79093.
  58  6.5932  2.682   59924.   69063.   79444.
  59  6.5955  2.799   60262.   69467.   79815.
  60  6.5978  2.921   60603.   69889.   80205.
  61  6.6001  3.050   60950.   70330.   80613.
  62  6.6024  3.186   61303.   70793.   81040.
  63  6.6047  3.329   61664.   71270.   81485.
  64  6.6070  3.480   62032.   71753.   81945.
  65  6.6093  3.638   62409.   72233.   82421.
  66  6.6116  3.805   62795.   72704.   82911.
  67  6.6139  3.981   63185.   73165.   83415.
  68  6.6162  4.166   63581.   73615.   83932.
  69  6.6185  4.361   63980.   74057.   84462.
  70  6.6208  4.566   64379.   74497.   85006.
  71  6.6231  4.783   64783.   74944.   85563.
  72  6.6254  5.011   65190.   75405.   86135.
  73  6.6278  5.251   65602.   75883.   86720.
  74  6.6301  5.505   66020.   76380.   87317.
  75  6.6324  5.772   66445.   76897.   87924.
  76  6.6347  6.056   66879.   77429.   88540.
  77  6.6370  6.355   67320.   77973.   89160.
  78  6.6393  6.671   67768.   78526.   89783.
  79  6.6416  7.006   68224.   79094.   90403.
  80  6.6439  7.360   68688.   79673.   91018.
  81  6.6462  7.736   69159.   80259.   91623.
  82  6.6485  8.133   69638.   80853.   92217.
  83  6.6508  8.553   70124.   81451.   92796.
  84  6.6531  9.000   70625.   82050.   93357.
  85  6.6554  9.474   71134.   82650.   93891.
  86  6.6577  9.977   71649.   83247.   94396.
  87  6.6600 10.510   72171.   83839.   94865.
  88  6.6623 11.076   72699.   84425.   95299.
  89  6.6646 11.677   73234.   85002.   95731.
  90  6.6669 12.315   73774.   85578.   96163.
  91  6.6692 12.993   74320.   86154.   96595.
  92  6.6715 13.713   74872.   86730.   97027.
  93  6.6738 14.479   75428.   87305.   97458.
  94  6.6761 15.293   75990.   87880.   97889.
  95  6.6784 16.160   76557.   88455.   98320.
  96  6.6807 17.081   77129.   89029.   98750.
  97  6.6830 18.063   77705.   89603.   99180.
  98  6.6853 19.107   78285.   90176.   99610.
  72  0.245900E+05
   1  7.0568  0.359   59399.   55445.   75909.
   2  7.0591  0.373   59286.   56035.   76454.
   3  7.0614  0.387   59184.   56624.   76998.
   4  7.0637  0.402   59099.   57214.   77541.
   5  7.0660  0.417   59029.   57802.   78085.
   6  7.0683  0.433   58981.   58391.   78627.
   7  7.0706  0.450   58965.   59019.   79170.
   8  7.0729  0.468   58980.   59744.   79712.
   9  7.0752  0.487   59014.   60561.   80254.
  10  7.0775  0.507   59076.   61459.   80796.
  11  7.0798  0.529   59173.   62415.   81337.
  12  7.0821  0.551   59310.   63413.   81679.
  13  7.0844  0.575   59491.   64428.   81921.
  14  7.0867  0.600   59709.   65433.   82054.
  15  7.0890  0.627   59961.   66382.   82071.
  16  7.0913  0.656   60244.   67247.   81968.
  17  7.0936  0.686   60557.   68005.   81746.
  18  7.0959  0.718   60880.   68659.   81426.
  19  7.0982  0.752   61216.   69217.   81033.
  20  7.1005  0.788   61552.   69682.   80596.
  21  7.1028  0.825   61893.   70068.   80144.
  22  7.1051  0.865   62234.   70392.   79708.
  23  7.1074  0.906   62580.   70675.   79317.
  24  7.1097  0.950   62923.   70927.   78997.
  25  7.1120  0.996   63260.   71161.   78768.
  26  7.1144  1.045   63594.   71381.   78643.
  27  7.1167  1.095   63923.   71598.   78630.
  28  7.1190  1.149   64245.   71824.   78731.
  29  7.1213  1.205   64566.   72069.   78940.
  30  7.1236  1.265   64886.   72334.   79249.
  31  7.1259  1.327   65204.   72621.   79644.
  32  7.1282  1.393   65525.   72933.   80109.
  33  7.1305  1.463   65852.   73264.   80629.
  34  7.1328  1.536   66180.   73611.   81187.
  35  7.1351  1.614   66508.   73981.   81770.
  36  7.1374  1.696   66841.   74380.   82363.
  37  7.1397  1.783   67178.   74805.   82957.
  38  7.1420  1.874   67518.   75253.   83543.
  39  7.1443  1.971   67863.   75724.   84115.
  40  7.1466  2.073   68222.   76210.   84668.
  41  7.1489  2.182   68594.   76700.   85202.
  42  7.1512  2.298   68977.   77191.   85715.
  43  7.1535  2.420   69366.   77670.   86208.
  44  7.1558  2.550   69758.   78132.   86686.
  45  7.1581  2.688   70155.   78574.   87149.
  46  7.1604  2.834   70556.   79005.   87603.
  47  7.1627  2.988   70960.   79434.   88050.
  48  7.1650  3.152   71362.   79868.   88495.
  49  7.1673  3.326   71770.   80308.   88939.
  50  7.1696  3.510   72181.   80754.   89386.
  51  7.1719  3.706   72600.   81208.   89837.
  52  7.1742  3.915   73023.   81671.   90291.
  53  7.1765  4.136   73453.   82147.   90750.
  54  7.1788  4.372   73884.   82629.   91213.
  55  7.1811  4.622   74319.   83116.   91678.
  56  7.1834  4.888   74761.   83605.   92144.
  57  7.1857  5.172   75207.   84098.   92611.
  58  7.1880  5.474   75663.   84592.   93072.
  59  7.1903  5.796   76123.   85090.   93520.
  60  7.1926  6.139   76588.   85586.   93950.
  61  7.1949  6.504   77056.   86078.   94356.
  62  7.1972  6.893   77528.   86567.   94734.
  63  7.1995  7.309   78003.   87050.   95116.
  64  7.2018  7.752   78482.   87534.   95498.
  65  7.2041  8.224   78964.   88017.   95880.
  66  7.2064  8.729   79449.   88500.   96262.
  67  7.2087  9.267   79938.   88982.   96643.
  68  7.2110  9.843   80429.   89464.   97024.
  69  7.2133 10.457   80922.   89946.   97405.
  70  7.2156 11.114   81418.   90427.   97786.
  71  7.2179 11.816   81917.   90909.   98166.
  72  7.2202 12.567   82417.   91390.   98547.
