
  30  0.594681E+04
   1  5.9736  0.357   22886.   23800.   23204.
   2  5.9782  0.399   22966.   23765.   23279.
   3  5.9828  0.445   23048.   23731.   23353.
   4  5.9874  0.497   23125.   23696.   23428.
   5  5.9920  0.555   23188.   23662.   23503.
   6  5.9966  0.619   23233.   23628.   23577.
   7  6.0012  0.691   23265.   23611.   23651.
   8  6.0058  0.770   23289.   23600.   23725.
   9  6.0104  0.859   23312.   23602.   23799.
  10  6.0150  0.959   23338.   23622.   23873.
  11  6.0196  1.071   23369.   23658.   23947.
  12  6.0242  1.196   23402.   23704.   24018.
  13  6.0288  1.336   23436.   23754.   24093.
  14  6.0334  1.492   23471.   23803.   24173.
  15  6.0380  1.668   23511.   23851.   24255.
  16  6.0426  1.866   23552.   23896.   24339.
  17  6.0472  2.087   23590.   23942.   24422.
  18  6.0518  2.335   23629.   23991.   24502.
  19  6.0564  2.613   23669.   24044.   24579.
  20  6.0610  2.924   23708.   24102.   24651.
  21  6.0657  3.275   23749.   24165.   24726.
  22  6.0703  3.668   23794.   24234.   24800.
  23  6.0749  4.112   23844.   24308.   24874.
  24  6.0795  4.611   23899.   24386.   24949.
  25  6.0841  5.173   23956.   24466.   25023.
  26  6.0887  5.806   24016.   24546.   25097.
  27  6.0933  6.520   24078.   24627.   25171.
  28  6.0979  7.325   24141.   24707.   25245.
  29  6.1025  8.233   24207.   24787.   25318.
  30  6.1071  9.258   24274.   24867.   25392.
  26  0.594681E+04
   1  6.5338  0.391   21799.   23378.   22151.
   2  6.5384  0.439   21941.   23333.   22298.
   3  6.5430  0.494   22076.   23287.   22445.
   4  6.5476  0.556   22207.   23241.   22591.
   5  6.5523  0.625   22325.   23196.   22737.
   6  6.5569  0.704   22424.   23150.   22883.
   7  6.5615  0.792   22503.   23116.   23029.
   8  6.5661  0.890   22561.   23078.   23174.
   9  6.5707  1.000   22606.   23048.   23320.
  10  6.5753  1.124   22643.   23036.   23465.
  11  6.5799  1.264   22679.   23048.   23610.
  12  6.5845  1.421   22712.   23086.   23752.
  13  6.5891  1.597   22746.   23153.   23902.
  14  6.5937  1.797   22787.   23243.   24057.
  15  6.5983  2.024   22838.   23353.   24213.
  16  6.6029  2.280   22895.   23479.   24366.
  17  6.6075  2.572   22963.   23616.   24535.
  18  6.6121  2.903   23045.   23762.   24704.
  19  6.6167  3.280   23133.   23912.   24873.
  20  6.6213  3.709   23230.   24062.   25041.
  21  6.6259  4.198   23333.   24213.   25209.
  22  6.6305  4.756   23441.   24361.   25377.
  23  6.6351  5.391   23554.   24509.   25544.
  24  6.6397  6.117   23671.   24657.   25712.
  25  6.6443  6.946   23792.   24804.   25879.
  26  6.6489  7.894   23917.   24951.   26046.
  24  0.594681E+04
   1  7.0886  0.391   20775.   21219.   20760.
   2  7.0932  0.441   20882.   21212.   21026.
   3  7.0978  0.496   20955.   21205.   21291.
   4  7.1024  0.557   20984.   21199.   21556.
   5  7.1070  0.626   20990.   21192.   21820.
   6  7.1116  0.702   20981.   21186.   22084.
   7  7.1162  0.788   20976.   21213.   22348.
   8  7.1208  0.884   20984.   21306.   22611.
   9  7.1254  0.994   21008.   21460.   22874.
  10  7.1300  1.119   21057.   21655.   23137.
  11  7.1346  1.262   21130.   21879.   23399.
  12  7.1392  1.425   21226.   22116.   23632.
  13  7.1438  1.612   21343.   22358.   23863.
  14  7.1484  1.826   21478.   22599.   24086.
  15  7.1530  2.070   21619.   22833.   24325.
  16  7.1576  2.351   21769.   23061.   24563.
  17  7.1622  2.673   21929.   23283.   24801.
  18  7.1668  3.044   22097.   23502.   25038.
  19  7.1714  3.470   22272.   23720.   25275.
  20  7.1760  3.961   22454.   23940.   25512.
  21  7.1806  4.527   22642.   24159.   25749.
  22  7.1852  5.181   22835.   24379.   25985.
  23  7.1898  5.937   23033.   24597.   26221.
  24  7.1945  6.812   23235.   24816.   26457.
