
  28  0.581593E+04
   1  5.9780  0.380   22005.   23096.   23129.
   2  5.9826  0.424   22082.   23116.   23199.
   3  5.9872  0.472   22178.   23136.   23270.
   4  5.9918  0.527   22283.   23156.   23340.
   5  5.9964  0.589   22382.   23176.   23411.
   6  6.0010  0.658   22472.   23196.   23481.
   7  6.0056  0.735   22551.   23224.   23551.
   8  6.0102  0.820   22620.   23241.   23621.
   9  6.0148  0.916   22677.   23257.   23691.
  10  6.0194  1.023   22730.   23285.   23761.
  11  6.0240  1.143   22784.   23327.   23831.
  12  6.0286  1.277   22837.   23385.   23895.
  13  6.0332  1.428   22896.   23453.   23962.
  14  6.0378  1.598   22956.   23528.   24031.
  15  6.0424  1.788   23021.   23604.   24098.
  16  6.0470  2.003   23090.   23677.   24164.
  17  6.0516  2.244   23160.   23746.   24225.
  18  6.0562  2.516   23229.   23811.   24279.
  19  6.0608  2.820   23294.   23872.   24334.
  20  6.0654  3.163   23358.   23929.   24389.
  21  6.0700  3.548   23420.   23984.   24444.
  22  6.0746  3.983   23484.   24039.   24499.
  23  6.0792  4.472   23547.   24094.   24553.
  24  6.0838  5.022   23609.   24152.   24608.
  25  6.0884  5.643   23671.   24209.   24662.
  26  6.0930  6.343   23733.   24267.   24717.
  27  6.0976  7.131   23794.   24324.   24771.
  28  6.1022  8.021   23855.   24381.   24825.
  26  0.581593E+04
   1  6.5336  0.362   21656.   23273.   22381.
   2  6.5382  0.407   21795.   23271.   22495.
   3  6.5428  0.459   21943.   23268.   22610.
   4  6.5474  0.518   22082.   23266.   22725.
   5  6.5520  0.585   22216.   23263.   22839.
   6  6.5566  0.660   22345.   23260.   22953.
   7  6.5612  0.745   22460.   23249.   23067.
   8  6.5658  0.841   22556.   23214.   23181.
   9  6.5704  0.949   22628.   23166.   23295.
  10  6.5750  1.070   22681.   23113.   23408.
  11  6.5796  1.207   22719.   23067.   23522.
  12  6.5842  1.360   22748.   23043.   23645.
  13  6.5889  1.533   22770.   23049.   23784.
  14  6.5935  1.728   22787.   23090.   23934.
  15  6.5981  1.948   22808.   23168.   24091.
  16  6.6027  2.198   22841.   23278.   24253.
  17  6.6073  2.482   22889.   23417.   24443.
  18  6.6119  2.806   22950.   23578.   24633.
  19  6.6165  3.175   23030.   23755.   24822.
  20  6.6211  3.598   23125.   23940.   25012.
  21  6.6257  4.082   23231.   24127.   25201.
  22  6.6303  4.635   23346.   24314.   25390.
  23  6.6349  5.269   23469.   24501.   25578.
  24  6.6395  5.995   23599.   24688.   25767.
  25  6.6441  6.829   23736.   24875.   25955.
  26  6.6487  7.787   23878.   25061.   26142.
  24  0.581593E+04
   1  7.0906  0.384   20261.   20791.   21474.
   2  7.0952  0.432   20357.   20887.   21683.
   3  7.0999  0.487   20442.   20983.   21892.
   4  7.1045  0.548   20510.   21079.   22101.
   5  7.1091  0.616   20564.   21175.   22309.
   6  7.1137  0.694   20620.   21271.   22517.
   7  7.1183  0.782   20682.   21379.   22725.
   8  7.1229  0.882   20754.   21515.   22932.
   9  7.1275  0.996   20845.   21676.   23140.
  10  7.1321  1.126   20949.   21854.   23347.
  11  7.1367  1.275   21062.   22040.   23553.
  12  7.1413  1.445   21185.   22233.   23742.
  13  7.1459  1.640   21315.   22430.   23932.
  14  7.1505  1.862   21450.   22630.   24119.
  15  7.1551  2.117   21591.   22836.   24324.
  16  7.1597  2.411   21743.   23049.   24529.
  17  7.1643  2.749   21906.   23266.   24734.
  18  7.1689  3.139   22080.   23489.   24938.
  19  7.1735  3.589   22262.   23715.   25142.
  20  7.1781  4.109   22450.   23942.   25346.
  21  7.1827  4.711   22644.   24168.   25549.
  22  7.1873  5.409   22843.   24395.   25752.
  23  7.1919  6.219   23046.   24621.   25955.
  24  7.1965  7.159   23253.   24847.   26158.
