
  168. 3633.
   51.   33.0
 3684.   21.0
  461.  22 277
  471.  20 277
  481.  23 277
  491.  24 277
  501.  21 277
  511.  22 277
  521.  22 277
  531.  24 277
  541.  24 277
  551.  25 277
  561.  25 277
  571.  27 277
  581.  28 277
  591.  30 277
  601.  32 277
  611.  34 277
  621.  36 277
  631.  39 277
  641.  41 277
  651.  43 277
  661.  45 277
  671.  49 277
  681.  52 277
  691.  56 278
  701.  60 277
  711.  66 278
  721.  69 278
  731.  75 278
  741.  83 278
  751.  91 278
  761. 102 278
  771. 112 278
  781. 123 278
  791. 136 278
  801.-129 279
  811.-112 278
  821. -93 278
  831. -71 278
  841. -47 278
  851. -20 278
  861.   9 277
  871.  41 278
  881.  77 278
  891. 122 279
  901.-108 279
  911. -52 278
  921.  10 277
  931.  80 278
  941.-121 279
  951. -30 278
  961.  67 278
  971.-100 279
  981.  27 278
  991.-108 280
 1001.  57 279
 1011. -36 279
 1021.-109 280
 1031. 125 285
 1041. 124 288
 9999. 999 999
  168. 3633.
   51.   33.0
 3684.   21.0
 1627.  12 277
 1637.  12 277
 1647.  11 276
 1657.  12 276
 1667.  10 276
 1677.  12 276
 1687.  10 276
 1697.  11 276
 1707.   9 277
 1717.   7 276
 1727.   6 277
 1737.   6 276
 1747.   7 276
 1757.   6 276
 1767.   7 276
 1777.   9 276
 1787.   9 276
 1797.  11 277
 1807.  11 276
 1817.  12 276
 1827.  13 276
 1837.  15 276
 1847.  18 276
 1857.  19 276
 1867.  21 276
 1877.  25 276
 1887.  30 276
 1897.  33 276
 1907.  37 277
 1917.  42 276
 1927.  45 277
 1937.  53 277
 1947.  61 277
 1957.  69 277
 1967.  80 277
 1977.  92 277
 1987. 102 278
 1997. 116 278
 2007. 133 278
 2017.-131 277
 2027.-108 278
 2037. -86 277
 2047. -60 277
 2057. -29 277
 2067.   6 277
 2077.  41 277
 2087.  84 277
 2097. 132 278
 2107. -89 278
 2117. -26 277
 2127.  46 278
 2137. 130 279
 2147. -54 278
 2157.  53 278
 2167.-105 279
 2177.  31 278
 2187. -84 279
 2197.  96 281
 2207.  29 278
 2217.  -4 277
 2227.  -5 276
 9999. 999 999
  168. 3633.
   51.   33.0
 3684.   21.0
 2759.  28 276
 2769.  26 276
 2779.  28 276
 2789.  26 276
 2799.  24 276
 2809.  26 276
 2819.  24 276
 2829.  24 276
 2839.  23 276
 2849.  22 276
 2859.  22 276
 2869.  20 276
 2879.  22 276
 2889.  21 276
 2899.  18 276
 2909.  18 276
 2919.  18 276
 2929.  16 276
 2939.  17 276
 2949.  15 276
 2959.  16 276
 2969.  15 276
 2979.  15 276
 2989.  16 276
 2999.  16 276
 3009.  17 276
 3019.  19 276
 3029.  19 276
 3039.  19 276
 3049.  21 276
 3059.  25 276
 3069.  26 276
 3079.  28 276
 3089.  33 276
 3099.  34 276
 3109.  40 276
 3119.  42 276
 3129.  49 276
 3139.  56 276
 3149.  63 277
 3159.  70 277
 3169.  82 277
 3179.  94 277
 3189. 107 277
 3199. 121 278
 3209. 135 277
 3219.-123 277
 3229.-103 277
 3239. -80 277
 3249. -56 276
 3259. -24 276
 3269.   5 276
 3279.  43 276
 3289.  90 277
 3299.-138 277
 3309. -76 277
 3319. -11 276
 3329.  65 277
 3339.-122 278
 3349. -20 276
 3359. 100 278
 3369. -40 277
 3379. 118 280
 3389.  23 277
 3399. -47 279
 3409. -83 281
 9999. 999 999
