
  27  0.568225E+04
   1  5.9846  0.392   22890.   23580.   23508.
   2  5.9892  0.440   22989.   23574.   23585.
   3  5.9938  0.493   23061.   23569.   23662.
   4  5.9984  0.553   23115.   23563.   23738.
   5  6.0030  0.620   23155.   23557.   23815.
   6  6.0076  0.695   23187.   23551.   23891.
   7  6.0122  0.779   23217.   23559.   23967.
   8  6.0169  0.873   23247.   23596.   24043.
   9  6.0215  0.980   23279.   23653.   24119.
  10  6.0261  1.099   23317.   23723.   24195.
  11  6.0307  1.235   23362.   23799.   24271.
  12  6.0353  1.388   23419.   23878.   24337.
  13  6.0399  1.560   23481.   23958.   24403.
  14  6.0445  1.755   23539.   24034.   24467.
  15  6.0491  1.975   23597.   24104.   24527.
  16  6.0537  2.222   23655.   24166.   24581.
  17  6.0583  2.502   23713.   24222.   24628.
  18  6.0629  2.819   23775.   24275.   24670.
  19  6.0675  3.177   23836.   24327.   24712.
  20  6.0721  3.582   23894.   24376.   24755.
  21  6.0767  4.038   23950.   24424.   24797.
  22  6.0813  4.555   24005.   24469.   24839.
  23  6.0859  5.139   24059.   24511.   24881.
  24  6.0905  5.800   24112.   24554.   24923.
  25  6.0951  6.548   24164.   24596.   24965.
  26  6.0997  7.395   24216.   24639.   25007.
  27  6.1043  8.354   24266.   24681.   25049.
  25  0.568225E+04
   1  6.5398  0.386   22553.   23482.   22463.
   2  6.5444  0.438   22692.   23429.   22591.
   3  6.5490  0.496   22789.   23375.   22718.
   4  6.5536  0.561   22848.   23322.   22845.
   5  6.5582  0.635   22890.   23269.   22971.
   6  6.5628  0.718   22917.   23217.   23098.
   7  6.5674  0.812   22940.   23173.   23224.
   8  6.5720  0.918   22961.   23162.   23350.
   9  6.5767  1.039   22979.   23174.   23476.
  10  6.5813  1.175   22996.   23203.   23602.
  11  6.5859  1.330   23019.   23247.   23727.
  12  6.5905  1.505   23046.   23303.   23846.
  13  6.5951  1.705   23080.   23371.   23968.
  14  6.5997  1.932   23114.   23452.   24090.
  15  6.6043  2.190   23153.   23543.   24211.
  16  6.6089  2.485   23201.   23643.   24343.
  17  6.6135  2.821   23256.   23751.   24475.
  18  6.6181  3.204   23318.   23865.   24607.
  19  6.6227  3.643   23391.   23985.   24738.
  20  6.6273  4.145   23469.   24108.   24869.
  21  6.6319  4.720   23554.   24232.   25001.
  22  6.6365  5.379   23643.   24356.   25132.
  23  6.6411  6.134   23736.   24479.   25262.
  24  6.6457  7.000   23833.   24603.   25393.
  25  6.6503  7.994   23933.   24726.   25523.
  23  0.568225E+04
   1  7.0932  0.375   21294.   21249.   21749.
   2  7.0978  0.425   21367.   21291.   21941.
   3  7.1024  0.481   21392.   21334.   22132.
   4  7.1070  0.544   21390.   21376.   22323.
   5  7.1116  0.615   21373.   21418.   22514.
   6  7.1162  0.695   21350.   21460.   22704.
   7  7.1208  0.785   21333.   21537.   22895.
   8  7.1254  0.888   21337.   21682.   23085.
   9  7.1300  1.006   21366.   21878.   23275.
  10  7.1346  1.142   21430.   22105.   23464.
  11  7.1392  1.299   21526.   22350.   23653.
  12  7.1438  1.480   21648.   22592.   23815.
  13  7.1484  1.689   21789.   22819.   23971.
  14  7.1530  1.930   21935.   23027.   24140.
  15  7.1576  2.208   22085.   23213.   24308.
  16  7.1622  2.528   22236.   23380.   24477.
  17  7.1668  2.896   22381.   23536.   24645.
  18  7.1714  3.322   22529.   23685.   24814.
  19  7.1760  3.813   22678.   23833.   24981.
  20  7.1806  4.382   22830.   23980.   25149.
  21  7.1852  5.041   22982.   24128.   25317.
  22  7.1898  5.804   23137.   24275.   25484.
  23  7.1945  6.689   23292.   24422.   25651.
