
  169. 3635.
   51.   16.8
 3686.   26.3
  445.  20 277
  455.  25 277
  465.  26 277
  475.  26 277
  485.  30 277
  495.  29 277
  505.  29 277
  515.  31 277
  525.  33 277
  535.  34 277
  545.  32 277
  555.  34 277
  565.  32 277
  575.  32 277
  585.  33 278
  595.  33 278
  605.  30 277
  615.  33 277
  625.  33 277
  635.  32 277
  645.  29 277
  655.  30 277
  665.  32 278
  675.  33 277
  685.  32 277
  695.  33 277
  705.  34 277
  715.  33 277
  725.  32 277
  735.  32 277
  745.  32 277
  755.  33 277
  765.  31 277
  775.  30 277
  785.  30 277
  795.  30 277
  805.  30 277
  815.  32 277
  825.  31 277
  835.  32 277
  845.  33 277
  855.  29 277
  865.  32 277
  875.  32 277
  885.  31 277
  895.  36 277
  905.  35 277
  915.  34 277
  925.  34 277
  935.  33 277
  945.  34 277
  955.  38 277
  965.  37 277
  975.  37 277
  985.  37 277
  995.  37 277
 1005.  36 277
 1015.  38 277
 1025.  36 277
 1035.  37 277
 1045.  36 277
 1055.  36 277
 1065.  37 277
 1075.  38 277
 1085.  39 277
 1095.  38 277
 1105.  35 277
 1115.  38 277
 1125.  37 277
 1135.  39 277
 1145.  40 277
 9999. 999 999
  169. 3635.
   51.   16.8
 3686.   26.3
 1612.  28 277
 1622.  29 277
 1632.  31 277
 1642.  32 277
 1652.  31 277
 1662.  30 277
 1672.  32 277
 1682.  33 277
 1692.  33 277
 1702.  34 277
 1712.  30 277
 1722.  29 277
 1732.  30 277
 1742.  28 277
 1752.  28 277
 1762.  27 276
 1772.  25 276
 1782.  25 277
 1792.  25 276
 1802.  25 277
 1812.  24 277
 1822.  22 277
 1832.  25 276
 1842.  24 277
 1852.  23 276
 1862.  24 276
 1872.  24 277
 1882.  25 277
 1892.  24 276
 1902.  27 277
 1912.  25 276
 1922.  26 276
 1932.  27 277
 1942.  27 276
 1952.  25 277
 1962.  25 277
 1972.  25 277
 1982.  25 277
 1992.  24 277
 2002.  23 276
 2012.  24 276
 2022.  23 277
 2032.  21 277
 2042.  22 277
 2052.  22 277
 2062.  22 277
 2072.  23 277
 2082.  22 276
 2092.  23 277
 2102.  23 277
 2112.  24 276
 2122.  25 276
 2132.  24 276
 2142.  25 276
 2152.  25 276
 2162.  24 276
 2172.  24 277
 2182.  24 277
 2192.  23 276
 2202.  25 277
 2212.  24 276
 2222.  25 277
 2232.  25 277
 2242.  24 276
 2252.  25 277
 2262.  26 277
 2272.  24 277
 2282.  25 276
 2292.  28 277
 2302.  25 276
 9999. 999 999
  169. 3635.
   51.   16.8
 3686.   26.3
 2765.  22 276
 2775.  23 276
 2785.  23 276
 2795.  24 276
 2805.  23 276
 2815.  22 276
 2825.  22 276
 2835.  21 276
 2845.  22 276
 2855.  20 276
 2865.  19 277
 2875.  19 276
 2885.  20 276
 2895.  19 276
 2905.  21 276
 2915.  18 276
 2925.  18 276
 2935.  16 276
 2945.  16 276
 2955.  16 276
 2965.  17 276
 2975.  15 276
 2985.  13 276
 2995.  10 276
 3005.  10 276
 3015.   9 276
 3025.   8 276
 3035.   7 276
 3045.   9 276
 3055.   7 276
 3065.   8 276
 3075.   7 276
 3085.   6 276
 3095.   7 276
 3105.   8 276
 3115.  10 276
 3125.   9 276
 3135.   8 276
 3145.   9 276
 3155.   6 276
 3165.  10 276
 3175.   9 276
 3185.   8 276
 3195.   8 276
 3205.   8 276
 3215.  12 276
 3225.  12 276
 3235.  13 276
 3245.  11 276
 3255.  14 276
 3265.  13 276
 3275.  14 275
 3285.  13 276
 3295.  14 275
 3305.  17 276
 3315.  15 276
 3325.  16 276
 3335.  17 276
 3345.  19 276
 3355.  18 276
 3365.  17 276
 3375.  18 276
 3385.  17 276
 3395.  18 276
 3405.  18 276
 3415.  16 276
 3425.  15 276
 3435.  14 276
 3445.  13 277
 3455.  14 277
 9999. 999 999
