
  168. 3629.
   51.   39.9
 3680.   31.2
  465.  17 276
  475.  16 277
  485.  17 276
  495.  20 277
  505.  18 276
  515.  19 276
  525.  19 276
  535.  21 277
  545.  19 276
  555.  21 277
  565.  22 276
  575.  25 277
  585.  26 277
  595.  26 276
  605.  30 277
  615.  32 276
  625.  33 277
  635.  40 277
  645.  43 277
  655.  46 277
  665.  49 277
  675.  52 277
  685.  57 277
  695.  64 277
  705.  68 277
  715.  74 277
  725.  80 277
  735.  88 277
  745.  98 278
  755. 106 278
  765. 120 278
  775. 131 278
  785.-133 278
  795.-116 278
  805. -98 278
  815. -79 278
  825. -57 277
  835. -33 277
  845.  -4 276
  855.  29 277
  865.  62 277
  875. 103 278
  885.-134 278
  895. -83 278
  905. -29 277
  915.  32 277
  925. 105 279
  935. -96 278
  945.  -9 277
  955.  87 279
  965. -79 278
  975.  42 278
  985. -98 280
  995.  57 278
 1005. -41 278
 1015.-129 282
 1025.  97 281
 1035.  82 281
 1045.  90 282
 9999. 999 999
  168. 3629.
   51.   39.9
 3680.   31.2
 1612.  27 276
 1622.  30 276
 1632.  30 276
 1642.  31 276
 1652.  30 276
 1662.  28 276
 1672.  29 276
 1682.  29 276
 1692.  29 276
 1702.  29 276
 1712.  26 276
 1722.  25 276
 1732.  26 276
 1742.  27 276
 1752.  25 276
 1762.  25 276
 1772.  27 276
 1782.  28 276
 1792.  30 276
 1802.  31 276
 1812.  32 276
 1822.  35 276
 1832.  39 276
 1842.  40 276
 1852.  42 276
 1862.  46 276
 1872.  52 276
 1882.  55 276
 1892.  58 277
 1902.  63 276
 1912.  69 277
 1922.  75 277
 1932.  83 277
 1942.  91 278
 1952. 100 277
 1962. 109 278
 1972. 122 278
 1982. 135 278
 1992.-129 278
 2002.-112 278
 2012. -92 277
 2022. -71 277
 2032. -45 276
 2042. -21 276
 2052.   9 276
 2062.  43 276
 2072.  84 277
 2082. 126 278
 2092.-102 277
 2102. -45 276
 2112.  18 276
 2122.  88 278
 2132.-107 278
 2142. -12 276
 2152.  86 278
 2162. -70 278
 2172.  64 278
 2182. -54 277
 2192. 121 281
 2202.  36 277
 2212.  -7 276
 2222.  -9 274
 9999. 999 999
  168. 3629.
   51.   39.9
 3680.   31.2
 2757.  25 276
 2767.  24 275
 2777.  24 275
 2787.  21 276
 2797.  22 276
 2807.  23 275
 2817.  23 276
 2827.  22 276
 2837.  23 275
 2847.  22 276
 2857.  22 275
 2867.  21 276
 2877.  22 276
 2887.  20 275
 2897.  20 276
 2907.  17 275
 2917.  19 275
 2927.  17 276
 2937.  15 275
 2947.  18 276
 2957.  16 275
 2967.  13 275
 2977.  14 275
 2987.  15 275
 2997.  17 275
 3007.  16 276
 3017.  19 276
 3027.  20 276
 3037.  22 276
 3047.  25 275
 3057.  27 276
 3067.  32 275
 3077.  34 276
 3087.  37 276
 3097.  39 276
 3107.  45 276
 3117.  50 276
 3127.  58 276
 3137.  65 276
 3147.  73 277
 3157.  82 277
 3167.  96 277
 3177. 108 277
 3187. 120 277
 3197. 138 277
 3207.-124 277
 3217.-102 277
 3227. -83 276
 3237. -58 276
 3247. -30 275
 3257.   0 275
 3267.  35 276
 3277.  76 277
 3287. 120 277
 3297.-104 277
 3307. -42 276
 3317.  25 276
 3327. 103 278
 3337. -86 277
 3347.  19 276
 3357. 136 279
 3367.  -5 277
 3377.-126 280
 3387.  55 278
 3397. -11 275
 3407. -44 276
 9999. 999 999
