
  169. 3631.
   51.   17.6
 3682.   29.5
  466.  26 276
  476.  25 277
  486.  25 276
  496.  25 276
  506.  25 276
  516.  24 276
  526.  24 277
  536.  27 276
  546.  25 277
  556.  28 276
  566.  30 276
  576.  31 277
  586.  32 277
  596.  33 276
  606.  37 277
  616.  39 277
  626.  44 277
  636.  44 277
  646.  49 277
  656.  55 277
  666.  57 277
  676.  62 277
  686.  65 277
  696.  70 277
  706.  74 278
  716.  81 278
  726.  86 278
  736.  94 278
  746. 103 278
  756. 111 278
  766. 121 278
  776. 132 278
  786.-132 279
  796.-114 278
  806. -99 278
  816. -78 278
  826. -56 277
  836. -32 277
  846.  -7 276
  856.  22 276
  866.  56 277
  876.  91 278
  886. 136 279
  896. -94 279
  906. -38 277
  916.  20 277
  926.  89 278
  936.-113 279
  946. -28 277
  956.  64 278
  966.-105 280
  976.  15 277
  986.-129 281
  996.  27 277
 1006. -81 280
 1016. 117 283
 1026.  60 280
 1036.  31 277
 1046.  22 276
 9999. 999 999
  169. 3631.
   51.   17.6
 3682.   29.5
 1623.  22 276
 1633.  23 276
 1643.  24 276
 1653.  24 276
 1663.  24 276
 1673.  22 276
 1683.  22 276
 1693.  24 276
 1703.  22 276
 1713.  20 276
 1723.  20 276
 1733.  19 276
 1743.  19 276
 1753.  20 276
 1763.  20 276
 1773.  22 275
 1783.  21 276
 1793.  22 276
 1803.  25 276
 1813.  26 276
 1823.  29 276
 1833.  31 276
 1843.  33 276
 1853.  36 276
 1863.  38 276
 1873.  43 276
 1883.  47 276
 1893.  51 276
 1903.  56 276
 1913.  61 277
 1923.  66 277
 1933.  71 277
 1943.  81 277
 1953.  90 278
 1963. 100 278
 1973. 109 278
 1983. 120 278
 1993. 136 278
 2003.-127 278
 2013.-109 278
 2023. -87 278
 2033. -63 277
 2043. -35 276
 2053.  -7 276
 2063.  27 276
 2073.  63 277
 2083. 105 278
 2093.-122 278
 2103. -68 277
 2113.  -5 276
 2123.  62 277
 2133.-136 279
 2143. -44 277
 2153.  56 278
 2163.-103 279
 2173.  30 277
 2183. -92 279
 2193.  80 279
 2203.   6 276
 2213. -43 278
 2223. -41 276
 9999. 999 999
  169. 3631.
   51.   17.6
 3682.   29.5
 2763.  24 276
 2773.  22 275
 2783.  22 276
 2793.  22 276
 2803.  22 276
 2813.  21 276
 2823.  22 276
 2833.  22 276
 2843.  19 275
 2853.  20 276
 2863.  21 275
 2873.  20 275
 2883.  22 276
 2893.  20 276
 2903.  18 276
 2913.  17 276
 2923.  16 275
 2933.  18 276
 2943.  16 276
 2953.  14 276
 2963.  14 275
 2973.  14 276
 2983.  16 276
 2993.  15 276
 3003.  16 276
 3013.  18 276
 3023.  20 276
 3033.  20 276
 3043.  26 276
 3053.  26 276
 3063.  30 276
 3073.  30 276
 3083.  34 276
 3093.  41 276
 3103.  43 276
 3113.  47 276
 3123.  51 276
 3133.  60 277
 3143.  65 277
 3153.  74 277
 3163.  85 277
 3173.  96 277
 3183. 107 277
 3193. 119 277
 3203. 136 277
 3213.-122 277
 3223.-104 277
 3233. -81 277
 3243. -55 275
 3253. -30 275
 3263.   5 276
 3273.  41 276
 3283.  83 277
 3293. 130 278
 3303. -94 277
 3313. -31 277
 3323.  40 277
 3333. 124 279
 3343. -58 277
 3353.  47 277
 3363.-105 279
 3373.  38 277
 3383. -73 279
 3393. 122 282
 3403.  69 279
 3413.  58 277
 9999. 999 999
