
  51 277.0
  169. 3631.
  536.    1.
  546.    1.
  556.    2.
  566.    4.
  576.    6.
  586.    7.
  596.    9.
  606.   12.
  616.   15.
  626.   18.
  636.   22.
  646.   26.
  656.   29.
  666.   33.
  676.   37.
  686.   40.
  696.   45.
  706.   50.
  716.   55.
  726.   62.
  736.   69.
  746.   79.
  756.   87.
  766.   97.
  776.  109.
  786.  122.
  796.  140.
  806.  155.
  816.  175.
  826.  197.
  836.  221.
  846.  246.
  856.  275.
  866.  309.
  876.  343.
  886.  387.
  896.  434.
  906.  489.
  916.  547.
  926.  616.
  936.  691.
  946.  775.
  956.  867.
  966.  974.
  976. 1093.
  986. 1227.
  996. 1383.
 1006. 1552.
 1016. 1750.
 1026. 1970.
 1036. 2218.
  49 276.6
  169. 3631.
 1743.    1.
 1753.    2.
 1763.    3.
 1773.    5.
 1783.    6.
 1793.    8.
 1803.   10.
 1813.   12.
 1823.   14.
 1833.   16.
 1843.   19.
 1853.   22.
 1863.   25.
 1873.   28.
 1883.   31.
 1893.   35.
 1903.   39.
 1913.   45.
 1923.   50.
 1933.   57.
 1943.   64.
 1953.   74.
 1963.   84.
 1973.   94.
 1983.  105.
 1993.  122.
 2003.  136.
 2013.  154.
 2023.  177.
 2033.  201.
 2043.  229.
 2053.  257.
 2063.  291.
 2073.  327.
 2083.  369.
 2093.  418.
 2103.  471.
 2113.  534.
 2123.  600.
 2133.  679.
 2143.  771.
 2153.  871.
 2163.  989.
 2173. 1122.
 2183. 1276.
 2193. 1448.
 2203. 1651.
 2213. 1878.
 2223. 2157.
  44 276.2
  169. 3631.
 2983.    1.
 2993.    3.
 3003.    5.
 3013.    8.
 3023.   10.
 3033.   13.
 3043.   15.
 3053.   18.
 3063.   21.
 3073.   24.
 3083.   27.
 3093.   30.
 3103.   34.
 3113.   38.
 3123.   43.
 3133.   50.
 3143.   57.
 3153.   65.
 3163.   76.
 3173.   87.
 3183.   98.
 3193.  109.
 3203.  126.
 3213.  143.
 3223.  160.
 3233.  182.
 3243.  208.
 3253.  232.
 3263.  267.
 3273.  303.
 3283.  344.
 3293.  391.
 3303.  442.
 3313.  505.
 3323.  575.
 3333.  658.
 3343.  752.
 3353.  857.
 3363.  981.
 3373. 1124.
 3383. 1289.
 3393. 1484.
 3403. 1708.
 3413. 1974.
