
  51 277.5
  168. 3633.
  541.    1.
  551.    2.
  561.    3.
  571.    4.
  581.    6.
  591.    8.
  601.   10.
  611.   12.
  621.   15.
  631.   17.
  641.   20.
  651.   22.
  661.   25.
  671.   28.
  681.   31.
  691.   34.
  701.   38.
  711.   43.
  721.   48.
  731.   55.
  741.   62.
  751.   70.
  761.   82.
  771.   92.
  781.  104.
  791.  117.
  801.  129.
  811.  146.
  821.  165.
  831.  187.
  841.  211.
  851.  238.
  861.  267.
  871.  299.
  881.  334.
  891.  378.
  901.  425.
  911.  481.
  921.  543.
  931.  613.
  941.  689.
  951.  779.
  961.  875.
  971.  985.
  981. 1112.
  991. 1255.
 1001. 1420.
 1011. 1605.
 1021. 1809.
 1031. 2043.
 1041. 2320.
  50 276.8
  168. 3633.
 1737.    1.
 1747.    2.
 1757.    3.
 1767.    5.
 1777.    6.
 1787.    8.
 1797.    9.
 1807.   11.
 1817.   12.
 1827.   14.
 1837.   15.
 1847.   17.
 1857.   20.
 1867.   22.
 1877.   25.
 1887.   28.
 1897.   31.
 1907.   35.
 1917.   40.
 1927.   46.
 1937.   52.
 1947.   60.
 1957.   68.
 1967.   80.
 1977.   92.
 1987.  103.
 1997.  117.
 2007.  135.
 2017.  148.
 2027.  171.
 2037.  194.
 2047.  220.
 2057.  251.
 2067.  286.
 2077.  321.
 2087.  364.
 2097.  411.
 2107.  467.
 2117.  529.
 2127.  601.
 2137.  685.
 2147.  778.
 2157.  885.
 2167. 1004.
 2177. 1140.
 2187. 1302.
 2197. 1482.
 2207. 1692.
 2217. 1935.
 2227. 2211.
  47 276.3
  168. 3633.
 2949.    1.
 2959.    2.
 2969.    3.
 2979.    4.
 2989.    6.
 2999.    7.
 3009.    9.
 3019.   11.
 3029.   13.
 3039.   15.
 3049.   17.
 3059.   19.
 3069.   21.
 3079.   23.
 3089.   26.
 3099.   30.
 3109.   34.
 3119.   38.
 3129.   43.
 3139.   50.
 3149.   57.
 3159.   65.
 3169.   77.
 3179.   89.
 3189.  101.
 3199.  115.
 3209.  128.
 3219.  146.
 3229.  165.
 3239.  187.
 3249.  211.
 3259.  243.
 3269.  272.
 3279.  309.
 3289.  356.
 3299.  404.
 3309.  465.
 3319.  529.
 3329.  605.
 3339.  694.
 3349.  795.
 3359.  915.
 3369. 1052.
 3379. 1210.
 3389. 1391.
 3399. 1598.
 3409. 1839.
