
  51 277.1
  168. 3629.
  545.    1.
  555.    2.
  565.    3.
  575.    4.
  585.    6.
  595.    8.
  605.   11.
  615.   14.
  625.   17.
  635.   20.
  645.   24.
  655.   28.
  665.   31.
  675.   35.
  685.   39.
  695.   44.
  705.   49.
  715.   55.
  725.   62.
  735.   70.
  745.   80.
  755.   89.
  765.  103.
  775.  115.
  785.  128.
  795.  145.
  805.  163.
  815.  182.
  825.  203.
  835.  227.
  845.  256.
  855.  289.
  865.  323.
  875.  363.
  885.  402.
  895.  453.
  905.  506.
  915.  567.
  925.  640.
  935.  716.
  945.  802.
  955.  898.
  965. 1008.
  975. 1129.
  985. 1266.
  995. 1421.
 1005. 1600.
 1015. 1790.
 1025. 2016.
 1035. 2278.
 1045. 2563.
  50 276.6
  168. 3629.
 1732.    1.
 1742.    2.
 1752.    3.
 1762.    4.
 1772.    6.
 1782.    7.
 1792.    9.
 1802.   12.
 1812.   14.
 1822.   16.
 1832.   19.
 1842.   22.
 1852.   25.
 1862.   28.
 1872.   31.
 1882.   35.
 1892.   39.
 1902.   44.
 1912.   49.
 1922.   55.
 1932.   62.
 1942.   71.
 1952.   80.
 1962.   89.
 1972.  103.
 1982.  116.
 1992.  129.
 2002.  147.
 2012.  168.
 2022.  189.
 2032.  215.
 2042.  240.
 2052.  270.
 2062.  304.
 2072.  344.
 2082.  386.
 2092.  435.
 2102.  491.
 2112.  554.
 2122.  624.
 2132.  705.
 2142.  800.
 2152.  898.
 2162. 1019.
 2172. 1153.
 2182. 1312.
 2192. 1487.
 2202. 1678.
 2212. 1912.
 2222. 2186.
  46 275.9
  168. 3629.
 2957.    1.
 2967.    2.
 2977.    3.
 2987.    4.
 2997.    6.
 3007.    8.
 3017.   11.
 3027.   14.
 3037.   17.
 3047.   19.
 3057.   22.
 3067.   25.
 3077.   28.
 3087.   31.
 3097.   35.
 3107.   40.
 3117.   45.
 3127.   51.
 3137.   59.
 3147.   67.
 3157.   76.
 3167.   90.
 3177.  102.
 3187.  114.
 3197.  132.
 3207.  145.
 3217.  166.
 3227.  184.
 3237.  208.
 3247.  236.
 3257.  266.
 3267.  301.
 3277.  341.
 3287.  385.
 3297.  436.
 3307.  498.
 3317.  564.
 3327.  641.
 3337.  728.
 3347.  833.
 3357.  949.
 3367. 1084.
 3377. 1240.
 3387. 1421.
 3397. 1631.
 3407. 1874.
