
  176. 3627.
   51.   24.9
 3678.   18.3
  514.  24 274
  524.  27 273
  534.  28 274
  544.  32 274
  554.  34 274
  564.  35 273
  574.  41 273
  584.  42 274
  594.  46 274
  604.  52 273
  614.  51 274
  624.  56 273
  634.  59 274
  644.  63 274
  654.  66 273
  664.  72 274
  674.  79 274
  684.  84 273
  694.  87 274
  704.  96 274
  714. 101 273
  724. 110 274
  734. 120 274
  744. 126 274
  754.-135 274
  764.-125 274
  774.-114 274
  784.-100 274
  794. -87 274
  804. -75 274
  814. -60 274
  824. -43 274
  834. -27 274
  844.  -7 273
  854.  14 274
  864.  35 274
  874.  60 274
  884.  87 274
  894. 116 274
  904.-125 274
  914. -92 274
  924. -51 274
  934. -10 274
  944.  32 274
  954.  83 275
  964. 137 274
  974. -74 275
  984.  -4 274
  994.  69 274
 1004.-121 275
 1014. -34 275
 1024.  69 275
 1034. -91 275
 1044.  29 275
 1054.-103 276
 1064.  46 277
 1074. -56 277
 1084. 129 280
 1094.  64 280
 1104.  31 278
 1114.  13 275
 9999. 999 999
  176. 3627.
   51.   24.9
 3678.   18.3
 1624.  19 273
 1634.  19 273
 1644.  18 274
 1654.  20 273
 1664.  18 273
 1674.  17 273
 1684.  18 273
 1694.  18 274
 1704.  17 273
 1714.  21 273
 1724.  19 273
 1734.  20 273
 1744.  22 273
 1754.  25 273
 1764.  26 273
 1774.  30 274
 1784.  29 273
 1794.  33 273
 1804.  35 273
 1814.  39 272
 1824.  40 273
 1834.  43 274
 1844.  48 273
 1854.  52 273
 1864.  58 273
 1874.  60 273
 1884.  64 273
 1894.  65 273
 1904.  72 273
 1914.  74 274
 1924.  81 273
 1934.  84 274
 1944.  91 274
 1954. 100 273
 1964. 103 272
 1974. 112 274
 1984. 124 273
 1994. 133 273
 2004.-130 273
 2014.-117 274
 2024.-106 274
 2034. -91 274
 2044. -75 274
 2054. -60 274
 2064. -38 274
 2074. -19 274
 2084.   3 274
 2094.  29 273
 2104.  59 274
 2114.  93 274
 2124. 125 274
 2134.-110 274
 2144. -68 274
 2154. -19 274
 2164.  34 274
 2174.  94 275
 2184.-115 275
 2194. -36 274
 2204.  42 275
 2214. 136 274
 2224. -36 275
 2234.  79 275
 2244. -65 276
 2254.  78 275
 2264. -34 276
 2274.-133 279
 2284.  89 279
 2294.  42 275
 9999. 999 999
  176. 3627.
   51.   24.9
 3678.   18.3
 2715.  24 273
 2725.  26 273
 2735.  26 274
 2745.  27 273
 2755.  26 273
 2765.  25 273
 2775.  25 274
 2785.  27 273
 2795.  26 274
 2805.  26 274
 2815.  27 273
 2825.  26 273
 2835.  24 273
 2845.  24 273
 2855.  24 273
 2865.  24 274
 2875.  24 274
 2885.  25 273
 2895.  25 274
 2905.  27 273
 2915.  25 273
 2925.  26 273
 2935.  30 273
 2945.  29 274
 2955.  31 274
 2965.  34 274
 2975.  36 274
 2985.  40 274
 2995.  41 273
 3005.  42 274
 3015.  48 273
 3025.  49 274
 3035.  52 273
 3045.  54 274
 3055.  59 273
 3065.  59 274
 3075.  66 274
 3085.  67 274
 3095.  75 273
 3105.  76 274
 3115.  82 274
 3125.  89 274
 3135.  97 274
 3145. 101 273
 3155. 109 274
 3165. 119 274
 3175. 128 274
 3185. 137 274
 3195.-125 274
 3205.-115 274
 3215.-100 274
 3225. -86 274
 3235. -67 274
 3245. -49 274
 3255. -29 275
 3265.  -7 274
 3275.  20 274
 3285.  45 275
 3295.  77 275
 3305. 115 275
 3315.-121 275
 3325. -74 274
 3335. -26 274
 3345.  34 274
 3355.  97 275
 3365.-101 275
 3375. -16 275
 3385.  78 275
 3395. -83 275
 3405.  43 276
 3415. -86 276
 3425.  81 277
 3435.  -3 277
 3445. -61 276
 9999. 999 999
