
  173. 3631.
   51.   23.8
 3682.   21.6
  487.  27 274
  497.  24 274
  507.  26 274
  517.  26 274
  527.  25 273
  537.  21 274
  547.  24 274
  557.  25 274
  567.  27 274
  577.  27 273
  587.  28 274
  597.  28 274
  607.  28 274
  617.  29 274
  627.  27 274
  637.  28 274
  647.  30 273
  657.  28 275
  667.  28 274
  677.  28 273
  687.  29 274
  697.  30 274
  707.  27 274
  717.  30 273
  727.  29 274
  737.  29 274
  747.  29 273
  757.  29 273
  767.  31 274
  777.  31 274
  787.  32 274
  797.  35 273
  807.  37 273
  817.  39 274
  827.  38 273
  837.  38 274
  847.  40 274
  857.  37 274
  867.  39 274
  877.  37 274
  887.  38 274
  897.  37 274
  907.  39 274
  917.  37 273
  927.  36 273
  937.  36 274
  947.  37 273
  957.  37 273
  967.  39 273
  977.  40 274
  987.  40 273
  997.  41 273
 1007.  41 274
 1017.  42 273
 1027.  43 273
 1037.  43 274
 1047.  45 273
 1057.  45 273
 1067.  43 274
 1077.  44 274
 1087.  46 274
 1097.  46 274
 1107.  48 274
 1117.  47 274
 1127.  46 274
 1137.  45 274
 1147.  48 273
 9999. 999 999
  173. 3631.
   51.   23.8
 3682.   21.6
 1620.  26 273
 1630.  27 274
 1640.  27 274
 1650.  27 274
 1660.  23 273
 1670.  21 273
 1680.  20 274
 1690.  22 273
 1700.  20 274
 1710.  15 274
 1720.  17 273
 1730.  18 274
 1740.  14 274
 1750.  16 274
 1760.  15 273
 1770.  16 274
 1780.  16 274
 1790.  17 273
 1800.  17 273
 1810.  16 273
 1820.  19 274
 1830.  16 274
 1840.  19 274
 1850.  17 274
 1860.  15 273
 1870.  18 273
 1880.  17 274
 1890.  15 273
 1900.  17 273
 1910.  11 275
 1920.  14 274
 1930.  12 273
 1940.  12 273
 1950.  11 274
 1960.  13 274
 1970.  13 273
 1980.  13 273
 1990.  15 274
 2000.  12 274
 2010.  13 273
 2020.  10 273
 2030.  10 273
 2040.  10 273
 2050.   8 274
 2060.   9 274
 2070.   6 273
 2080.   8 273
 2090.   7 274
 2100.   6 274
 2110.   9 274
 2120.   5 274
 2130.   6 273
 2140.   5 273
 2150.   4 273
 2160.   6 274
 2170.   6 274
 2180.   7 273
 2190.   7 274
 2200.   6 273
 2210.   9 274
 2220.   9 274
 2230.   7 274
 2240.   9 273
 2250.   7 273
 2260.   8 274
 2270.   7 273
 2280.   7 274
 2290.   6 273
 2300.   6 273
 2310.   6 273
 2320.   4 273
 9999. 999 999
  173. 3631.
   51.   23.8
 3682.   21.6
 2728.  12 274
 2738.  11 274
 2748.  13 274
 2758.  11 274
 2768.  12 274
 2778.  12 273
 2788.  12 274
 2798.  12 274
 2808.  11 274
 2818.   9 274
 2828.   7 274
 2838.   7 273
 2848.   6 273
 2858.   7 274
 2868.   8 274
 2878.   2 274
 2888.   3 274
 2898.   3 273
 2908.   3 274
 2918.  -2 274
 2928.   1 274
 2938.   2 273
 2948.   0 273
 2958.   1 274
 2968.   4 273
 2978.   0 274
 2988.   0 273
 2998.   4 273
 3008.   3 273
 3018.   4 274
 3028.   2 274
 3038.   6 274
 3048.   4 275
 3058.   5 275
 3068.   7 274
 3078.   9 273
 3088.   6 274
 3098.   8 274
 3108.   5 274
 3118.   6 275
 3128.   8 273
 3138.   5 275
 3148.  10 274
 3158.   8 274
 3168.  12 274
 3178.  10 274
 3188.  13 274
 3198.  13 274
 3208.  15 273
 3218.  13 274
 3228.  14 273
 3238.  16 274
 3248.  14 274
 3258.  15 274
 3268.  14 274
 3278.  13 273
 3288.  17 273
 3298.  14 274
 3308.  15 273
 3318.  17 274
 3328.  17 273
 3338.  15 274
 3348.  13 273
 3358.  14 273
 3368.  16 274
 3378.  15 273
 3388.  16 274
 3398.  18 274
 3408.  18 274
 3418.  18 273
 3428.  11 273
 9999. 999 999
