 NATIVE A-CHYMO (BLOW),M1,W1+M2,W1              
   577
    1 N  1NT     6.20   -5.50   62.70 CYS 1.50 12
    2 S  1G      9.40   -4.50   61.60 CYS 1.85  5
    3 C  1B      7.50   -4.20   60.80 CYS 2.00  5
    4 C  1A      6.70   -5.40   61.30 CYS 2.00  2
   12 C  3G2     7.30  -10.80   62.20 VAL 2.00  5
   13 C  3G1     5.40  -12.50   61.80 VAL 2.00 10
   14 C  3B      5.90  -11.10   61.40 VAL 2.00  3
   15 C  3A      6.20  -11.10   59.80 VAL 2.00  2
   17 O  3       3.90  -11.30   59.60 VAL 1.40  3
   19 C  4D      6.60  -12.00   57.10 PRO 2.00  2
   24 O  4       3.50  -14.20   58.00 PRO 1.40  1
   26 C  5B     -0.50  -13.70   58.20 ALA 2.00  7
   27 C  5A      0.90  -14.10   57.80 ALA 2.00  2
   29 O  5       0.80  -16.50   57.30 ALA 1.40  5
   31 C  6D1    -1.60  -14.70   52.00 ILE 2.00  5
   32 C  6G1    -1.00  -15.30   53.50 ILE 2.00  3
   34 C  6G2     0.80  -16.40   52.10 ILE 2.00  2
   35 C  6A      1.20  -16.00   54.50 ILE 2.00  2
   38 N  7       3.50  -17.10   55.00 GLN 1.50  2
   39 A  7E1     5.00  -18.90   59.60 GLN 1.50 10
   40 A  7E2     6.40  -18.00   58.20 GLN 1.50  7
   41 C  7D      5.50  -19.10   58.50 GLN 1.50  4
   42 C  7G      4.70  -18.20   57.40 GLN 2.00  2
   43 C  7B      5.50  -18.20   56.00 GLN 2.00  4
   46 O  7       4.90  -18.10   53.10 GLN 1.40  2
   48 C  8D      7.50  -15.70   53.70 PRO 2.00  1
   52 C  8       7.70  -18.50   51.60 PRO 2.00  1
   53 O  8       8.50  -18.90   52.30 PRO 1.40  7
   54 N  9       5.90  -20.30   50.10     1.50  6
   62 O 16      13.90  -11.90   36.20 ILE 1.40  2
   65 C 17G1    17.70  -12.10   33.00 VAL 2.00  2
   71 A 18D1    18.70  -18.50   35.30 ASN 1.50 11
   72 A 18D2    17.00  -18.50   36.80 ASN 1.50  8
   74 C 18B     17.70  -16.40   35.40 ASN 2.00  4
   75 C 18A     16.40  -15.70   36.00 ASN 2.00  1
   77 O 18      17.10  -16.20   38.40 ASN 1.40  1
   79 C 19A     14.30  -15.90   39.10 GLY 2.00  1
   80 C 19      13.00  -16.60   39.00 GLY 2.00  2
   81 O 19      12.70  -17.50   38.30 GLY 1.40  6
   83 O 20E2    13.10  -20.80   43.30 GLU 1.40 12
   84 O 20E1    11.10  -20.30   43.60 GLU 1.40  5
   86 C 20G     12.20  -19.10   41.50 GLU 2.00  5
   87 C 20B     10.90  -18.40   41.40 GLU 2.00  2
   88 C 20A     10.80  -17.30   40.30 GLU 2.00  1
   91 N 21       8.40  -17.10   40.60 GLU 1.50  1
   92 O 21E2     2.10  -17.60   40.80 GLU 1.40  3
   93 O 21E1     3.50  -18.50   39.30 GLU 1.40  7
   96 C 21B      5.80  -17.50   40.60 GLU 2.00  4
   99 O 21       7.20  -18.30   43.20 GLU 1.40  2
  106 C 23G2     5.60  -19.20   47.90 VAL 2.00  8
  107 C 23G1     3.40  -18.70   48.90 VAL 2.00  6
  114 C 24G      0.70  -17.30   45.70 PRO 2.00  5
  115 C 24B      0.10  -15.90   46.10 PRO 2.00  2
  117 C 24       1.00  -14.60   48.20 PRO 2.00  2
  118 O 24       0.50  -15.60   49.10 PRO 1.40  2
  119 N 25       1.10  -13.30   48.50 GLY 1.50  1
  120 C 25A      0.70  -12.80   49.80 GLY 2.00  1
  129 N 27       5.10  -11.60   50.40 TRP 1.50  1
  134 C 27Z2    10.60  -13.80   49.00 TRP 1.85  2
  142 O 27       4.90   -8.40   50.00 TRP 1.40  1
  147 C 28A      3.30   -8.30   52.50 PRO 2.00  1
  148 C 28       3.60   -7.00   52.00 PRO 2.00  1
  172 O 30       3.10   -4.50   47.50 GLN 1.40  2
  195 A 34E2    -2.10   -0.30   38.60 GLN 1.50  8
  196 A 34E1    -2.60    1.60   38.30 GLN 1.50  5
  204 O 35D2     1.60    5.30   32.50 ASP 1.40  4
  205 O 35D1     3.10    5.40   34.10 ASP 1.40  4
  212 N 36Z      2.20   10.60   36.10 LYS 1.50  7
  213 C 36D     -0.10   10.00   35.90 LYS 2.00  3
  215 C 36B     -2.60    9.30   35.40 LYS 2.00  6
  216 C 36A     -2.40    7.70   35.70 LYS 2.00  2
  218 O 36      -4.30    6.80   34.70 LYS 1.40  4
  220 C 37GC    -2.20    7.50   30.60 THR 2.00 14
  221 O 37GO    -0.80    5.60   31.30 THR 1.40  1
  222 C 37B     -2.20    6.10   31.20 THR 2.00  3
  223 C 37A     -3.00    5.90   32.60 THR 2.00  2
  224 C 37      -3.30    4.50   32.70 THR 2.00  2
  225 O 37      -4.00    3.70   32.10 THR 1.40  7
  227 C 38A     -2.70    2.80   34.60 GLY 2.00  5
  228 C 38      -1.50    1.90   34.70 GLY 2.00  1
  229 O 38      -1.80    0.80   35.10 GLY 1.40  2
  231 C 39D2     4.10    0.90   32.80 PHE 1.85  1
  232 C 39E2     5.00   -0.10   32.60 PHE 1.85  3
  233 C 39Z      4.70   -1.40   32.50 PHE 1.85  2
  234 C 39E1     3.40   -1.80   32.70 PHE 1.85  3
  235 C 39D1     2.40   -0.90   32.80 PHE 1.85  3
  237 C 39B      1.50    1.50   33.00 PHE 2.00  3
  242 C 40DC     6.40   -2.00   37.40 HIS 1.85  1
  254 C 41Z      5.40    6.30   38.90 PHE 1.85  1
  258 C 41B      6.80    3.70   35.80 PHE 2.00  3
  259 C 41A      7.00    2.20   36.20 PHE 2.00  1
  261 O 41       9.40    2.20   36.90 PHE 1.40  2
  263 S 42G     11.10    3.50   39.00 CYS 1.85  2
  297 O 47       7.10    0.90   58.80 ILE 1.40  4
  299 A 48D1     5.50    3.70   60.50 ASN 1.50  8
  300 A 48D2     6.10    4.90   59.00 ASN 1.50  1
  302 C 48B      4.50    3.20   58.30 ASN 2.00  1
  303 C 48A      4.60    1.80   57.90 ASN 2.00  2
  307 O 49E2    -2.60    1.20   60.50 GLU 1.40 10
  308 O 49E1    -2.10   -0.70   59.70 GLU 1.40  5
  311 C 49B      0.10    1.80   58.60 GLU 2.00  3
  316 A 50D1    -0.30    5.60   59.60 ASN 1.50  6
  317 A 50D2    -1.20    7.00   58.10 ASN 1.50  4
  319 C 50B      1.00    6.60   57.60 ASN 2.00  3
  330 N 51E1     4.60    9.00   58.00 TRP 1.50  2
  364 C 56B     16.10    9.20   44.00 ALA 2.00  2
  367 O 56      13.90    9.50   41.50 ALA 1.40  2
  369 C 57DC    16.00    5.70   37.90 HIS 1.85  6
  370 N 57EN    15.60    4.40   38.10 HIS 1.50  2
  371 C 57EC    16.10    3.70   39.10 HIS 1.85  1
  374 C 57B     17.20    7.50   39.30 HIS 2.00  3
  377 O 57      14.30    8.60   38.10 HIS 1.40  4
  382 C 58      10.90    8.30   39.10 CYS 2.00  1
  383 O 58       9.80    7.80   38.80 CYS 1.40  1
  385 C 59A     10.20   10.70   39.10 GLY 2.00  7
  387 O 59       7.70   10.80   39.10 GLY 1.40  2
  388 N 60       8.70    9.80   41.00 VAL 1.50  1
  394 O 60       7.40   12.10   42.20 VAL 1.40  2
  396 C 61GC     5.60   13.30   39.00 THR 2.00  7
  398 C 61B      4.40   13.20   40.00 THR 2.00  2
  402 N 62       2.90   13.40   43.00 THR 1.50  2
  403 C 62GC     0.00   14.40   45.40 THR 2.00  5
  404 O 62GO     2.50   15.10   45.10 THR 1.40  2
  405 C 62B      1.40   14.50   44.50 THR 2.00  1
  408 O 62      -0.60   12.10   43.40 THR 1.40  2
  410 O 63G     -1.60   12.60   38.50 SER 1.40  6
  411 C 63B     -0.40   12.90   39.20 SER 2.00  6
  412 C 63A     -0.50   12.30   40.50 SER 2.00  2
  414 O 63      -1.60   10.30   39.90 SER 1.40  2
  416 O 64D2     3.90    9.10   39.00 ASP 1.40  1
  424 C 65G2    -3.40    6.20   41.90 VAL 2.00  7
  450 C 69A     -2.00   -6.70   48.50 GLY 2.00  4
  452 O 69      -3.10   -7.60   46.60 GLY 1.40  2
  454 O 70E2    -2.50   -4.80   40.70 GLU 1.40  2
  455 O 70E1    -0.40   -4.30   41.10 GLU 1.40  1
  460 C 70      -0.40   -8.30   44.20 GLU 2.00  1
  461 O 70       0.90   -8.40   44.40 GLU 1.40  2
  463 C 71D2    -1.20  -13.60   42.10 PHE 1.85  1
  464 C 71E2    -0.50  -14.80   41.60 PHE 1.85  3
  467 C 71D1     0.90  -12.70   43.00 PHE 1.85  1
  469 C 71B     -1.30  -11.50   43.40 PHE 2.00  2
  474 O 72D2    -2.10  -12.50   36.40 ASP 1.40  4
  477 C 72B     -1.80  -11.30   38.30 ASP 2.00  2
  480 O 72      -3.60   -8.70   38.50 ASP 1.40  2
  482 A 73E2     2.40   -4.90   38.30 GLN 1.50  2
  483 A 73E1     2.50   -5.50   36.10 GLN 1.50  1
  485 C 73G      0.40   -6.10   37.40 GLN 2.00  2
  486 C 73B     -0.50   -6.50   36.20 GLN 2.00  4
  489 O 73      -3.50   -6.30   35.50 GLN 1.40  4
  491 C 74A     -4.00   -8.50   33.90 GLY 2.00  6
  493 O 74      -6.50   -9.40   33.80 GLY 1.40  6
  495 O 75G     -7.10  -11.50   38.00 SER 1.40  5
  498 C 75      -7.70   -8.20   36.10 SER 2.00  1
  499 O 75      -7.40   -7.10   36.00 SER 1.40  3
  501 O 76G    -11.50   -9.70   34.90 SER 1.40  9
  502 C 76B    -11.70   -8.60   35.90 SER 2.00  8
  503 C 76A    -10.30   -7.70   36.00 SER 2.00  1
  505 O 76     -10.60   -5.70   37.20 SER 1.40  6
  507 O 77G    -11.10   -6.00   41.40 SER 1.40  7
  508 C 77B    -11.40   -6.80   40.10 SER 2.00  7
  509 C 77A    -10.00   -7.20   39.60 SER 2.00  2
  511 O 77     -10.00   -9.30   40.40 SER 1.40  2
  513 O 78E2    -4.50  -10.30   43.60 GLU 1.40  2
  516 C 78G     -6.40  -10.70   42.20 GLU 2.00  3
  517 C 78B     -6.80   -9.40   43.00 GLU 2.00  1
  518 C 78A     -8.30   -8.90   42.70 GLU 2.00  2
  519 C 78      -8.60   -7.90   43.80 GLU 2.00  2
  520 O 78      -9.10   -6.70   43.60 GLU 1.40  2
  522 N 79Z    -12.30  -10.40   50.80 LYS 1.50 11
  523 C 79E    -11.50   -9.30   50.40 LYS 2.00  6
  524 C 79D    -10.60   -9.60   49.30 LYS 2.00  3
  525 C 79G     -9.80   -8.50   48.60 LYS 2.00  3
  526 C 79B     -9.10   -8.90   47.40 LYS 2.00  2
  527 C 79A     -8.80   -7.70   46.30 LYS 2.00  4
  529 O 79      -6.80   -7.00   47.80 LYS 1.40  2
  531 C 80D1    -6.30   -3.40   42.40 ILE 2.00  3
  532 C 80G1    -7.00   -3.80   43.70 ILE 2.00  2
  537 O 80      -8.00   -3.10   46.80 ILE 1.40  5
  539 A 81E1    -5.60   -3.40   52.00 GLN 1.50  2
  540 A 81E2    -5.60   -1.10   52.50 GLN 1.50  2
  542 C 81G     -6.30   -2.20   50.20 GLN 2.00  6
  548 N 82Z     -9.50    0.20   40.50 LYS 1.50  9
  549 C 82E     -8.10   -0.20   40.80 LYS 2.00  6
  550 C 82D     -7.90    0.60   42.20 LYS 2.00  3
  551 C 82G     -6.50    0.20   43.10 LYS 2.00  1
  552 C 82B     -6.40    1.20   44.30 LYS 2.00  2
  555 O 82      -6.20    2.90   46.20 LYS 1.40  2
  557 C 83D2    -5.20    2.60   49.60 LEU 2.00  5
  565 N 84Z     -9.80    9.20   44.90 LYS 1.50  9
  566 C 84E     -8.40    8.40   45.00 LYS 2.00  9
  567 C 84D     -7.30    9.20   46.00 LYS 2.00  8
  568 C 84G     -6.00    8.30   45.70 LYS 2.00  1
  580 O 85      -1.70   11.80   47.00 ILE 1.40  4
  582 C 86B     -0.50   13.30   50.90 ALA 2.00  4
  583 C 86A     -0.40   13.30   49.40 ALA 2.00  2
  585 O 86       0.90   14.90   48.30 ALA 1.40  2
  587 N 87Z      5.40   19.30   52.90 LYS 1.50  9
  588 C 87E      5.20   18.60   51.80 LYS 2.00  9
  589 C 87D      4.40   17.20   52.00 LYS 2.00  4
  590 C 87G      4.40   16.30   50.70 LYS 2.00  3
  598 C 88B      6.90   13.10   46.30 VAL 2.00  3
  601 O 88       7.80   15.00   48.40 VAL 1.40  3
  603 C 89D2     8.70   14.70   53.10 PHE 1.85  2
  610 C 89A      9.40   13.20   50.10 PHE 2.00  2
  614 N 90Z     10.80   18.60   43.60 LYS 1.50  8
  615 C 90E     10.40   17.10   43.90 LYS 2.00  6
  616 C 90D     11.40   16.80   45.20 LYS 2.00  4
  617 C 90G     11.10   15.30   45.60 LYS 2.00  2
  618 C 90B     12.20   15.20   46.60 LYS 2.00  2
  619 C 90A     12.40   13.70   47.40 LYS 2.00  1
  621 O 90      13.50   14.50   49.40 LYS 1.40  2
  623 A 91D2    18.40   11.50   50.70 ASN 1.50  1
  629 O 91      17.30   14.10   47.10 ASN 1.40  1
  631 O 92G     17.90   17.50   51.30 SER 1.40  8
  632 C 92B     18.60   17.00   50.10 SER 2.00  7
  633 C 92A     17.90   16.40   48.90 SER 2.00  3
  634 C 92      19.40   16.10   48.10 SER 2.00  1
  635 O 92      19.90   17.00   47.50 SER 1.40  5
  637 N 93Z     23.90   18.20   51.60 LYS 1.50 11
  638 C 93E     23.50   16.70   51.30 LYS 2.00  6
  639 C 93D     23.20   16.20   49.90 LYS 2.00  6
  640 C 93G     22.60   14.80   50.00 LYS 2.00  2
  641 C 93B     22.30   14.30   48.50 LYS 2.00  2
  644 O 93      22.50   13.30   46.00 LYS 1.40  2
  646 O 94H     18.40    9.70   39.10 TYR 1.40  3
  647 C 94D2    18.10   12.50   41.50 TYR 1.85  4
  648 C 94E2    18.00   11.70   40.40 TYR 1.85  2
  653 C 94B     18.70   12.80   44.00 TYR 2.00  4
  656 O 94      21.60   14.70   43.40 TYR 1.40  4
  658 A 95D2    26.50   13.80   41.40 ASN 1.50  8
  661 C 95B     24.50   12.50   42.40 ASN 2.00  1
  666 O 96G     20.70   15.80   38.60 SER 1.40  7
  667 C 96B     21.80   14.90   38.10 SER 2.00  4
  669 C 96      22.90   12.80   37.40 SER 2.00  1
  670 O 96      22.50   13.50   36.30 SER 1.40  1
  672 C 97D2    24.40   14.20   34.60 LEU 2.00  8
  673 C 97D1    26.20   16.00   35.20 LEU 2.00 13
  674 C 97G     25.40   14.50   35.70 LEU 2.00  1
  675 C 97B     26.30   13.30   36.30 LEU 2.00  4
  676 C 97A     25.40   12.20   36.80 LEU 2.00  1
  678 O 97      26.80   10.50   36.60 LEU 1.40  6
  680 C 98GC    28.20    9.70   41.40 THR 2.00  4
  681 O 98GO    28.10   11.30   39.70 THR 1.40  6
  687 C 99D1    22.40    8.30   37.70 ILE 2.00  6
  688 C 99G1    23.00    7.20   38.50 ILE 2.00  2
  695 A100D1    26.90    9.30   46.70 ASN 1.50  4
  698 C100B     26.00    9.00   44.40 ASN 2.00  2
  703 A101D2    23.90   11.40   48.10 ASN 1.50  2
  704 A101D1    23.40    9.90   49.70 ASN 1.50  2
  728 O104GO    12.60   10.30   45.90 THR 1.40  2
  750 N107Z      2.00   12.10   57.60 LYS 1.50  2
  751 C107E      1.80   13.00   56.50 LYS 2.00  4
  765 O108      -1.90    9.60   53.50 LEU 1.40  1
  767 O109G     -6.30   10.90   50.50 SER 1.40  5
  768 C109B     -5.00   10.40   50.30 SER 2.00  1
  771 O109      -4.70    9.80   54.10 SER 1.40  4
  772 N110      -5.10    8.20   52.50 THR 1.50  1
  773 C110GC    -8.10    6.30   54.20 THR 2.00 10
  774 O110GO    -7.50    8.50   52.80 THR 1.40  6
  775 C110B     -7.00    7.00   53.10 THR 2.00  1
  780 C111B     -4.40    4.40   56.40 ALA 2.00  3
  787 C112      -3.60    0.20   55.40 ALA 2.00  1
  790 O113G     -7.10   -2.00   54.60 SER 1.40  4
  791 C113B     -6.60   -1.80   56.00 SER 2.00  9
  792 C113A     -5.00   -1.50   55.90 SER 2.00  1
  796 C114D2     0.50   -3.00   58.30 PHE 1.85  3
  797 C114E2     1.70   -2.20   57.90 PHE 1.85  2
  802 C114B     -1.70   -4.20   57.90 PHE 2.00  4
  805 O114      -5.00   -5.60   57.90 PHE 1.40  6
  807 O115G     -4.90   -7.70   54.40 SER 1.40  2
  808 C115B     -5.40   -8.00   55.60 SER 2.00  5
  809 C115A     -4.30   -8.10   56.70 SER 2.00  2
  810 C115      -3.30   -9.30   56.30 SER 2.00  2
  813 A116E1    -5.90  -15.00   58.10 GLN 1.50 11
  814 A116E2    -5.90  -14.20   55.90 GLN 1.50 11
  816 C116G     -4.30  -13.40   57.30 GLN 2.00  4
  822 C117GC    -2.90  -11.30   50.90 THR 2.00  6
  823 O117GO    -3.60   -8.90   51.40 THR 1.40  2
  827 O117      -0.30   -8.40   51.60 THR 1.40  1
  836 O119G      0.90   -7.10   56.50 SER 1.40  1
  837 C119B      2.40   -6.80   56.80 SER 2.00  3
  842 C120B      5.50   -2.40   57.50 ALA 2.00  2
  852 O121       9.30   -2.80   57.30 VAL 1.40  1
  854 S122G     10.70   -5.60   60.50 CYS 1.85  1
  855 C122B     12.10   -4.60   59.90 CYS 2.00  3
  856 C122A     11.90   -3.50   58.90 CYS 2.00  1
  859 N123      13.70   -1.60   58.90 LEU 1.50  1
  861 C123D1    12.40    1.90   58.30 LEU 2.00  3
  865 C123      16.40   -1.20   59.50 LEU 2.00  2
  866 O123      16.50   -1.80   60.60 LEU 1.40  5
  870 C124B     19.50   -0.30   57.60 PRO 2.00  1
  873 O124      18.40    0.80   60.20 PRO 1.40  1
  875 O125G     19.80    0.00   63.10 SER 1.40  7
  876 C125B     21.10    0.50   62.80 SER 2.00  3
  881 C126B     23.80    4.90   60.90 ALA 2.00  8
  884 O126      26.40    2.60   60.80 ALA 1.40  5
  886 O127G     24.20    0.70   64.10 SER 1.40  2
  887 C127B     25.40    1.30   64.20 SER 2.00  6
  888 C127A     26.00    1.60   62.70 SER 2.00  4
  889 C127      26.20    0.10   62.40 SER 2.00  2
  890 O127      26.10   -0.30   63.60 SER 1.40  2
  892 O128D2    22.10   -2.60   62.60 ASP 1.40  1
  895 C128B     24.50   -2.30   62.60 ASP 2.00  3
  896 C128A     25.70   -2.00   61.50 ASP 2.00  1
  898 O128      26.90   -2.20   59.60 ASP 1.40  3
  899 N129      25.90   -4.00   60.00 ASP 1.50  1
  900 O129D2    29.50   -5.20   57.70 ASP 1.40  6
  901 O129D1    28.50   -7.00   58.30 ASP 1.40  2
  903 C129B     27.80   -5.00   59.40 ASP 2.00  4
  904 C129A     26.40   -4.60   58.80 ASP 2.00  1
  906 O129      24.90   -6.60   59.00 ASP 1.40  3
  910 C130Z     21.10   -4.70   58.00 PHE 1.85  2
  912 C130D1    23.40   -4.30   57.00 PHE 1.85  1
  914 C130B     24.30   -5.90   55.30 PHE 2.00  2
  917 O130      27.10   -5.80   54.80 PHE 1.40  4
  919 C131B     29.00   -9.30   56.20 ALA 2.00  7
  920 C131A     28.80   -8.20   55.10 ALA 2.00  2
  923 N132      30.00   -8.90   53.10 ALA 1.50  2
  924 C132B     32.00   -9.30   51.40 ALA 2.00  7
  927 O132      30.40  -11.60   52.60 ALA 1.40  5
  929 C133A     28.90  -12.80   50.50 GLY 2.00  3
  930 C133      27.50  -13.20   51.30 GLY 2.00  2
  931 O133      27.10  -14.40   50.80 GLY 1.40  3
  933 C134GC    24.20  -11.20   54.60 THR 2.00  7
  934 O134GO    26.70  -11.30   54.60 THR 1.40  1
  936 C134A     25.60  -12.60   52.90 THR 2.00  1
  939 N135      23.70  -13.70   51.80 THR 1.50  1
  940 C135GC    21.20  -15.90   50.30 THR 2.00  9
  941 O135GO    23.50  -16.10   50.10 THR 1.40  4
  942 C135B     22.50  -15.50   50.80 THR 2.00  2
  945 O135      20.80  -13.80   52.40 THR 1.40  4
  953 C137G2    14.90  -13.60   49.70 VAL 2.00  4
  960 C138GC    15.90   -8.90   43.90 THR 2.00  1
  990 O141       7.40   -6.40   36.20 TRP 1.40  1
  992 C142A     10.10   -6.40   35.80 GLY 2.00  1
  996 C143D2    10.60   -6.40   30.20 LEU 2.00  3
  997 C143D1    12.70   -5.00   30.00 LEU 2.00  4
  998 C143G     11.70   -5.70   31.10 LEU 2.00  2
 1004 C144GC    10.30  -12.10   34.40 THR 2.00  2
 1005 O144GO    10.70  -12.70   32.10 THR 1.40  4
 1006 C144B     11.40  -12.60   33.30 THR 2.00  4
 1009 O144      14.50  -12.70   32.60 THR 1.40  2
 1011 N145H2    17.10  -15.10   25.40 ARG 1.50 10
 1012 N145H1    15.00  -15.60   25.50 ARG 1.50 10
 1013 C145Z     16.00  -15.20   26.20 ARG 1.85  2
 1015 C145D     15.00  -15.00   28.30 ARG 2.00  7
 1016 C145G     14.90  -14.00   29.40 ARG 2.00  3
 1017 C145B     15.20  -12.70   29.00 ARG 2.00  2
 1022 O146H     19.00   -3.60   24.70 TYR 1.40  7
 1023 C146D2    18.60   -7.00   25.50 TYR 1.85  2
 1024 C146E2    18.80   -5.70   24.70 TYR 1.85  5
 1025 C146Z     19.00   -4.70   25.60 TYR 1.85  2
 1026 C146E1    18.90   -4.80   26.90 TYR 1.85  2
 1029 C146B     18.50   -8.40   27.50 TYR 2.00  3
 1032 O146X1    15.70   -7.70   26.10 TYR 1.40  4
 1033 O146X2    15.70   -9.80   26.50 TYR 1.40  3
 1034 N149NT     6.10  -10.90   25.00 ALA 1.50  8
 1035 C149B      6.40   -8.80   26.10 ALA 2.00  8
 1036 C149A      7.20   -9.90   25.60 ALA 2.00  3
 1038 O149       7.80  -12.00   27.10 ALA 1.40  7
 1040 A150D1    12.00  -10.10   26.30 ASN 1.50  6
 1041 A150D2    10.90  -12.00   26.90 ASN 1.50  6
 1048 C151GC     4.50   -6.60   31.10 THR 2.00  4
 1049 O151GO     6.10   -6.40   29.50 THR 1.40  5
 1050 C151B      5.50   -7.40   30.10 THR 2.00  1
 1052 C151       5.60   -9.20   31.60 THR 2.00  2
 1053 O151       4.70   -9.70   30.90 THR 1.40  4
 1058 C152A      5.00  -10.60   33.90 PRO 2.00  3
 1061 N153       2.50  -10.50   34.20 ASP 1.50  1
 1062 O153D2    -0.70   -9.90   31.80 ASP 1.40  8
 1063 O153D1     1.20   -9.20   32.40 ASP 1.40  3
 1065 C153B      0.00  -10.40   34.10 ASP 2.00  2
 1070 N154H2    -0.60  -17.60   35.50 ARG 1.50 10
 1071 N154H1     1.20  -18.10   36.90 ARG 1.50  7
 1072 C154Z      0.30  -17.20   36.40 ARG 1.85  4
 1073 N154E      0.40  -15.90   36.80 ARG 1.50  1
 1074 C154D      1.30  -15.20   37.60 ARG 2.00  2
 1076 C154B      2.40  -13.20   38.40 ARG 2.00  1
 1081 C155D2     5.40   -9.80   44.70 LEU 2.00  1
 1089 A156E1     6.90  -14.00   38.00 GLN 1.50  2
 1090 A156E2     9.10  -14.80   37.90 GLN 1.50  3
 1098 A157E2    10.30  -17.00   45.50 GLN 1.50  5
 1108 C158A     15.00  -13.70   43.10 ALA 2.00  2
 1112 O159G     16.40  -15.10   47.10 SER 1.40  3
 1113 C159B     17.80  -15.20   46.60 SER 2.00  6
 1115 C159      19.40  -14.10   45.20 SER 2.00  2
 1116 O159      19.80  -14.70   44.10 SER 1.40  2
 1126 C161D     24.50  -13.60   45.10 PRO 2.00  2
 1127 C161G     26.00  -13.60   45.10 PRO 2.00  2
 1128 C161B     26.50  -13.10   46.50 PRO 2.00  4
 1142 C163D1    28.50   -9.00   45.10 LEU 2.00  2
 1143 C163G     30.00   -8.50   44.70 LEU 2.00  2
 1145 C163A     29.90   -8.00   47.40 LEU 2.00  2
 1147 O163      29.90   -5.80   48.80 LEU 1.40  2
 1149 O164G     33.80   -7.20   50.30 SER 1.40  3
 1150 C164B     34.20   -6.50   49.20 SER 2.00  4
 1151 C164A     32.90   -5.80   48.70 SER 2.00  2
 1154 N165      33.00   -3.50   47.80 ASN 1.50  1
 1155 A165D1    31.30    0.30   48.40 ASN 1.50  5
 1158 C165B     33.00   -1.00   47.20 ASN 2.00  4
 1163 C166GC    38.90   -4.50   47.60 THR 2.00 11
 1164 O166GO    37.80   -2.80   48.60 THR 1.40  8
 1165 C166B     37.50   -3.80   47.70 THR 2.00  1
 1168 O166      37.10   -3.90   44.10 THR 1.40  2
 1170 A167D1    35.70   -8.80   46.30 ASN 1.50 10
 1171 A167D2    33.60   -8.10   47.10 ASN 1.50  2
 1173 C167B     34.40   -7.30   44.90 ASN 2.00  1
 1184 N169Z     37.00    3.20   45.30 LYS 1.50 10
 1185 C169E     36.40    2.30   44.20 LYS 2.00  1
 1186 C169D     37.40    1.20   43.60 LYS 2.00  4
 1188 C169B     37.00   -0.90   42.10 LYS 2.00  2
 1190 C169      36.60   -2.40   40.40 LYS 2.00  2
 1191 O169      37.20   -1.90   39.50 LYS 1.40  3
 1193 N170Z     39.70   -9.30   42.50 LYS 1.50  8
 1194 C170E     39.70   -8.00   42.00 LYS 2.00  7
 1195 C170D     38.40   -7.60   41.10 LYS 2.00  4
 1196 C170G     38.30   -6.20   40.70 LYS 2.00  3
 1197 C170B     37.20   -6.00   39.50 LYS 2.00  2
 1200 O170      36.70   -4.50   36.70 LYS 1.40  4
 1202 O171H     32.60  -10.00   39.50 TYR 1.40  7
 1206 C171E1    32.80   -8.50   37.60 TYR 1.85  4
 1207 C171D1    32.80   -7.10   37.10 TYR 1.85  1
 1209 C171B     32.70   -4.60   37.60 TYR 2.00  1
 1210 C171A     34.00   -4.30   36.90 TYR 2.00  3
 1212 O171      33.90   -2.40   35.30 TYR 1.40  6
 1216 C172Z3    29.20   -0.10   34.80 TRP 1.85  3
 1217 C172H2    27.90   -0.70   34.80 TRP 1.85  2
 1225 C172      33.90    0.60   37.70 TRP 1.85  1
 1228 C173A     36.10    1.50   38.70 GLY 2.00  5
 1229 C173      35.80    2.70   39.60 GLY 2.00  2
 1232 C174GC    36.60    7.50   39.20 THR 2.00 10
 1233 O174GO    38.20    6.00   38.20 THR 1.40  8
 1234 C174B     36.80    6.20   38.50 THR 2.00  3
 1235 C174A     36.10    5.20   39.50 THR 2.00  1
 1237 O174      34.20    6.40   40.30 THR 1.40  1
 1239 N175Z     33.20    4.50   34.70 LYS 1.50  7
 1240 C175E     32.00    3.40   35.00 LYS 2.00  4
 1241 C175D     30.80    4.30   35.70 LYS 2.00  5
 1242 C175G     31.30    4.90   37.00 LYS 2.00  4
 1251 C176G2    31.60    1.80   44.80 ILE 2.00  1
 1254 O176      33.60    4.50   44.50 ILE 1.40  3
 1256 N177Z     32.00    8.80   41.00 LYS 1.50  4
 1257 C177E     31.60    9.00   42.40 LYS 2.00  5
 1259 C177G     30.70    7.90   44.40 LYS 2.00  1
 1264 N178      31.40    5.90   48.10 ASP 1.50  2
 1265 O178D2    33.00    8.40   49.50 ASP 1.40 11
 1266 O178D1    33.20    6.60   50.80 ASP 1.40  9
 1267 C178G     32.50    7.50   50.20 ASP 1.50  1
 1268 C178B     31.20    7.00   50.30 ASP 2.00  6
 1269 C178A     31.00    5.60   49.60 ASP 2.00  3
 1271 O178      29.20    4.20   50.30 ASP 1.40  2
 1273 C179B     26.20    6.60   48.90 ALA 2.00  1
 1303 O183      24.40   -7.50   42.20 ALA 1.40  1
 1309 C185B     28.20  -10.50   39.40 ALA 2.00  1
 1312 O185      28.00  -13.40   39.40 ALA 1.40  6
 1316 C186A     25.80  -14.80   40.20 SER 2.00  3
 1317 C186      24.60  -15.70   39.60 SER 2.00  1
 1318 O186      24.40  -16.80   40.30 SER 1.40  6
 1320 C187A     22.90  -15.80   37.80 GLY 2.00  6
 1324 C188G2    20.00  -12.80   41.20 VAL 2.00  2
 1332 C189B     20.60   -8.30   36.60 SER 2.00  2
 1333 C189A     20.20   -9.00   37.90 SER 2.00  1
 1340 C190      17.50   -6.20   37.00 SER 2.00  2
 1341 O190      18.50   -6.10   36.50 SER 1.40  2
 1345 C191A     16.20   -5.40   35.00 CYS 2.00  2
 1346 C191      15.00   -4.50   35.00 CYS 2.00  2
 1349 C192E     16.70   -1.40   30.10 MET 2.00  5
 1350 S192D     14.90   -1.40   30.20 MET 1.85  6
 1351 C192G     14.70   -2.00   32.00 MET 2.00  4
 1352 C192B     13.20   -2.60   32.30 MET 2.00  3
 1357 C193A     10.30   -2.90   35.80 GLY 2.00  4
 1379 O195G     14.00    2.10   38.40 SER 1.40  1
 1380 C195B     14.70    0.90   38.70 SER 2.00  3
 1390 C197      12.80   -2.50   46.00 GLY 2.00  1
 1408 C200G2    13.80   -9.40   51.40 VAL 2.00  1
 1416 C201B     19.50   -9.20   54.80 CYS 2.00  1
 1421 N202Z     13.00  -16.90   59.30 LYS 1.50 11
 1422 C202E     13.40  -15.30   59.40 LYS 2.00  3
 1423 C202D     14.30  -15.10   58.30 LYS 2.00  4
 1424 C202G     14.60  -13.40   58.40 LYS 2.00  1
 1425 C202B     15.60  -13.10   57.30 LYS 2.00  1
 1427 C202      17.00  -11.30   58.70 LYS 2.00  2
 1428 O202      18.10  -11.50   58.70 LYS 1.40  4
 1430 N203Z     21.90   -6.40   63.50 LYS 1.50  7
 1431 C203E     21.10   -7.80   63.20 LYS 2.00  6
 1432 C203D     20.10   -7.70   62.10 LYS 2.00  3
 1433 C203G     19.30   -9.10   61.90 LYS 2.00  3
 1435 C203A     17.40  -10.40   60.90 LYS 2.00  2
 1438 N204      16.90  -11.20   63.40 ASN 1.50  2
 1439 A204D1    17.40   -8.80   66.90 ASN 1.50 10
 1440 A204D2    18.40  -10.50   65.90 ASN 1.50  7
 1441 C204G     17.40   -9.70   66.20 ASN 1.50  1
 1442 C204B     16.10  -10.10   65.40 ASN 2.00  5
 1443 C204A     16.00  -11.50   64.70 ASN 2.00  3
 1444 C204      14.50  -11.80   64.20 ASN 2.00  1
 1445 O204      13.60  -11.60   64.90 ASN 1.40  7
 1447 C205A     13.30  -13.50   62.70 GLY 2.00  6
 1448 C205      12.30  -12.50   61.90 GLY 2.00  1
 1449 O205      11.30  -13.10   61.40 GLY 1.40  3
 1451 C206B     11.20   -9.30   61.30 ALA 2.00  3
 1459 C207H2    13.90  -13.40   53.40 TRP 1.85  4
 1460 C207Z2    12.90  -13.90   54.20 TRP 1.85  4
 1471 O208GO    15.70   -6.30   59.20 THR 1.40  3
 1505 C213G1    17.00   -2.30   41.30 VAL 2.00  1
 1515 O214      19.00    2.30   39.00 SER 1.40  2
 1518 C215E3    25.30    1.60   37.00 TRP 1.85  2
 1519 C215Z3    26.70    1.40   36.70 TRP 1.85  1
 1526 C215B     22.20    2.30   37.80 TRP 2.00  2
 1527 C215A     21.50    0.90   38.20 TRP 2.00  2
 1528 C215      22.30   -0.40   37.90 TRP 1.85  2
 1531 C216A     23.20   -1.90   36.00 GLY 2.00  4
 1533 O216      24.50   -0.70   34.50 GLY 1.40  4
 1535 O217G     24.70   -5.60   31.90 SER 1.40  1
 1538 C217      23.60   -2.90   32.10 SER 2.00  2
 1539 O217      22.40   -2.80   32.50 SER 1.40  2
 1541 O218G     24.90   -0.80   28.80 SER 1.40  7
 1542 C218B     23.90   -1.70   28.50 SER 2.00  7
 1543 C218A     23.20   -2.20   29.80 SER 2.00  2
 1547 C219GC    22.30   -8.10   28.00 THR 2.00  6
 1548 O219GO    23.30   -6.00   27.10 THR 1.40  4
 1549 C219B     23.10   -6.70   28.30 THR 2.00  2
 1552 O219      21.20   -7.70   30.20 THR 1.40  2
 1556 C220A     20.80   -6.50   32.70 CYS 2.00  1
 1558 O220      20.70   -8.90   33.00 CYS 1.40  1
 1560 O221G     25.60  -10.30   31.50 SER 1.40  2
 1561 C221B     25.00   -8.90   31.60 SER 2.00  2
 1566 C222GC    21.70  -12.70   33.60 THR 2.00  2
 1567 O222GO    23.90  -13.60   33.00 THR 1.40  5
 1568 C222B     23.10  -13.10   34.10 THR 2.00  2
 1570 C222      25.40  -12.40   35.20 THR 2.00  2
 1571 O222      25.50  -13.10   36.30 THR 1.40  2
 1573 O223G     28.20  -11.60   32.60 SER 1.40  4
 1574 C223B     28.50  -12.40   33.70 SER 2.00  9
 1577 O223      29.80  -10.50   35.30 SER 1.40  1
 1579 C224GC    28.20   -5.80   35.10 THR 2.00  2
 1580 O224GO    28.60   -7.70   33.80 THR 1.40  5
 1621 N230H2    29.10   -1.40   50.70 ARG 1.50  2
 1622 N230H1    28.10   -1.30   52.70 ARG 1.50  6
 1639 C232GC    25.40    2.00   56.30 THR 2.00  4
 1640 O232GO    24.20    0.10   55.60 THR 1.40  2
 1646 C233B     25.10    5.70   53.70 ALA 2.00  5
 1647 C233A     23.90    5.70   54.70 ALA 2.00  2
 1648 C233      22.90    6.60   54.40 ALA 2.00  1
 1649 O233      23.20    7.70   54.10 ALA 1.40  2
 1666 A236D1    21.60    8.40   61.00 ASN 1.50  9
 1667 A236D2    19.70    7.60   61.90 ASN 1.50  8
 1669 C236B     19.50    9.50   60.60 ASN 2.00  4
 1680 N237E1    14.90   13.70   53.90 TRP 1.50  2
 1681 C237D1    15.90   13.80   54.70 TRP 1.85  5
 1683 C237B     17.50   11.70   55.70 TRP 2.00  4
 1695 A239E1    13.70    4.10   61.10 GLN 1.50  3
 1696 A239E2    12.30    5.80   61.60 GLN 1.50  5
 1698 C239G     14.70    6.30   61.20 GLN 2.00  2
 1699 C239B     14.40    7.80   61.60 GLN 2.00  5
 1701 C239      13.10   10.10   61.10 GLN 2.00  1
 1704 A240E2    18.50   13.90   62.80 GLN 1.50 10
 1705 A240E1    17.60   14.90   60.90 GLN 1.50 10
 1707 C240G     16.30   13.10   62.00 GLN 2.00  4
 1708 C240B     15.00   13.40   61.10 GLN 2.00  3
 1716 C241A     11.50   13.00   58.30 THR 2.00  2
 1721 C242D1     8.90    6.80   58.90 LEU 2.00  2
 1723 C242B      9.00    9.10   59.90 LEU 2.00  3
 1725 C242       8.50   11.20   61.30 LEU 2.00  1
 1726 O242       7.40   11.10   61.60 LEU 1.40  3
 1728 C243B     10.90   12.70   63.50 ALA 2.00  6
 1729 C243A      9.40   12.40   63.20 ALA 2.00  2
 1730 C243       8.50   13.70   63.20 ALA 2.00  1
 1731 O243       7.50   13.80   64.00 ALA 1.40  6
 1733 C244B      8.70   16.80   61.00 ALA 2.00 10
 1734 C244A      8.10   15.70   62.10 ALA 2.00  3
 1735 C244       6.90   15.60   61.10 ALA 2.00  1
 1736 O244       6.20   16.80   61.00 ALA 1.40  4
 1739 A245D1     6.30   16.90   57.70 ASN 1.50  5
 1742 C245A      5.00   14.70   59.70 ASN 2.00  2
 1743 C245       3.80   13.80   59.90 ASN 2.00  2
 1744 O245X1     4.00   12.60   60.10 ASN 1.40  4
 1745 O245X2     2.60   14.30   59.80 ASN 1.40  6
38.40 SER 1.40  1
 1380 C195B     14.70    0.90   38.70 SER 2.00  3
 1390 C197 