42
16.,.058
18.,.076
20.,.092
22.,.104
24.,.119
26.,.140
28.,.151
30.,.171
32.,.190
34.,.206
36.,.231
38.,.253
40.,.273
42.,.302
44.,.327
46.,.352
48.,.387
50.,.415
52.,.443
54.,.479
56.,.512
58.,.539
60.,.578
62.,.615
64.,.644
65.,.667
66.,.680
67.,.675
68.,.653
70.,.628
72.,.475
73.,.369
74.,.344
75.,.269
76.,.213
77.,.156
78.,.117
79.,.084
80.,.053
81.,.036
82.,.022
84.,.001
4
24.,.119
26.,.140
28.,.151
30.,.171
32.,.190
34.,.206
36.,.231
38.,.253
40.,.273
42.,.302
44.,.327
46.,.352
48.,.387
50.,.415
52.,.443
54.,.479
56.,.512
58.,.539
60.,.578
62.,.615
64.,.644
65.,.667
66.,.680
67.,.675
68.,.653
70.,.628
72.,.475
73.,.369
74.,.344
75.,.269
76.,.213
77.,.156
78.,.117
79.,.084
