1234--123456---123456---12345678----12345------1234
2500  .10047   -1.274    -.00336    2.436
2500  .50604   -.5326    -.01659    2.694
2501  1.0219   -.1998    -.03511    3.339
2510  1.5486   .00835    -.05393    4.988
2511  2.0870   .16753    -.07472    5.082
2509  2.6378   .30237    -.09761    4.886
2505  3.2019   .42162    -.12205    4.423
2506  4.3739   .63560    -.17913    4.059
C    NACL TITRATION OF HEMOGLOBIN
C    RUN,MOLALITY,LN(A(S)),LN(A(W)),LN(K(REF))
500  .50604   -.5326    -.01659    2.694
2501  1.0219   -.1998    -.03511    3.339
2510  1.5486   .00835    -.05393    4.988
2511  2.0870   .16753    -.07472    5.082
2509  2.6378   .30237    -.09761    4.886
2505  3.2019   .42162    -.12205    4.423
2506  4.3739   .63560    -.179