 2.08   5.720   0.230   2814 20.
2.420   7.72    0.256   2834  5.
2.420   7.26    0.178   2834 10.
2.420   6.93    0.157   2834 15.
2.527   6.545   0.134   2820 20.
 2.70   7.367   0.149   2819 20.
2.756   9.45    0.069   2829  5.
2.756   9.28    0.111   2829 10.
2.756   8.65    0.183   2829 15.
2.756   8.04    0.181   2829 20.
2.756   7.23    0.122   2829 25.
2.756   6.60    0.254   2829 30.
2.756   4.66    0.123   2829 35.
2.836   9.62    0.078   2831  5.
2.836   9.24    0.117   2831 10.
2.836   8.86    0.253   2831 15.
2.836   8.30    0.089   2831 20.
2.836   7.58    0.129   2831 25.
2.836   6.84    0.039   2831 30.
2.836   6.23    0.217   2831 35.
2.900   9.39    0.091   2827  5.
2.900   9.16    0.115   2827 10.
2.900   8.77    0.072   2827 15.
2.900   8.23    0.244   2827 20.
2.900   7.39    0.216   2827 25.
2.900   6.85    0.229   2827 30.
2.900   5.66    0.953   2827 35.
 2.92   8.711    .224   2818 20.
 3.02   9.127    .090   2815 20.
3.022  10.81     .139   2830  5.
3.022  10.56     .122   2830 10.
3.022  10.23     .141   2830 15.
3.022   9.49     .071   2830 20.
3.022   8.63     .072   2830 25.
3.152  11.080   0.524   2822 20.
3.170  10.47    0.219   2824  5.
3.170  10.43    0.162   2824 10.
3.170  10.06    0.187   2824 15.
3.170   9.85    0.131   2824 20.
3.170   9.13    0.142   2824 25.
3.170   8.50    0.176   2824 30.
3.230  10.749   0.114   2821 20.
 3.33  10.980    .171   2816 20.
3.478  11.960    .135   2823 20.
3.525  11.43    0.205   2833  5.
3.525  11.34    0.270   2833 10.
3.525  11.10    0.184   2833 15.
3.525  11.14    0.182   2833 20.
3.525  10.62    0.129   2833 25.
3.525  10.32    0.092   2833 30.
3.525   9.80    0.093   2833 35.
 3.54  12.138    .234   2817 20.
3.708  14.33    0.651   2826  5.
3.708  12.79    0.238   2826 10.
3.708  12.79    0.330   2826 15.
3.708  12.75    0.278   2826 20.
3.708  12.16    0.203   2826 25.
3.708  11.79    0.265   2826 30.
3.708  11.08    0.298   2826 35.
 3.72  12.801   0.159   2812 20.
3.865  13.04    0.300   2828 25.
3.865  12.84    0.223   2828 30.
3.865  12.35    0.268   2828 35.
 9.99   9.99    9.99 
123451234567812345678XXX1234
PH,LN[K(2,OBS)], EST. ERROR, RUN NUMBER
F5.2,2F8.3,,3X,I4
PLPA(2) AT 20 DEG
0.05 M ACETATE BUFFER,.001 M CA++,0.19 M KCL+.01 M HCL
2823 IS ACETATE
OR AFTER RUN 2821:
0.001 M GLYGLY.HCL, 0.001 M CACL2, 0.2 M KCL
2824		.001M CACL2	TEMP STUDY
2826,2827	10**(-5) CA++	TEMP STUDY
2828-2834       .001 CACL2, GLYGLY TEMP STUDY
 AS OF 8/19/82 TEMP STUDIES DONT HAVE SELF CONSISTENT V-BAR
 AS OF 9/15/82 TEMP STUDIES DONT HAVE SELF CONSISTENT V-BAR
 20 DEG
0.05 M ACETATE BUFFER,.001 M C