
 ELIPSE:   A=  1.000 B=  1.000
    46  0.25880
    1   0.00000   0.00000   1.00000
    2   0.49997   0.00000   0.86604
    3   0.24999   0.43299   0.86604
    4  -0.24999   0.43299   0.86604
    5  -0.49997  -0.00000   0.86604
    6  -0.24999  -0.43299   0.86604
    7   0.24999  -0.43299   0.86604
    8   0.86600   0.00000   0.50006
    9   0.70060   0.50902   0.50006
   10   0.26761   0.82361   0.50006
   11  -0.26761   0.82361   0.50006
   12  -0.70060   0.50902   0.50006
   13  -0.86600  -0.00000   0.50006
   14  -0.70060  -0.50902   0.50006
   15  -0.26761  -0.82361   0.50006
   16   0.26761  -0.82361   0.50006
   17   0.70060  -0.50902   0.50006
   18   1.00000   0.00000   0.00010
   19   0.86603   0.50000   0.00010
   20   0.50000   0.86603   0.00010
   21  -0.00000   1.00000   0.00010
   22  -0.50000   0.86603   0.00010
   23  -0.86603   0.50000   0.00010
   24  -1.00000   0.00000   0.00010
   25  -0.86603  -0.50000   0.00010
   26  -0.50000  -0.86603   0.00010
   27   0.00000  -1.00000   0.00010
   28   0.50000  -0.86603   0.00010
   29   0.86603  -0.50000   0.00010
   30   0.00000   0.00000  -1.00000
   31   0.49997   0.00000  -0.86604
   32   0.24999   0.43299  -0.86604
   33  -0.24999   0.43299  -0.86604
   34  -0.49997  -0.00000  -0.86604
   35  -0.24999  -0.43299  -0.86604
   36   0.24999  -0.43299  -0.86604
   37   0.86600   0.00000  -0.50006
   38   0.70060   0.50902  -0.50006
   39   0.26761   0.82361  -0.50006
   40  -0.26761   0.82361  -0.50006
   41  -0.70060   0.50902  -0.50006
   42  -0.86600  -0.00000  -0.50006
   43  -0.70060  -0.50902  -0.50006
   44  -0.26761  -0.82361  -0.50006
   45   0.26761  -0.82361  -0.50006
   46   0.70060  -0.50902  -0.50006
