0000)
0000/0000 5513 7700 2732 0000 0003 0100 7770
0010)0002 7741 7766 7772 7774 7766 2777 6777
0020)
0020/7032 6775 6774 7377 0000 6776 0000 6777 0654 0000 1200 2302 7757 1553 0000 0004 
0040/7770 0015 1037 3572 2037 1437 0040 1000 3437 5530 2477 0000 2200 2302 0000 0332 
0060/2722 1722 0257 0012 0037 7756 1102 7766 0000 0440 7632 1414 0000 0000 1056 0000 
0100/0177 7775 0000 0077 0444 0200 1131 2262 0505 0330 0031 7600 3024 1112 3571 5515 
0120/0000 0000 7200 0000 0000 1305 1201 0341 7641 0000 0360 0000 7771 4476 7740 4565 
0140/5534 0000 3024 3120 4547 0000 5541 0145 7000 0000 7576 0000 0667 0000 0011 0006 
0160/7761 1156 1221 2400 0602 0461 0056 7602 7611 1111 7640 0000 0010 0000 0000 0007 
0200/5657 3257 1052 3131 3060 7346 3037 3476 1037 3100 7240 3315 1015 3134 1315 2134 
0220/5216 2100 5213 3315 5227 3257 2476 1315 7100 1257 7430 5225 7720 7700 1476 7440 
0240/5244 1046 4525 5247 1204 4525 7330 2037 5207 1257 1204 4525 1064 4525 5600 6600 
0260/4510 4315 5657 3200 2026 4315 5304 3100 1015 3037 7100 1200 7430 5511 2037 5273 
0300/1100 7420 5263 5511 7240 4510 1200 7040 7450 5511 7160 2257 5657 0000 4504 1234 
0320/7120 1015 7620 5715 4504 1234 2315 5715 4112 2415 5471 5513 4561 1200 0400 0061 
0340/5735 7536 3122 7240 1741 2341 3016 7360 1741 2341 3017 1416 3417 2122 5353 5741 
0360/0000 3020 1060 7110 1131 3341 1741 0235 1020 7430 5376 7126 7126 7126 3741 5760
0400)
0400/1224 3425 1022 3427 1224 3422 7240 3421 4267 1177 4507 5471 4504 7650 5200 4461 
0420/5511 4321 5211 1070 3000 1067 3015 4561 1200 0400 0006 3121 7410 4476 7000 4565 
0440/1121 7640 5223 5776 0000 1026 7110 1031 3261 1661 7430 5257 7012 7012 7012 0103 
0460/5644 0000 4037 7000 0200 0015 5661 0000 1427 7041 1425 7450 5667 3122 7240 1425 
0500/3016 3416 2122 5301 5667 7777 3335 4504 1136 7440 7001 7640 5705 2026 2335 5307 
0520/5705 0000 7344 1173 3001 1401 3335 1555 3336 1425 7040 1401 4527 0000 0000 1017 
0540/3425 1173 7041 1427 7130 3122 1401 7041 1555 3100 1401 1100 3555 2001 2155 1401 
0560/3555 7346 1001 3001 7346 1155 3155 2122 5352 7326 1155 3427 4267 5721 2000
0600)
0600/7402 5471 0000 3077 4454 5222 4134 7346 4527 0100 0002 1005 3122 1423 3075 1150 
0620/4554 5602 4504 1376 7110 7640 5242 7430 1377 1046 3507 2026 4134 4510 1335 3002 
0640/1507 5602 4504 7440 1375 7640 5511 7346 4527 0002 0100 5206 0000 7330 1024 3024 
0660/5654 0000 4037 7000 4200 0015 5661 0000 3001 1401 7650 5322 7240 1001 3016 1103 
0700/3017 7346 3133 1416 7041 1417 7640 5314 2133 5303 1075 5667 1075 1374 3075 1001 
0720/1122 5270 1100 1006 7640 2077 5361 1423 3075 1150 3355 1355 1772 7700 5367 1755 
0740/7440 7040 7650 5352 1075 1374 3075 1355 1122 5332 7346 4527 0100 0000 4261 1075 
0760/5667 3024 4466 0100 4112 1172 5457 4112 2370 5471 7375 3603 0020 7706 7734 7760
1000)
1000/0000 7440 5211 1041 4507 1063 4507 3123 5600 2200 1011 7450 5221 0103 1064 4507 
1020/5600 1074 7104 1123 7510 7240 0177 1040 3056 7430 5240 1046 4507 2056 5233 5600 
1040/1056 2056 1014 7130 7130 3056 1156 4507 2056 5247 1123 1174 0040 5207 0000 4504 
1060/1300 7640 5656 2026 4504 1301 7120 1040 7420 5511 0177 3000 2026 2256 4510 5656 
1100/7706 7720 0000 1302 3311 1201 3320 1013 7410 0000 3302 1711 2311 3031 3026 4504 
1120/7000 4447 5326 2026 2302 5317 1150 3320 5711 0000 3100 3356 1021 3001 1401 7161 
1140/1100 7450 2331 7670 5353 7344 1001 2356 5335 7300 5731 7240 1001 5731 0000 1356 
1160/3572 2356 1567 0177 3331 1756 0040 1331 3756 5530 4016 1724 4006 1725 1604 4100
1200)
1200/2001 1052 3131 3060 1120 7640 5215 1000 1203 7200 1166 4507 5217 1036 4505 1060 
1220/3053 4433 3100 1244 4435 1100 1205 7500 1136 1243 7550 7610 1064 0103 7450 5562 
1240/5645 4525 5562 0101 1244 1241 7601 7421 7641 7421 7745 7407 7746 1547 7753 2143 
1260/7754 2146 7756 2146 7763 1241 7765 2670 7766 2674 7767 1234 7770 7421 0000 2656 
1300/7772 2652 7771 2647 0000 0000 0103 7450 5317 3020 1060 1152 7700 5705 1020 4532 
1320/1020 4447 5325 2060 5705 1060 7650 5526 1052 3031 3026 5600 0000 0000 0000 0000 
1340/0000 0000 0000 0000 0000 0000 0000 0000 0000 0000 0000 0000 0000 0000 0000 0000 
1360/0000 0000 0000 0000 0000 0000 0000 0000 0000 0000 0000 0000 0000 0000 0000 5562
1400)
1400/0000 4462 1367 3036 4462 1063 3120 5600 4200 5471 4200 1021 3001 1401 7040 7640 
1420/5223 3120 5233 1036 3401 1036 1120 3036 7344 1001 5214 1421 7040 7650 5244 7326 
1440/1427 3016 1416 4505 4447 5471 5252 3000 6000 0040 4561 3000 1300 0063 5657 4600 
1460/7240 3101 4461 5471 1555 3275 2155 1101 7640 5274 1555 4505 4571 0000 7346 1155 
1500/3155 1173 7041 1155 7710 5244 5264 4462 5322 7450 5324 1370 7450 5323 1010 7650 
1520/5325 5511 7120 7201 7012 3074 5471 4462 5334 7010 7210 3024 4430 5471 1371 4571 
1540/1572 1425 7041 1427 7104 4505 5244 4141 4571 2172 5526 0000 3016 2016 1416 7450 
1560/5753 1100 7640 5355 1416 3001 5401 0144 7773 7764 0310 0122 0103 2405 2223 7240
1600)
1600/4134 1150 3214 1014 3122 1614 7450 5633 7040 7650 5230 4466 0000 1005 1214 3214 
1620/2122 5224 4447 5203 1064 4447 7402 5205 4466 1770 5215 1444 4564 3241 4037 3000 
1640/2000 0040 5471 1015 3067 1012 3015 4462 5261 1012 7450 5471 1010 7640 5511 1012 
1660/7410 1067 7041 1065 3015 5471 7240 4564 3274 4037 3000 6000 0000 5471 4564 7200 
1700/1416 7640 7240 3401 4767 5471 4430 4571 2477 4430 1177 4507 4455 5320 7240 4564 
1720/7200 5471 0000 1022 3155 4510 4504 1366 7650 5352 4462 5354 4506 7000 3155 7044 
1740/3100 4510 4504 1366 7650 5352 2100 5722 1155 5357 2026 4462 7344 4506 1010 3173 
1760/1173 7041 1155 7700 2322 5722 7723 0661 7406 2205 0576 0611 1405 4006 2514 1400
2000)
2000/4432 4462 5336 3153 1036 1120 3036 1153 4506 5217 3155 1155 3173 4762 7410 3173 
2020/1026 7041 1060 7450 5761 1010 7110 3100 7326 1100 1425 7140 1427 7630 5242 4112 
2040/1773 5760 1425 7040 1573 3122 1425 3001 1001 1100 3007 1007 3425 1401 3407 7240 
2060/1001 3001 7240 1007 3007 2122 5255 7326 1173 7041 1427 7130 3122 7240 1427 3016 
2100/7344 1016 3017 1017 7001 3427 1416 1100 3417 1416 3417 2122 5306 1573 3131 1060 
2120/7040 1026 3122 3060 4504 4532 2026 2060 2122 5324 2173 1153 3573 5471 4454 5511 
2140/1357 4435 5756 4571 2163 5526 1100 1160 4563 5752 1335 1063 4507 5562 0334 2416 
2160/1712 0411 0521 3625 4032 0120 4100 0000 0000 0000 3632 4032 0120 4100 0000 0000
2200)
2200/0000 1026 3001 4504 7440 1011 7510 5214 1034 7510 7332 1012 7700 5220 2026 5203 
2220/1026 7041 1001 7450 5600 1157 7510 7200 1013 3122 1026 3007 1001 3026 1006 3131 
2240/3060 3101 3102 4504 4532 2026 2060 2122 5243 1060 7010 7630 4532 1007 3026 2200 
2260/4510 5600 0000 3302 4310 1024 7710 5273 1302 4335 5264 4310 1302 0620 1136 7700 
2300/2123 5662 0000 4310 1124 7450 5303 5702 0000 4343 7440 1034 7450 5330 1010 7450 
2320/5332 1014 7640 5710 4343 1034 7640 5324 3124 5710 4563 4430 5330 0000 6041 5735 
2340/6046 2335 5735 0000 7200 6031 5743 6036 0620 3124 7346 1124 7650 5360 1124 5743 
2360/4141 1150 3767 4112 0773 5471 2607 1120 0301 2401 1417 0740 0625 1414 4100
2400)
2400/0000 3112 1213 4614 5203 1160 1112 4614 5207 7200 5600 0136 2335 2710 0124 7700 
2420/7477 1600 7275 1527 7274 2602 7262 1716 7256 0414 7173 1634 6777 0600 6467 1676 
2440/6377 1433 6375 0435 6373 1536 6367 1461 6362 1410 6354 1460 6261 7600 5764 1706 
2460/5577 1643 5573 1412 5553 1446 5600 1446 5377 1507 5056 1666 4142 0440 0000 1567 
2500/0177 3000 7326 0570 7640 5355 6041 5347 6040 2510 5340 7640 5331 1570 7012 7710 
2520/5331 7420 6031 5333 6036 0100 1101 7640 5333 4466 0773 4447 7344 0570 3570 5774 
2540/3375 4561 3000 0500 0115 1375 4742 2277 5306 2007 5306 6046 5311 6211 1776 2376 
2560/2375 5356 6201 1377 7650 5372 4572 0000 0000 0000 6212 4102 0400 0000 0000 0000
2600)
2600/0000 0000 1036 3200 1120 3201 1377 3111 7240 3776 1375 3126 1374 3147 4462 5241 
2620/3036 1036 4506 5241 3360 4462 7610 3036 2120 1760 3031 3026 3337 4432 4337 4345 
2640/5773 7200 4337 4345 4112 2761 5457 1372 3771 5562 7041 3337 1370 3771 4504 7450 
2660/5562 2026 4525 1020 1337 7640 5256 5562 1014 4563 1053 3060 4447 1120 7640 5305 
2700/1000 1307 7200 1166 4507 1026 3020 1060 7450 5562 7041 4571 2477 1020 3026 1760 
2720/3031 5562 1053 7112 7010 3031 1570 0103 1031 3570 1570 0345 1053 3570 5452 0000 
2740/1201 3120 1200 3036 5737 0777 1367 3111 1370 3771 1340 3126 3776 1366 3147 5745 
2760/0000 0201 0440 1411 1605 4100
2766)0145 0330 1241 1245 2652 2001 2745 2631 1276 2641
3000)
3000/4561 2600 0100 0014 7200 4447 5526 1217 4507 4532 1060 7650 4447 5616 1325 0044 
3020/0134 1026 3202 1031 3203 7240 1060 7510 5204 3026 1052 3031 3200 1220 4507 7240 
3040/1060 7510 5306 3060 7201 7200 1053 7041 1060 7700 5255 1060 3053 4504 4447 1223 
3060/7240 1060 3026 4433 3100 1100 1040 7440 1170 7440 1046 7650 5237 1220 4507 1202 
3100/3026 1203 3031 2200 5657 5204 7240 3200 5275 0000 0000 0000 0000 0000 0000 0000 
3120/0000 0000 0000 0000 0000 0000 0000 0000 0000 0000 0000 0000 0000 0000 6201 6211 
3140/1512 3053 1150 3512 1512 1047 7450 1031 7640 5361 1053 3512 1337 1174 3337 2134 
3160/5336 6201 1134 1177 7112 7012 3053 1570 0010 7640 5403 1570 0037 7640 1150 5460 
FIELD 0
0200)3400)
3400/7000 1377 3033 1376 3073 1111 3775 1374 3773 1620 3220 1621 7001 3221 4572 2600 
3420/7634 7635 7201 0772 7650 5230 1465 3771 1770 1767 3767 4447 4571 7531 4447 1766 
3440/0105 7640 5246 3255 1365 3073 1766 7700 5301 1425 7041 1364 7740 5273 1363 4571 
3460/7522 1567 0177 1362 4507 4447 4447 4561 3000 6000 0020 1361 3760 1567 0177 1006 
3500/3757 1772 0006 7650 5307 1356 3755 1354 3457 3120 1353 3527 1270 3753 1352 3751 
3520/1113 5750 4427 2211 2405 4006 1114 0540 4572 4423 2401 2224 4002 0124 0310 0000
3550)0342 2577 7400 2576 5471 2752 0022 2664 
3560/2615 2666 0060 7762 3200 2730 7604 2753 7607 2756 7605 2365 5566 2425 1414 2605
3600)
3600/7332 0605 7640 5471 5754 7605 5615 4561 3000 0500 0115 7240 4610 2672 0103 7450 
3620/5236 7041 1356 7450 5242 7041 1356 1011 7450 1377 7510 1006 1064 5605 1376 3215 
3640/1041 5605 1352 5605 1754 7450 5272 7012 7012 7012 4215 1754 4215 2354 1354 1105 
3660/7640 5244 4572 7400 0100 0020 2265 1263 3354 5244 2353 1040 0753 7450 5305 3265 
3700/1753 0177 1006 3264 5262 1375 3073 1374 3773 1203 3457 1055 3033 1203 3772 3024 
3720/4561 7400 0100 0017 4447 4571 2757 5721 4561 0400 4100 0003 4561 2600 4100 0116 
3740/4561 7400 4200 0117 4561 0000 4100 0121 3457 5755 0032 7756 0400 1414 0034 4405 
3760/1604 4002 0124 0310 0000
3772)2365 2425 2602 1414 2655 7652
4000)
FIELD 2
0200)4200)
4200/0000 3327 4561 0400 0100 0003 7240 3510 4561 0400 4100 0003 1200 1377 7650 5312 
4220/4267 1111 3776 1375 3073 1374 3773 1113 4527 3200 2600 1372 3771 4267 1113 4527 
4240/3400 7400 4267 1065 4527 3756 7756 4267 1730 3732 2330 2332 2331 5250 1070 3000 
4260/1067 3015 3121 4267 4565 4267 5770 0000 1327 7040 7650 5310 1570 7012 7710 5310 
4300/7420 6031 5667 6036 0367 1366 7640 5667 4112 3143 1365 4571 3133 7344 0570 3570 
4320/7326 0570 7640 5513 4466 3143 5513 0000 4000 7600 0000 4405 1604 4002 0124 0310 
4340/4006 2217 1540 3603 0000
4365)7760 7775 0177 2533 2755 1414 2365 5566 2730 2425 5163
4400)
FIELD 2
0200)2000)
2000/7000 5725 3131 3060 5674 1277 7640 5371 7344 1327 3327 3277 1727 3266 3267 1666 
2020/7650 5675 7410 2267 1267 3271 1325 3270 1265 3031 1270 3026 4504 3326 1326 7440 
2040/1273 7640 5246 5330 1266 5676 2270 1266 3031 1271 3026 4504 7450 5205 2271 7041 
2060/1326 7650 5230 5223 7604 1400 0000 0000 0000 0000 0000 0000 1506 1530 1513 0000 
2100/1546 1052 3031 3026 5600 0000 0103 7450 5317 3020 1060 1152 7700 5705 1020 4532 
2120/1020 4447 5301 2060 5705 1602 0000 0000 1277 7640 5342 1327 7001 3305 1705 3272 
2140/1272 4505 1266 3031 1277 3026 1267 7041 1277 4700 1265 3031 1270 3026 4504 7440 
2160/2026 4700 1271 3267 1267 3277 1664 7710 5226 1266 3031 1277 3026 7330 4700 4305
2200)
2200/0000 0000 0000 0000 0000 0000 0000 0000 0000 0000 0000 0000 0000 0000 0000 0000 
2220/0000 0000 0000 0000 0000 0000 0000 0000 0000 0000 0000 0000 0000 0000 0000 0000 
2240/0000 0000 0000 0000 0000 0000 0000 0000 0000 0000 0000 0000 0000 0000 0000 0000 
2260/0000 0000 0000 0000 0000 0000 0000 0000 0000 0000 0000 0000 0000 0000 0000 0000 
2300/0000 4561 1600 0200 0010 5471 7410 5325 3306 1324 5777 3324 1776 7001 3346 1746 
2320/3775 1775 4505 4571 0000 1774 7710 5341 7240 3121 7410 5457 1373 3772 1305 3771 
2340/5457 1775 4506 5777 3776 5770 0000 7450 5746 3324 4504 7450 5746 4525 2026 2324 
2360/5352 5746
2370)1210 2365 2363 4112 7604 1272 1327 1212
2400)
2400/7000 7410 3777 1776 3775 1073 1374 7650 5215 4257 4112 1675 5513 4504 7450 5254 
2420/7041 3773 4257 2026 1026 3772 4504 7440 1773 7650 3771 3120 3121 1465 7040 7450 
2440/5245 7040 4506 7000 7410 1022 3770 1367 4527 2477 1400 5766 4112 1730 5457 0000 
2460/1765 1364 7640 5273 1214 3765 7326 0570 7640 3763 7410 3762 5657 2324 2211 1607 
2500/4017 2005 2201 2411 1716 2340 1617 2440 0114 1417 2705 0440 0622 1715 4002 0124 
2520/0310 4027 1124 1017 2524 4057 0541 0000 1617 4023 2422 1116 0740 0711 2605 1641 
2540/0000
2562)1532 2363 2307 2365 1501 7677 1524 1366 1325 1273 6364 1201 1301 1243
2600)
FIELD 2
0200)1400)
1400/7240 3121 1000 3070 1015 3067 1567 0177 3000 4476 5217 4037 1600 0200 0063 3747 
1420/1157 3122 3077 1214 4554 7200 1416 3344 1416 3756 1756 0046 7640 5240 1040 3015 
1440/1756 0064 7106 7006 7006 1000 3343 1416 3757 1026 3753 1756 0006 7640 5367 4504 
1460/7450 5360 1276 7440 5271 2346 1026 7001 3755 1010 7650 2342 2026 5257 7702 1354 
1500/3001 4504 7450 5336 1351 7510 5314 1011 7120 1063 7430 5336 1350 2001 1352 7500 
1520/5315 3122 7120 7004 2122 5323 3122 1122 7040 0401 1122 3401 2026 5676 4112 1562 
1540/5457 4240 0000 0000 0000 5637 0000 2174 0032 7745 7764 1551 1552 1557 1560 1561 
1560/7240 1342 1346 7540 5511 7700 7240 3754 1756 0113 3342 1757 0113 3346 1070 3000
1600)
1600/1357 7450 1351 3026 1151 7650 5213 4561 3000 6000 0040 5473 7240 3465 4510 4504 
1620/7450 5274 1377 7450 5254 1065 7450 5311 7001 7450 5336 7001 7450 5334 1041 7450 
1640/5345 1177 7640 5256 2026 4776 4504 7450 5274 1375 7640 5245 2026 5216 1360 0006 
1660/7640 5311 1352 4564 7410 5511 1000 3750 2350 7410 3264 5216 1357 7650 5311 1351 
1700/3026 3352 1350 1374 3356 1361 0006 7650 5216 3750 1070 3000 1014 4527 1553 7604 
1720/1013 4527 1341 7632 7326 0570 7640 5472 6041 5330 6040 5472 2026 5301 2026 2465 
1740/7410 4462 5511 3465 5216 2026 4776 5216 7757 0000 0000 0000 0000 0000 0000 0000 
1760/0000 0000 0201 0440 2327 1124 0310 4100
1774)0021 7727 1276 7724
2000)
FIELD 2
0200)0000)
0000/3457 1000 3070 1015 3067 1567 0177 3000 1073 1377 7640 5221 1376 3775 5473 1374 
0020/3775 4454 5334 4476 5237 1567 0177 7041 1000 7650 5237 4037 3000 0400 0063 1157 
0040/3122 3077 1234 4554 7200 1416 3361 1416 3354 1354 0046 7640 5257 1040 3015 1354 
0060/0113 3357 1354 0064 7106 7006 7006 1000 3360 1416 3355 1355 0113 3363 1026 3347 
0100/1354 0006 7640 5332 4504 7450 5323 1373 7440 5316 2352 1026 7001 3351 1010 7650 
0120/2350 2026 5304 7240 1350 1352 7540 5772 7700 7240 3771 5770 4504 1367 7110 7640 
0140/5766 2026 4476 7000 1365 3016 5245 0000 0000 0000 0000 0020 0037 0200 4240 0000 
0160/0000 0000 5637 0000
0165)4752 5231 7734 5000 5141 5237 7702 1414 2755 4617 5050
0200)
0200/7240 3465 1777 7450 1776 3026 1070 3000 1567 0177 7041 1000 7650 5222 4037 4000 
0220/0300 0067 1375 3774 4510 4504 7450 5304 1373 7450 5262 1065 7450 5321 7001 7450 
0240/5326 7001 7450 5302 1041 7450 5335 1177 7640 5264 2026 4772 4504 7450 5304 1371 
0260/7640 5253 2026 5224 1770 0006 7640 5321 1341 4564 7410 5767 1000 3740 2340 7410 
0300/3272 5224 2026 5311 1777 7650 5321 1776 3026 3341 1340 1366 3765 1764 0006 7650 
0320/5224 3740 1070 3000 3723 5763 2026 2465 7410 4462 5762 3465 5224 2026 4772 5224 
0340/7757 0000
0362)5226 5200 4755 5314 0021 5242 4754 7727 5245 7724 0771 5457 4747 4751
0400)
0400/7240 3121 1014 4527 5305 6774 1014 4527 5311 7604 1013 4527 4756 7632 7326 0570 
0420/7640 5472 6041 5222 6040 5472 4112 5334 5457 4112 5315 5457 4112 5326 5457 4112 
0440/5347 5457 4112 5361 5457 0000 1377 3001 4504 7450 5234 1376 7510 5263 1011 7120 
0460/1063 7430 5234 1375 2001 1374 7500 5264 3122 7120 7004 2122 5272 3122 1122 7040 
0500/0401 1122 3401 2026 5645 3000 7777 3000 6774 0000 0000 0000 0000 0201 0440 2331 
0520/2324 0515 4016 0115 0541 0000 0201 0440 2327 1124 0310 4100 0201 0440 0521 2501 
0540/1423 4020 0122 0115 0524 0522 4100 0201 0440 0611 1405 4023 0520 0122 0124 1722 
0560/4100 2417 1740 1501 1631 4006 1114 0523 4100
0574)7764 0032 7745 5310
0600)
0600/0000 0000 0000 0000 0000 0000 0000 0000 0000 0000 0000 0000 0000 0000 0000 0000 
0620/0000 0000 0000 0000 0000 0000 0000 0000 0000 0000 0000 0000 0000 0000 0000 0000 
0640/0000 0000 0000 0000 0000 0000 0000 0000 0000 0000 0000 0000 0000 0000 0000 0000 
0660/0000 0000 0000 0000 0000 0000 0000 0000 0000 0000 0000 0000 0000 0000 0000 0000 
0700/0000 0000 0000 0000 0000 0000 0000 0000 0000 0000 0000 0000 0000 0000 0000 0000 
0720/0000 0000 0000 0000 0000 0000 0000 0000 0000 0000 0000 0000 0000 0000 0000 0000 
0740/0000 0000 0000 0000 0000 0000 0000 0000 0000 0000 0000 0000 0000 0000 0000 0000 
0760/0000 0000 0000 0000 0000 0000 0000 0000 0000 0000 0000 0000 0000 0000 0000 0000 
FIELD 2
0200)4400)
4400/0000 0000 0000 0000 0000 0000 0000 0000 0000 0000 0000 0000 0000 0000 0000 0000 
4420/0000 0000 0000 0000 0000 0000 0000 0000 0000 0000 0000 0000 0000 0000 0000 0000 
4440/0000 0000 0000 0000 0000 0000 0000 0000 0000 0000 0000 0000 0000 0000 0000 0000 
4460/0000 0000 0000 0000 0000 0000 0000 0000 0000 0000 0000 0000 0000 0000 0000 0000 
4500/0000 0000 0000 0000 0000 0000 0000 0000 0000 0000 0000 0000 0000 0000 0000 0000 
4520/0000 0000 0000 0000 0000 0000 0000 0000 0000 0000 0000 0000 0000 0000 0000 0000 
4540/0000 0000 0000 0000 0000 0000 0000 0000 0000 0000 0000 0000 0000 0000 7742 0000 
4560/0000 0000 0000 0000 0000 0000 0000 0000 0000 0000 0000 0000 0000 0000 0000 7665 
FIELD 2
0200)5000)
5000/1704 2400 0000 0163 0016 3001 0201 2403 1000 0201 7401 7411 0211 1600 0000 0203 
5020/0013 0203 0705 2400 0000 0203 0013 0603 2324 0122 2400 0203 0013 0401 0425 1520 
5040/0000 0232 0007 1412 0310 0116 0705 0241 1343 1600 0611 1604 0000 0241 1343 1200 
5060/0000 0000 0000 0000 0000 0000 0000 0000 0000 0000 0000 0000 0000 0000 0000 0000 
5100/0000 0000 0000 0000 0000 0000 0000 0000 0000 0000 0000 0000 0000 0000 0000 0000 
5120/0000 0000 0000 0000 0000 0000 0000 0000 0000 0000 0000 0000 0000 0000 0000 0000 
5140/0000 0000 0000 0000 0000 0000 0000 0000 0000 0000 0000 0000 0000 0000 0000 0000 
5160/0000 0000 0000 0000 0000 0000 0000 0000 0000 0000 0000 0000 0000 0000 0000 0000 
5200/0000 0000 0000 0000 0000 0000 0000 0000 0000 0000 0000 0000 0000 0000 0000 0000 
5220/0000 0000 0000 0000 0000 0000 0000 0000 0000 0000 0000 0000 0000 0000 0000 0000 
5240/0000 0000 0000 0000 0000 0000 0000 0000 0000 0000 0000 0000 0000 0000 0000 0000 
5260/0000 0000 0000 0000 0000 0000 0000 0000 0000 0000 0000 0000 0000 0000 0000 0000 
5300/0000 0000 0000 0000 0000 0000 0000 0000 0000 0000 0000 0000 0000 0000 0000 0000 
5320/0000 0000 0000 0000 0000 0000 0000 0000 0000 0000 0000 0000 0000 0000 0000 0000 
5340/0000 0000 0000 0000 0000 0000 0000 0000 0000 0000 0000 0000 0000 0000 0000 0000 
5360/0000 0000 0000 0000 0000 0000 0000 0000 0000 0000 0000 0000 0000 0000 0000 0000 
5400/0000 0000 0000 0000 0000 0000 0000 0000 0000 0000 0000 0000 0000 0000 0000 0000 
5420/0000 0000 0000 0000 0000 0000 0000 0000 0000 0000 0000 0000 0000 0000 0000 0000 
5440/0000 0000 0000 0000 0000 0000 0000 0000 0000 0000 0000 0000 0000 0000 0000 0000 
5460/0000 0000 0000 0000 0000 0000 0000 0000 0000 0000 0000 0000 0000 0000 0000 0000 
5500/0000 0000 0000 0000 0000 0000 0000 0000 0000 0000 0000 0000 0000 0000 0000 0000 
5520/0000 0000 0000 0000 0000 0000 0000 0000 0000 0000 0000 0000 0000 0000 0000 0000 
5540/0000 0000 0000 0000 0000 0000 0000 0000 0000 0000 0000 0000 0000 0000 0000 0000 
5560/0000 0000 0000 0000 0000 0000 0000 0000 0000 0000 0000 0000 0000 0000 0000 0000 
5600/0000 0000 0000 0000 0000 0000 0000 0000 0000 0000 0000 0000 0000 0000 0000 0000 
5620/0000 0000 0000 0000 0000 0000 0000 0000 0000 0000 0000 0000 0000 0000 0000 0000 
5640/0000 0000 0000 0000 0000 0000 0000 0000 0000 0000 0000 0000 0000 0000 0000 0000 
5660/0000 0000 0000 0000 0000 0000 0000 0000 0000 0000 0000 0000 0000 0000 0000 0000 
5700/0000 0000 0000 0000 0000 0000 0000 0000 0000 0000 0000 0000 0000 0000 0000 0000 
5720/0000 0000 0000 0000 0000 0000 0000 0000 0000 0000 0000 0000 0000 0000 0000 0000 
5740/0000 0000 0000 0000 0000 0000 0000 0000 0000 0000 0000 0000 0000 0000 0000 0000 
5760/0000 0000 0000 0000 0000 0000 0000 0000 0000 0000 0000 0000 0000 0000 0000 0201 
FIELD 0
0200)6600)
6600/1177 6046 7402 7604 7040 7650 5224 1725 3711 2325 2311 5207 6211 1723 3724 2323 
6620/2324 5214 6201 4777 4572 7400 4100 0000 4572 0000 5400 0001 4311 1363 7041 1360 
6640/7110 7110 7110 7110 1376 7500 7200 1375 3202 1202 7104 1202 1150 7041 3361 1202 
6660/7106 7006 1363 3362 7346 4527 6761 1375 4572 1000 4200 0015 4311 7240 1360 3361 
6700/7344 4527 6761 1576 4572 1000 4300 0067 5774 7600 1271 3325 1150 3201 3725 2325 
6720/2201 5316 5711 4000 6000 7400 0000 0000 0000 0000 0000 0000 0000 0000 0000 0000 
6740/0000 0000 0000 0000 0000 0000 0000 0000 0000 0000 0000 0000 0000 0000 0000 0000 
6760/2702 0000 0000 0300
6774)7000 0124 7654 7300
7000)
7000/4572 3400 4210 0101 4572 4000 5010 0103 4572 1000 4220 0113 4572 5000 4420 0063 
7020/4572 1400 4220 0061 4572 0000 4420 0072 4572 4400 4120 0100 4572 6000 4720 0232 
7040/4572 4000 5300 0203 4572 4000 4120 0060 4572 3000 4100 0017 4572 0000 5610 0163 
7060/4572 2000 4320 0241 4572 3400 4200 0201 4572 4200 4120 0115 5777
7177)7200
7200)
7200/7604 7040 7650 5236 6221 1647 2247 6201 3645 2245 1652 2252 3000 2214 2246 5204 
7220/6221 1656 2256 3031 2223 2255 5221 6201 4020 1650 2250 3651 2251 5231 1253 6046 
7240/7360 7421 7501 7402 5654 2600 7600 4400 2600 7600 4000 0007 7600 7760 4557 0000 
7260/0000 0000 0000 0000 0000 0000 0000 0000 0000 0000 0000 0000 0000 0000 0000 0000 
7300/0000 0000 0000 0000 0000 0000 0000 0000 0000 0000 0000 0000 0000 0000 0000 0000 
7320/0000 0000 0000 0000 0000 0000 0000 0000 0000 0000 0000 0000 0000 0000 0000 0000 
7340/0000 0000 0000 0000 0000 0000 0000 0000 0000 0000 0000 0000 0000 0000 0000 0000 
7360/0000 0000 0000 0000 0000 0000 0000 0000 0000 0000 0000 0000 0000 0000 0000 5700 
FIELD 0
0200)7400)
7400/0000 0000 0000 0000 0000 0000 0000 0000 0000 0000 0000 0000 0000 0000 0000 0000 
7420/0000 0000 0000 0000 0000 0000 0000 0000 0000 0000 4240 0000 4000 0020 5637 7600 
7440/0353 0000 0000 0000 0000 0000 0000 0000 0000 0000 0000 0000 0000 0000 0000 0000 
7460/0000 0000 0000 0000 0000 0000 0000 0000 0000 0000 0000 0000 0000 0000 0000 0000 
7500/0000 0000 0000 0000 0000 0000 0000 0000 0000 0000 0000 0000 0000 0000 0000 0000 
7520/0000 0000 0000 0000 0000 0000 0000 0000 0000 0000 0000 0000 0000 0000 0000 0000 
7540/0000 0000 0000 0000 0000 0000 0000 0000 0000 0000 0000 0000 0000 0000 0000 0000 
7560/0000 0000 0000 0000 0000 0000 0000 0000 0000 0000 0000 0000 0000 0000 0000 0000 
7600/
