 100 59	-16	35	123	62.4	244.8	0
 110 10	12	400	32.0	41.6	36.8
 120 34	98	42	-34	89.6	192.0	0
 130 10	12	400	32.0	41.6	36.8
 140 48	-20	210	72	123.2	1803.2	0
 150 10	12	400	32.0	41.6	36.8
 160 197	82	-16	57	104.0	1446.4	0
 170 10	12	400	32.0	41.6	36.8
 180 -13	52	-2	-93	84.8	428.8	0
 190 10	12	400	32.0	41.6	36.8
 200 14	-68	47	-34	32.0	1902.4	0
 210 10	12	400	32.0	41.6	36.8
 220 59	-34	64	67	49.6	300.8	0
 230 10	12	400	32.0	41.6	36.8
 240 71	55	198	-47	62.4	406.4	0
 250 10	12	400	32.0	41.6	36.8
 260 196	-33	192	50	36.8	296.0	0
 270 10	12	400	32.0	41.6	36.8
 280 -5	-112	47	-41	91.2	2324.8	0
 290 10	12	400	32.0	41.6	36.8
 300 49	-36	45	-129	41.6	259.2	0
 310 10	12	400	32.0	41.6	36.8
 320 54	-120	43	-18	43.2	262.4	0
 330 10	12	400	32.0	41.6	36.8
 340 30	-8	62	-141	62.4	1404.8	0
 350 10	12	400	32.0	41.6	36.8
 360 63	-137	64	104	206.4	185.6	1
 370 10	12	400	32.0	41.6	36.8
 380 64	71	29	-136	91.2	857.6	0
 390 10	12	400	32.0	41.6	36.8
 400 24	-123	57	-32	86.4	372.8	0
 410 10	12	400	32.0	41.6	36.8
 420 72	-15	72	89	56.0	1147.2	0
 430 10	12	400	32.0	41.6	36.8
 440 89	77	67	-68	84.8	470.4	0
 450 10	12	400	32.0	41.6	36.8
 460 69	-46	90	96	76.8	1728.0	0
 470 10	12	400	32.0	41.6	36.8
 480 131	91	98	147	52.8	1006.4	0
 490 10	12	400	32.0	41.6	36.8
 500 -94	-36	-68	91	60.8	2160.0	0
 510 10	12	400	32.0	41.6	36.8
 520 -36	81	165	4	112.0	364.8	0
 530 10	12	400	32.0	41.6	36.8
 540 162	9	11	-105	105.6	1777.6	0
 550 10	12	400	32.0	41.6	36.8
 560 8	-95	84	18	99.2	296.0	0
 570 10	12	400	32.0	41.6	36.8
 580 87	39	103	148	48.0	1750.4	0
 590 10	12	400	32.0	41.6	36.8
 600 103	138	86	21	161.6	390.4	1
 610 10	12	400	32.0	41.6	36.8
 620 -119	-128	-228	-66	104.0	2684.8	0
 630 10	12	400	32.0	41.6	36.8
 640 -225	-65	48	-48	100.8	348.8	0
 650 10	12	400	32.0	41.6	36.8
 660 52	-34	177	98	118.4	1571.2	0
 670 10	12	400	32.0	41.6	36.8
 680 75	-120	6	-54	148.8	1841.6	1
 690 10	12	400	32.0	41.6	36.8
 700 4	-48	-2	79	59.2	2411.2	0
 710 10	12	400	32.0	41.6	36.8
 720 -133	3	-86	136	60.8	2356.8	0
 730 10	12	400	32.0	41.6	36.8
 740 112	-1	31	93	89.6	1896.0	0
 750 10	12	400	32.0	41.6	36.8
 760 32	94	22	-100	72.0	596.8	0
 770 10	12	400	32.0	41.6	36.8
 780 35	-68	89	107	121.6	1547.2	0
 790 10	12	400	32.0	41.6	36.8
 800 107	83	53	-89	120.0	2251.2	0
 810 10	12	400	32.0	41.6	36.8
 820 45	-60	38	61	48.0	2985.6	0
 830 10	12	400	32.0	41.6	36.8
 840 -223	-24	-213	71	43.2	944.0	0
 850 10	12	400	32.0	41.6	36.8
 860 -201	80	-205	127	41.6	881.6	0
 870 10	12	400	32.0	41.6	36.8
 880 -217	108	-246	-26	72.0	369.6	0
 890 10	12	400	32.0	41.6	36.8
 900 105	-44	127	84	72.0	3044.8	0
 910 10	12	400	32.0	41.6	36.8
 920 132	63	107	-72	68.8	577.6	0
 930 10	12	400	32.0	41.6	36.8
 940 83	-58	58	-144	38.4	1065.6	0
 950 10	12	400	32.0	41.6	36.8
 960 49	-148	9	32	67.2	176.0	0
 970 10	12	400	32.0	41.6	36.8
 980 0	12	16	-122	94.4	321.6	0
 990 10	12	400	32.0	41.6	36.8
1000 27	-105	24	24	57.6	1816.0	0
1010 10	12	400	32.0	41.6	36.8
1020 28	31	51	131	49.6	1315.2	0
1030 10	12	400	32.0	41.6	36.8
1040 63	108	203	29	91.2	328.0	0
1050 10	12	400	32.0	41.6	36.8
1060 206	33	207	140	46.4	1017.6	0
1070 10	12	400	32.0	41.6	36.8
1080 204	123	82	-52	97.6	315.2	0
1090 10	12	400	32.0	41.6	36.8
1100 75	-32	68	89	54.4	1339.2	0
1110 10	12	400	32.0	41.6	36.8
1120 75	87	81	-62	80.0	870.4	0
1130 10	12	400	32.0	41.6	36.8
1140 80	-40	77	91	52.8	2049.6	0
1150 10	12	400	32.0	41.6	36.8
1160 88	89	169	164	62.4	763.2	0
1170 10	12	400	32.0	41.6	36.8
1180 173	160	194	110	171.2	236.8	1
1190 10	12	400	32.0	41.6	36.8
1200 191	64	209	177	54.4	270.4	0
1210 10	12	400	32.0	41.6	36.8
1220 200	168	154	208	49.6	267.2	0
1230 10	12	400	32.0	41.6	36.8
1240 -13	-23	76	71	83.2	708.8	0
1250 10	12	400	32.0	41.6	36.8
1260 88	67	176	36	41.6	502.4	0
1270 10	12	400	32.0	41.6	36.8
1280 172	47	-33	16	148.8	1774.4	1
1290 10	12	400	32.0	41.6	36.8
1300 -45	-11	-34	90	40.0	1672.0	0
