 100 10	12	400	32.0	41.6	36.8
 110 -26	65	53	-29	94.4	361.6	0
 120 10	12	400	32.0	41.6	36.8
 130 57	-22	99	79	68.8	1385.6	0
 140 10	12	400	32.0	41.6	36.8
 150 104	61	88	-41	60.8	224.0	0
 160 10	12	400	32.0	41.6	36.8
 170 79	-12	169	112	120.0	1353.6	0
 180 10	12	400	32.0	41.6	36.8
 190 163	103	182	167	35.2	398.4	0
 200 10	12	400	32.0	41.6	36.8
 210 61	6	-8	-157	118.4	2787.2	0
 220 10	12	400	32.0	41.6	36.8
 230 -19	-146	-212	-24	123.2	236.8	1
 240 10	12	400	32.0	41.6	36.8
 250 -199	-59	-152	-84	40.0	696.0	0
 260 10	12	400	32.0	41.6	36.8
 270 -150	-81	22	-18	113.6	380.8	0
 280 10	12	400	32.0	41.6	36.8
 290 36	4	79	94	43.2	2206.4	0
 300 10	12	400	32.0	41.6	36.8
 310 75	70	140	-76	100.8	537.6	0
 320 10	12	400	32.0	41.6	36.8
 330 143	-61	135	40	49.6	499.2	0
 340 10	12	400	32.0	41.6	36.8
 350 105	18	130	113	44.8	2198.4	0
 360 10	12	400	32.0	41.6	36.8
 370 -46	-58	-19	12	43.2	2166.4	0
 380 10	12	400	32.0	41.6	36.8
 390 -15	10	-7	99	44.8	436.8	0
 400 10	12	400	32.0	41.6	36.8
 410 -8	102	67	120	83.2	577.6	0
 420 10	12	400	32.0	41.6	36.8
 430 80	115	86	-32	89.6	350.4	0
 440 10	12	400	32.0	41.6	36.8
 450 87	-14	161	86	107.2	2088.0	0
 460 10	12	400	32.0	41.6	36.8
 470 167	88	141	-68	94.4	1537.6	0
 480 10	12	400	32.0	41.6	36.8
 490 137	-53	207	35	88.0	355.2	0
 500 10	12	400	32.0	41.6	36.8
 510 -2	36	167	58	64.0	2252.8	0
 520 10	12	400	32.0	41.6	36.8
 530 -193	-45	-172	77	44.8	811.2	0
 540 10	12	400	32.0	41.6	36.8
 550 -152	67	-17	-26	88.0	340.8	0
 560 10	12	400	32.0	41.6	36.8
 570 -10	-11	-33	-153	62.4	708.8	0
 580 10	12	400	32.0	41.6	36.8
 590 -44	-144	-169	-86	80.0	262.4	0
 600 10	12	400	32.0	41.6	36.8
 610 -164	-90	-153	-99	22.4	432.0	0
 620 10	12	400	32.0	41.6	36.8
 630 -140	-105	-137	-3	41.6	395.2	0
 640 10	12	400	32.0	41.6	36.8
 650 -132	-14	-117	-82	38.4	240.0	0
 660 10	12	400	32.0	41.6	36.8
 670 -127	-71	-112	7	41.6	787.2	0
 680 10	12	400	32.0	41.6	36.8
 690 -109	0	104	-31	102.4	816.0	0
 700 10	12	400	32.0	41.6	36.8
 710 102	-21	-12	72	102.4	2259.2	0
 720 10	12	400	32.0	41.6	36.8
 730 -19	53	91	-33	91.2	131.2	0
 740 10	12	400	32.0	41.6	36.8
 750 99	-24	108	64	35.2	368.0	0
 760 10	12	400	32.0	41.6	36.8
 770 118	62	120	144	32.0	345.6	0
 780 10	12	400	32.0	41.6	36.8
 790 121	125	69	56	44.8	342.4	0
 800 10	12	400	32.0	41.6	36.8
 810 47	54	-19	-99	108.8	496.0	0
 820 10	12	400	32.0	41.6	36.8
 830 -28	-92	-56	-146	25.6	424.0	0
 840 10	12	400	32.0	41.6	36.8
 850 -58	-137	-51	13	65.6	204.8	0
 860 10	12	400	32.0	41.6	36.8
 870 -34	3	-61	-111	84.8	214.4	0
 880 10	12	400	32.0	41.6	36.8
 890 -65	-102	11	18	83.2	872.0	0
 900 10	12	400	32.0	41.6	36.8
 910 11	38	-21	115	72.0	1392.0	0
 920 10	12	400	32.0	41.6	36.8
 930 54	-18	56	78	43.2	2571.2	0
 940 10	12	400	32.0	41.6	36.8
 950 67	64	61	37	22.4	1126.4	0
 960 10	12	400	32.0	41.6	36.8
 970 64	46	-38	93	120.0	1070.4	1
 980 10	12	400	32.0	41.6	36.8
 990 -28	83	20	14	88.0	244.8	0
1000 10	12	400	32.0	41.6	36.8
1010 24	21	208	41	80.0	812.8	0
1020 10	12	400	32.0	41.6	36.8
1030 197	32	68	21	83.2	260.8	0
1040 10	12	400	32.0	41.6	36.8
1050 62	38	46	124	48.0	1377.6	0
1060 10	12	400	32.0	41.6	36.8
1070 32	105	-70	-42	228.8	739.2	1
1080 10	12	400	32.0	41.6	36.8
1090 -72	-47	135	9	83.2	787.2	0
1100 10	12	400	32.0	41.6	36.8
1110 144	22	163	104	40.0	916.8	0
1120 10	12	400	32.0	41.6	36.8
1130 168	86	210	69	27.2	588.8	0
1140 10	12	400	32.0	41.6	36.8
