   1 -218	427	61	420	88.0	942.4	0
   2 136	-15	18505	44.8	32.0	43.2
   3 135	423	22	425	57.6	913.6	0
   4 -69	-14	4761	30.4	70.4	28.8
   5 20	425	-249	420	92.8	219.2	0
   6 -125	-14	15706	38.4	-6.4	36.8
   7 -240	420	-177	424	51.2	516.8	0
   8 43	-14	1865	19.2	3.2	14.4
   9 -72	100	-314	-21	91.2	478.4	0
  10 -111	-208	43273	38.4	108.8	108.8
  11 -186	-375	-308	-367	64.0	464.0	0
  12 -67	-15	4489	36.8	76.8	35.2
  13 -196	-324	-327	-320	75.2	516.8	0
  14 -64	15	4121	33.6	46.4	33.6
  15 -301	-307	-368	-304	57.6	179.2	0
  16 -43	15	1930	19.2	30.4	19.2
  17 -316	-275	-358	-272	40.0	307.2	0
  18 -36	15	1296	17.6	48.0	16.0
  19 -303	-259	-208	-256	62.4	227.2	0
  20 51	15	2725	20.8	36.8	17.6
  21 -166	-237	-263	-233	56.0	227.2	0
  22 -60	14	3600	22.4	68.8	22.4
  23 -208	-217	-325	-213	68.8	232.0	0
  24 -64	15	4105	32.0	20.8	32.0
  25 -283	-200	-362	-196	52.8	192.0	0
  26 -49	15	2482	28.8	17.6	28.8
  27 -292	-157	-365	-153	60.8	630.4	0
  28 -49	14	2545	27.2	54.4	27.2
  29 -257	-112	-363	-110	57.6	564.8	0
  30 -64	15	4096	20.8	8.0	20.8
  31 -259	-78	-352	-77	59.2	441.6	0
  32 -57	15	3249	22.4	-11.2	22.4
  33 -251	-47	-35	-42	84.8	385.6	0
  34 110	15	12325	41.6	41.6	41.6
  35 27	-23	-85	-22	73.6	236.8	0
  36 -48	15	2312	35.2	40.0	41.6
  37 -24	-6	-301	-1	83.2	200.0	0
  38 -125	15	15634	41.6	-11.2	40.0
  39 -265	14	-346	14	52.8	180.8	0
  40 -51	15	2601	30.4	64.0	20.8
  41 -271	29	-196	38	76.8	315.2	0
  42 39	15	1665	16.0	94.4	16.0
  43 -158	45	-72	48	60.8	100.8	0
  44 47	15	2225	22.4	54.4	17.6
  45 -26	61	-284	66	96.0	187.2	0
  46 -110	14	12125	43.2	68.8	41.6
  47 -220	99	-334	103	60.8	470.4	0
  48 -67	14	4489	33.6	1.6	32.0
  49 -270	119	-331	125	44.8	308.8	0
  50 -50	15	2509	22.4	-9.6	20.8
  51 -248	150	-323	152	57.6	377.6	0
  52 -43	15	1993	20.8	48.0	19.2
  53 -214	202	-357	201	88.0	667.2	0
  54 -55	15	3125	56.0	24.0	32.0
  55 -316	215	-359	220	44.8	219.2	0
  56 -36	12	1296	24.0	-3.2	22.4
  57 -100	300	-52	308	56.0	1172.8	0
  58 33	15	1285	16.0	35.2	16.0
  59 48	333	17	328	32.0	315.2	0
  60 -36	15	1312	14.4	-14.4	12.8
  61 55	343	-157	349	67.2	140.8	0
  62 -125	15	15821	33.6	9.6	32.0
  63 -129	355	-326	362	84.8	128.0	0
  64 -91	15	8297	43.2	56.0	43.2
  65 -260	386	-346	387	52.8	248.0	0
  66 -57	15	3313	30.4	20.8	30.4
  67 -296	413	-360	415	52.8	248.0	0
  68 -42	15	1765	14.4	62.4	14.4
  69 -276	427	-184	141	70.4	361.6	0
  70 57	-200	40324	27.2	54.4	54.4
  71 -135	-373	-66	-392	70.4	166.4	0
  72 39	-78	6100	28.8	-17.6	-17.6
  73 -38	-394	29	-392	76.8	67.2	0
  74 39	15	1530	16.0	51.2	16.0
  75 86	-371	-112	-365	108.8	192.0	0
  76 -64	15	4121	72.0	80.0	72.0
  77 -72	-349	-132	-346	40.0	187.2	0
  78 -51	15	2601	20.8	48.0	16.0
  79 196	-266	-199	-260	100.8	995.2	0
  80 -146	15	21325	43.2	110.4	43.2
  81 -119	-235	234	-243	115.2	830.4	0
  82 110	-15	12109	59.2	88.0	59.2
  83 178	-272	102	-277	62.4	393.6	0
  84 -46	-15	2260	20.8	-1.6	20.8
  85 31	-305	138	-308	65.6	339.2	0
  86 63	-15	3969	25.6	78.4	25.6
  87 92	-333	305	-339	83.2	228.8	0
  88 96	-15	9220	49.6	83.2	49.6
  89 196	-379	358	-382	73.6	411.2	0
  90 87	-15	7569	35.2	88.0	35.2
  91 258	357	364	422	57.6	472.0	0
  92 68	168	28449	30.4	-16.0	-17.6
  93 331	429	370	427	36.8	195.2	0
  94 39	-14	1521	17.6	-11.2	17.6
  95 312	395	364	389	40.0	265.6	0
  96 42	15	1764	19.2	56.0	19.2
  97 269	363	321	358	41.6	374.4	0
  98 42	-15	1764	22.4	32.0	22.4
  99 271	344	98	336	86.4	182.4	0
 100 -87	-14	7585	44.8	27.2	44.8
 101 72	330	270	323	78.4	150.4	0
 102 98	-15	9613	40.0	89.6	40.0
 103 215	303	371	296	64.0	240.0	0
 104 84	-15	7056	38.4	-9.6	32.0
 105 272	269	387	267	67.2	366.4	0
 106 68	-14	4624	30.4	78.4	30.4
 107 331	242	369	244	36.8	307.2	0
 108 39	-15	1521	16.0	-14.4	16.0
 109 97	165	278	162	68.8	1076.8	0
 110 95	-14	9034	38.4	-9.6	28.8
