 111 243	148	332	145	57.6	193.6	0
 112 60	15	3625	24.0	75.2	24.0
 113 277	127	328	124	41.6	227.2	0
 114 43	-15	1885	17.6	41.6	16.0
 115 293	115	368	108	44.8	171.2	0
 116 59	-15	3497	20.8	51.2	20.8
 117 271	82	362	81	57.6	379.2	0
 118 51	-14	2601	36.8	65.6	22.4
 119 318	62	381	57	57.6	280.0	0
 120 40	15	1600	17.6	75.2	16.0
 121 359	41	393	40	36.8	225.6	0
 122 36	-14	1296	14.4	43.2	12.8
 123 313	2	277	-1	36.8	574.4	0
 124 -36	-14	1465	14.4	12.8	14.4
 125 223	-20	365	-24	72.0	233.6	0
 126 74	-15	5476	35.2	83.2	32.0
 127 4	-107	269	-116	104.0	1233.6	0
 128 91	-15	8425	41.6	33.6	41.6
 129 200	-139	320	-144	60.8	321.6	0
 130 64	-15	4096	35.2	68.8	24.0
 131 288	-154	412	-161	67.2	176.0	0
 132 64	15	4240	30.4	80.0	30.4
 133 312	-189	424	-195	64.0	374.4	0
 134 63	-15	3994	25.6	68.8	25.6
 135 396	-206	427	-205	30.4	166.4	0
 136 36	-9	1296	11.2	36.8	9.6
 137 -3	-353	-61	-361	59.2	1849.6	0
 138 -42	-15	1800	14.4	76.8	14.4
 139 -120	-376	126	-383	76.8	208.0	0
 140 136	-15	18496	38.4	89.6	38.4
 141 86	-392	147	-389	51.2	209.6	0
 142 43	12	1874	16.0	33.6	14.4
 143 100	24	52	358	56.0	134.4	0
 144 -39	206	42797	16.0	27.2	27.2
 145 -9	427	308	415	105.6	268.8	0
 146 110	15	12325	41.6	121.6	32.0
 147 260	391	302	389	36.8	204.8	0
 148 33	-15	1124	27.2	41.6	28.8
 149 255	379	163	374	54.4	192.0	0
 150 -61	-15	3865	32.0	11.2	32.0
 151 161	377	57	374	56.0	224.0	0
 152 -69	-15	4761	33.6	12.8	32.0
 153 51	377	-7	375	40.0	140.8	0
 154 -47	-14	2405	20.8	16.0	16.0
 155 -6	376	188	373	73.6	540.8	0
 156 110	-15	12296	36.8	16.0	35.2
 157 177	370	248	375	56.0	377.6	0
 158 47	5	2218	22.4	72.0	22.4
 159 247	376	-20	370	91.2	273.6	0
 160 -110	-5	12125	52.8	57.6	41.6
 161 -16	374	207	375	83.2	166.4	0
 162 118	-5	13924	38.4	76.8	38.4
 163 193	372	145	372	41.6	313.6	0
 164 -39	5	1530	19.2	28.8	16.0
 165 142	373	-89	372	86.4	374.4	0
 166 -110	-12	12100	40.0	99.2	40.0
 167 -90	368	149	367	83.2	249.6	0
 168 125	14	15650	36.8	76.8	36.8
 169 152	370	-35	372	73.6	132.8	0
 170 -108	12	11673	35.2	20.8	35.2
 171 -36	369	181	370	80.0	126.4	0
 172 114	15	13192	40.0	57.6	40.0
 173 184	371	-4	373	78.4	177.6	0
 174 -96	15	9441	41.6	60.8	41.6
 175 -4	367	205	365	76.8	190.4	0
 176 113	15	12769	35.2	92.8	35.2
 177 247	369	-37	366	88.0	516.8	0
 178 -125	15	15794	48.0	97.6	48.0
 179 -35	363	193	367	94.4	595.2	0
 180 105	-15	11106	33.6	24.0	33.6
 181 183	365	104	367	60.8	228.8	0
 182 -49	15	2417	22.4	73.6	22.4
 183 117	366	164	369	51.2	177.6	0
 184 36	-15	1345	16.0	62.4	14.4
 185 160	363	-34	367	68.8	166.4	0
 186 -110	-14	12296	36.8	44.8	33.6
 187 -26	367	170	369	80.0	147.2	0
 188 101	15	10426	40.0	97.6	36.8
 189 174	364	-81	366	91.2	177.6	0
 190 -119	14	14165	43.2	99.2	43.2
 191 -82	363	80	365	76.8	532.8	0
 192 84	-8	7056	35.2	86.4	35.2
