 224 29	-5	841	38.4	104.0	38.4
 225 63	364	38	361	28.8	118.4	0
 226 -24	-5	576	32.0	46.4	32.0
 227 32	363	-182	371	80.0	158.4	0
 228 -106	15	11236	46.4	30.4	46.4
 229 -151	388	-7	415	251.2	219.2	0
 230 49	15	2426	36.8	230.4	36.8
 231 4	415	-292	428	124.8	48.0	0
 232 -89	15	8117	100.8	92.8	100.8
 233 -254	425	-338	-385	246.4	211.2	0
 234 -71	-199	43826	43.2	49.6	48.0
 235 -225	-362	259	-338	297.6	484.8	0
 236 124	15	15520	84.8	262.4	84.8
 237 275	-335	3	-331	73.6	44.8	0
 238 -133	15	17690	54.4	0	54.4
 239 32	-319	25	-314	12.8	174.4	0
 240 -28	12	793	24.0	30.4	24.0
 241 54	-299	-246	-295	88.0	177.6	0
 242 -125	15	15706	52.8	43.2	51.2
 243 -136	-256	-252	-253	75.2	451.2	0
 244 -51	15	2644	68.8	43.2	70.4
 245 -152	-218	-80	-209	161.6	465.6	0
 246 26	15	676	25.6	80.0	24.0
 247 -69	-207	-275	-202	81.6	48.0	0
 248 -91	15	8290	59.2	91.2	59.2
 249 -183	-176	-294	-172	60.8	412.8	0
 250 -63	15	3969	43.2	76.8	43.2
 251 -123	-127	-228	-122	59.2	648.0	0
 252 -57	15	3250	38.4	-14.4	38.4
 253 -120	-91	-203	-88	57.6	464.0	0
 254 -42	15	1764	32.0	-17.6	32.0
 255 -125	-62	-10	-55	134.4	361.6	0
 256 51	15	2701	41.6	142.4	41.6
 257 5	-49	-231	-43	96.0	48.0	0
 258 -78	15	6084	75.2	62.4	75.2
 259 -115	-14	-30	-1	244.8	464.0	0
 260 21	15	466	22.4	243.2	22.4
 261 -16	1	-227	8	75.2	44.8	0
 262 -98	15	9668	44.8	70.4	40.0
 263 -78	50	-271	51	73.6	608.0	0
 264 -95	15	9041	44.8	6.4	44.8
 265 -137	86	13	98	214.4	505.6	0
 266 57	15	3330	44.8	27.2	44.8
 267 30	104	-163	109	78.4	46.4	0
 268 -86	15	7396	57.6	8.0	57.6
 269 -113	128	3	138	232.0	243.2	0
 270 38	15	1669	44.8	163.2	44.8
 271 18	143	-239	148	86.4	51.2	0
 272 -108	-15	11664	48.0	89.6	48.0
 273 -142	173	-259	181	56.0	376.0	0
 274 -74	15	5501	44.8	19.2	41.6
 275 -220	194	-87	201	139.2	214.4	0
 276 49	15	2410	46.4	128.0	46.4
 277 -74	205	-138	207	43.2	48.0	0
 278 -47	13	2258	35.2	59.2	30.4
 279 -68	227	-154	232	54.4	299.2	0
 280 -55	-15	3025	48.0	68.8	46.4
 281 -130	244	-257	246	56.0	179.2	0
 282 -83	14	6889	38.4	-17.6	38.4
 283 -236	256	131	319	833.6	163.2	0
 284 69	15	4786	48.0	843.2	46.4
 285 147	325	-120	327	84.8	44.8	0
 286 -114	-14	12996	56.0	94.4	56.0
 287 -93	338	108	347	121.6	150.4	0
 288 87	15	7578	51.2	89.6	51.2
 289 127	353	-97	356	67.2	43.2	0
 290 -125	15	15769	41.6	46.4	41.6
 291 -36	370	-165	379	57.6	262.4	0
 292 -79	15	6250	44.8	35.2	43.2
 293 -73	412	-263	417	73.6	368.0	0
 294 -87	15	7578	54.4	30.4	40.0
 295 -228	424	-302	428	46.4	180.8	0
 296 -53	0	2809	43.2	64.0	43.2
 297 -298	425	-304	-385	240.0	92.8	0
 298 -38	-206	42580	88.0	41.6	41.6
 299 -231	-377	112	-339	449.6	347.2	0
 300 81	15	6730	267.2	467.2	265.6
 301 123	-337	-60	-332	62.4	43.2	0
 302 -124	15	15412	43.2	-6.4	43.2
 303 -35	-317	67	-303	187.2	150.4	0
 304 33	15	1114	36.8	140.8	36.8
 305 83	-296	18	-296	48.0	52.8	0
 306 -48	15	2313	32.0	19.2	32.0
 307 19	-283	7	-280	16.0	113.6	0
 308 -21	5	466	27.2	33.6	16.0
 309 11	-276	-196	-284	224.0	268.8	0
 310 -95	-15	9050	46.4	222.4	46.4
 311 -210	-283	95	-297	108.8	44.8	0
 312 96	-15	9252	46.4	36.8	46.4
 313 61	-315	115	-318	38.4	203.2	0
 314 49	-15	2465	32.0	22.4	32.0
 315 82	-334	-114	-348	204.8	179.2	0
 316 -87	-15	7594	44.8	81.6	44.8
 317 -124	-352	118	-361	75.2	43.2	0
 318 136	-15	18496	51.2	-1.6	49.6
 319 87	-377	14	-387	129.6	179.2	0
 320 -33	-15	1285	40.0	100.8	28.8
 321 -1	-391	52	-396	35.2	51.2	0
 322 51	15	2701	30.4	51.2	30.4
 323 36	-392	249	423	236.8	139.2	0
 324 125	200	40000	97.6	40.0	38.4
 325 209	429	134	428	73.6	120.0	0
 326 -38	0	1444	49.6	91.2	49.6
 327 111	418	287	411	72.0	128.0	0
 328 86	-15	7396	54.4	88.0	54.4
 329 265	395	270	391	9.6	163.2	0
 330 18	-15	549	24.0	12.8	12.8
 331 141	346	309	338	72.0	564.8	0
 332 84	-15	7137	48.0	16.0	43.2
 333 284	324	-2	309	216.0	163.2	0
 334 -124	-15	15376	52.8	220.8	51.2
