 335 -15	307	266	303	84.8	46.4	0
 336 125	-15	15821	48.0	59.2	48.0
 337 69	252	255	241	72.0	739.2	0
 338 98	-15	9604	51.2	14.4	46.4
 339 154	210	272	209	64.0	419.2	0
 340 55	-12	3026	51.2	-17.6	36.8
 341 193	187	253	185	40.0	329.6	0
 342 49	-12	2405	35.2	46.4	35.2
 343 190	165	327	160	57.6	288.0	0
 344 82	-15	6724	43.2	-1.6	43.2
 345 296	149	-29	135	225.6	180.8	0
 346 -125	-15	15850	62.4	160.0	60.8
 347 -43	129	173	124	72.0	43.2	0
 348 110	-15	12181	51.2	9.6	40.0
 349 160	115	-166	100	185.6	112.0	0
 350 -125	15	15650	51.2	196.8	49.6
 351 -178	101	89	91	72.0	44.8	0
 352 149	-15	22301	46.4	57.6	46.4
 353 -33	59	180	53	72.0	507.2	0
 354 124	-15	15376	49.6	80.0	48.0
 355 -19	6	163	-1	70.4	752.0	0
 356 87	12	7594	46.4	83.2	46.4
 357 5	-42	164	-52	64.0	633.6	0
 358 91	-15	8362	43.2	65.6	43.2
 359 57	-80	172	-87	54.4	448.0	0
 360 79	-15	6241	44.8	14.4	43.2
 361 9	-133	51	-131	32.0	657.6	0
 362 36	-14	1296	33.6	-17.6	32.0
 363 -87	-169	202	-175	80.0	537.6	0
 364 134	-15	17981	48.0	91.2	48.0
 365 121	-206	160	-204	35.2	368.0	0
 366 33	-14	1089	36.8	-14.4	36.8
 367 100	-226	-64	-241	219.2	296.0	0
 368 -55	-15	3250	52.8	174.4	51.2
 369 -78	-246	196	-252	78.4	43.2	0
 370 131	-15	17186	57.6	30.4	56.0
 371 176	-265	201	-265	25.6	152.0	0
 372 26	-15	676	30.4	17.6	28.8
 373 81	-306	141	-310	48.0	497.6	0
 374 39	-15	1521	46.4	57.6	46.4
 375 50	-358	233	-362	67.2	521.6	0
 376 106	-15	11252	43.2	65.6	43.2
 377 223	-375	161	-391	180.8	113.6	0
 378 -26	-15	776	27.2	124.8	25.6
 379 146	-388	65	431	339.2	209.6	0
 380 -15	211	44521	353.6	44.8	41.6
 381 51	426	113	425	43.2	51.2	0
 382 47	-9	2209	36.8	60.8	32.0
 383 75	406	192	395	96.0	246.4	0
 384 43	-15	1993	46.4	73.6	44.8
 385 154	375	188	371	32.0	220.8	0
 386 36	-14	1296	28.8	-3.2	27.2
 387 63	330	-190	327	102.4	3030.4	0
 388 -98	15	9685	51.2	120.0	51.2
 389 -193	332	-193	326	11.2	713.6	0
 390 225	-758	624740	27.2	28.8	28.8
 391 -75	-78	-63	-77	25.6	14.4	1
 392 -239	764	639392	36.8	38.4	38.4
 393 -192	329	-41	-72	25.6	14.4	0
 394 279	764	642925	16.0	-1.6	35.2
 395 -183	329	40	329	116.8	14.4	0
 396 -270	-1043	1138025	-4.8	134.4	134.4
 397 -88	-272	149	-216	385.6	14.4	0
 398 -235	-1119	1305061	4.8	6.4	6.4
 399 172	-215	-164	-205	84.8	41.6	0
 400 -143	15	20474	49.6	97.6	49.6
 401 -53	-163	70	-133	201.6	268.8	0
 402 26	15	772	184.0	203.2	163.2
 403 89	-130	-207	-122	89.6	41.6	0
 404 -109	15	11962	46.4	100.8	46.4
 405 -46	-69	43	-52	144.0	368.0	0
 406 26	15	901	105.6	121.6	104.0
 407 64	-46	-44	-40	62.4	41.6	0
 408 -55	15	3034	49.6	56.0	46.4
 409 -25	-25	212	30	416.0	86.4	0
 410 24	15	801	248.0	427.2	68.8
 411 235	35	-74	45	97.6	40.0	0
 412 -125	15	15626	43.2	110.4	43.2
 413 25	80	117	106	164.8	244.8	0
 414 23	15	637	51.2	169.6	171.2
 415 139	110	-145	121	83.2	41.6	0
 416 -110	15	12325	54.4	100.8	40.0
 417 -3	165	134	193	236.8	334.4	0
 418 24	15	673	83.2	244.8	81.6
 419 158	201	-123	212	83.2	41.6	0
 420 -122	15	14884	59.2	86.4	59.2
 421 -8	249	101	269	188.8	278.4	0
 422 26	15	872	206.4	203.2	204.8
 423 125	277	-152	287	81.6	40.0	0
 424 -125	15	15626	62.4	75.2	62.4
 425 -32	334	109	366	248.0	289.6	0
 426 26	15	757	4.8	244.8	4.8
 427 131	373	-136	397	110.4	41.6	0
 428 -77	15	5945	102.4	72.0	102.4
 429 -32	423	95	-392	214.4	268.8	0
 430 21	-230	53156	174.4	104.0	104.0
 431 115	-390	-115	-375	80.0	41.6	0
 432 -105	15	11025	62.4	78.4	60.8
 433 -23	-332	48	-311	120.0	232.0	0
 434 24	15	720	65.6	86.4	24.0
 435 68	-304	-193	-292	83.2	43.2	0
 436 -110	15	12125	57.6	65.6	57.6
 437 -27	-239	163	-192	323.2	369.6	0
 438 24	15	673	168.0	331.2	169.6
 439 188	-184	-135	-172	115.2	41.6	0
 440 -87	15	7618	35.2	83.2	35.2
 441 -16	-130	50	-116	116.8	283.2	0
 442 21	15	522	-14.4	104.0	-14.4
 443 71	-112	-82	-104	54.4	41.6	0
 444 -98	15	9829	46.4	48.0	46.4
 445 -82	-96	58	-61	236.8	49.6	0
