*2200
0077;4242;0005;0373;7200;0000;7402;4242
0005;0374;7400;0000;7402;4242;0003;0001
7200;0000;7402;4242;0003;0002;7400;0000
7402;5626;0006;0037;0040;0070;3700;2377
5360;5303
*2242
0000;7240;3377;1642;3356;2242
1642;3352;2242;1642;1263;3353;1356;7006
7710;7120;1356;0200;3356;1356;0235;1373
3366;2242;1242;7430;7240;3346;4363;2242
1642;7430;3242;7200;1352;0233;7112;7012
7012;1352;7001;3363;7430;1234;1352;7004
0236;1356;6615;7200;1356;0232;1360;3336
1345;3350;1345;1353;3351;1363;0000;6622
5337;6621;5237;2242;5360;7577;0000
*2350
0000;0000;0000;0000
*2356
0000;0000
6601;4363;5642;0000;1746;3351;0000;1753
3350;1351;3753;6201;1350;3746;5763;0000
$
