*2400
0006;4242;0005;0373;7200;0000;7402;4242
0005;0374;7400;0000;7752;4242;0003;0001
7200;0000;7402;4242;0003;0002;7400;0000
7402;5626;0077;0040;0700;1214;3352;1642
3242;5301
*2442
0000;7346;3357;1642;3205;1205
0200;1364;3336;1205;0347;1375;3370;2242
1642;3227;2242;1642;1250;3221;2242;1642
4366;3353;1242;3352;2242;1205;7006;7710
5235;1205;0347;6615;1227;0232;7112;7012
7012;7101;1227;3213;7430;1233;1227;7012
7012;0232;3350;1205;0234;1350;7110;6643
1346;3350;1346;1221;3351;1213;0000;6623
5337;6621;5360;2357;5301;5361;7577;0070
*2550
0000;0000;0000;0000
*2557
0000
2242;1353;4366;3752;6601;5642;0000;3351
0000;1621;3350;1351;3621;6201;1350;5766
$
