*2600
0070;4242;0005;0005;7200;0000;7402;4242
0005;0006;7400;0000;7402;4242;0003;0001
7200;0000;7402;4242;0003;0002;7400;0000
7402;5626;0400;7010;7577;7754;2377;5345
5272
*2642
0000;7240;3377;1642;3351;1351
7106;7004;3352;2242;1642;3350;2242;1642
3221;1242;7430;7344;3227;2242;2242;1642
7430;3242;7200;1352;0233;1232;6766;6774
1235;3355;7006;7004;7220;1342;7420;1232
6764;6773;5311;7510;5302;6761;7006;7006
7630;1224;1354;7040;1350;7040;7640;5306
7430;5307;1234;3354;7040;1221;3355;1351
6774;1352;0200;5357;2242;1342;6764;5642
*2750
0000;0000;0000
*2754
0000;0000
*2757
6764
6772;7710;5236;1354;7140;7640;5360;6774
1227;3355;6773;5372;7710;5236;5344;0000
$
