*5200
0077;7200;7400;7200;7400;1376;3227;1373
3233;1241;4225;1241;7001;4225;1360;3233
7001;4225;7326;4225;5602;0000;3234;1601
2227;3235;4242;0000;0000;0000;0000;7402
5625;0000;0000;7240;3354;1642;2242;7106
7510;1360;7012;0200;3355;1642;2242;3234
1642;3377;1242;7430;7240;3352;2242;2242
1642;7430;3242;7600;1234;7104;0372;3357
1234;0353;7112;7012;7012;1234;7001;3356
7430;1361;1357;1355;6615;0374;1375;3364
1273;3350;7040;1377;3351;4362;7040;3350
6616;0372;6615;7300;1352;3351;1253;4362
2242;5345;2354;7410;5273;6601;7300;5642
*5352
0000;0037;0000;0000;0000;0000
0003;0100;0000;1356;0000;6622;5365;6621
5342;5762;3700;0005;0007;6600;1201;0000
$
