*5600
7200;7400;7200;7400;1372;3240;1367;3232
1241;4224;1241;7001;4224;1374;3232;7001
4224;7326;4224;5601;0000;3233;2240;1640
3234;4242;0000;0000;0000;0000;7402;5624
0000;0000;0000;7346;3354;1642;2242;7106
7510;1374;7012;0365;3355;1642;2242;3375
1642;3343;1242;7430;7344;3352;2242;2242
1642;7430;3242;7300;1375;7004;0366;3357
1375;0353;7112;7012;7012;1375;7001;3356
7430;1373;1357;1355;6615;0370;1371;3326
1372;3350;7040;1343;3351;1356;0000;1350
7040;7640;5327;1352;3351;6622;5335;6621
5360;2242;5362;0000
*5752
0000;0037;0000;0000;0000;0000
2354;5273;6601;7300;5642;0077;3700;0005
0007;6600;7577;0100;0003;0000
$
