*6000
7010;7200;7400;7200;7400;1243;3375;1374
3233;1241;4225;1241;7001;4225;1353;3233
7001;4225;7326;4225;5602;0000;3234;2375
1775;3235;4242;0000;0000;0000;0000;7402
5625;0000;0000;7600;1642;3351;1642;2242
7106;7004;3352;1642;2242;3236;1642;3235
1242;7430;7344;3234;2242;2242;1642;7430
3242;7240;3355;1352;0200;1372;6766;6764
4364;5310;1353;1755;7040;1236;7710;5277
1352;0200;1274;6766;6764;4364;5273;1755
7041;1236;7640;5314;1376;3354;7040;1235
3355;1351;6774;1352;0373;6764;6772;7710
5361;1354;7140;7640;5336;6774;1234;3355
5356;0000;0000;0003
*6156
4364;7410
2242;1274;6764;5642;0000;6773;5365;7700
2364;5764;0600;0070;0005;0000;7577;0000
$
