*1314
6246;2030;3700;0000
*5200
0077;7200;7400;7200;7400;1376;3227;1373
3233;1241;4225;1241;7001;4225;1352;3233
7001;4225;7326;4225;5602;0000;3234;1601
2227;3235;4242;0000;0000;0000;0000;7402
5625;0000;0000;7240;3377;1642;0357;3236
1642;0374;1375;3362;1642;7106;7004;7600
1642;2242;0200;3233;1642;2242;3234;1642
3235;1242;7430;7240;3353;2242;2242;1642
7430;3242;7240;1235;3351;1233;6615;1356
3360;3355;1234;3354;1354;7104;3354;1355
7004;3355;2360;5314;1354;1234;3354;7430
2355;1236;1355;6643;1257;3350;4360;7040
3350;1353;3351;1262;4360;2242;6601;5642
*5352
0003;0000;0000;0000;7771;0700
0000;1354;0000;6622;5363;6615;6621;5760
2377;5642;5302;0005;0007;6600;1201;0000
$
