3
10,.55
5,.141,.152
10,.234,.219
15,.370,.229
20,.379,.367
30,.355,.491
40,.599,.735
60,.785,.766
80,1.120,1.150
120,1.370,1.18
180,1.480,1.174
10,1.55
5,.379,.443
10,.659,.673
15,.687,.954
20,1.062,1.038
30,1.322,1.317
40,2.028,1.834
60,2.161,2.073
80,2.608,3.072
120,3.850,4.096
180,5.054,5.011
10,2.55
5,.605,.557
10,1.109,1.114
15,1.485,1.467
20,1.885,1.710
30,2.629,2.356
40,2.501,3.037
60,4.134,3.917
80,4.109,5.274
120,5.726,6.893
180,7.894,7.709
9,5.05
5,1.144,.988
10,2.126,1.959
15,2.509,3.138
20,3.555,3.346
30,4.455,4.550
40,6.266,6.242
80,10.404,10.141
120,14.264,13.663
180,16.434,13.169
2.073
80,2.608,3.072
120,3.850,4.096
180,5.054,5.011
10,2.55
5,.605,.557
10,1.109,1.114
15,1.485,1.467
20,1.885,