1
4
13,.534
10,.0654,.0502
20,.188,.184
30,.259,.246
40,.33,.314
60,.437,.472
80,.607,.437
120,.624,.731
180,.827,.862
240,1.09,1.25
300,1.37,1.35
360,1.60,1.58
420,1.58,1.55
480,1.76,1.94
13,1.534
10,.137,.130
20,.393,.451
30,.759,.571
40,.961,.837
60,1.36,1.25
80,1.67,1.90
120,2.46,2.15
180,3.04,2.52
240,3.57,3.60
300,3.78,4.04
360,3.96,4.24
420,4.39,4.66
480,5.54,4.61
13,2.534
10,.285,.115
20,.760,.634
30,1.04,1.06
40,1.53,1.64
60,2.59,2.05
80,2.11,2.35
120,3.88,3.40
180,3.48,4.06
240,5.70,5.99
300,6.76,6.41
360,6.87,6.98
420,6.91,7.44
480,8.44,8.06
13,5.034
10,.578,.754
20,1.88,1.74
30,1.94,2.23
40,3.29,2.64
60,4.60,4.58
80,5.39,5.46
120,6.48,7.54
180,10.63,9.62
240,11.82,9.98
300,12.93,12.16
360,13.35,12.77
420,15.28,15.31
480,15.37,15.92
0,.760,.634
30,1.04,1.06
40,1.53,1.64
60,2.59,2.05
80,2.11,2.35
120,3.88,3.40
180,3.48,4.06
240,5.70,5.99
300,6.76,6.41
360,6.87,6.98
420,6.91,7.44
480,8.44,8.06
13,5.034
10,.578,.754
20,1.88,1.74
30,1.94,2.23
40,3.29,2.64
60,4.60,4.58
80,5.39,5.46
120,6.48,7.54
180,10.63,9.62
240,11.82,9.98
300,12.93,12.16
360,13.