5
20,0.18761,E12283
0,101.,99.6
4.,81.7,82.7
7.,78.6,0
10,75.,72.4
15,65.7,63.7
20,59.5,60.6
25,55.4,55.9
30,52.6,52.2
40,47.1,47.9
50,41.9,44.8
60,40.,37.7
80,32.1,32.1
100,28.8,24.2
120,22.8,25.1
140,27.0,24.8
160,18.2,18.5
180,18.0,18.2
200,15.9,16.5
220,15.6,14.8
240,15.0,14.8
19,0.09608,J33183
0.,100.,100.
2.5,88.8,81.3
10.,68.16,71.08
15.,67.85,63.98
20.,69.72,64.08
25.,62.5,60.83
30.,56.86,59.13
40.,60.14,49.48
50.,47.19,48.03
60.,49.76,45.14
80.,34.7,34.95
100.,32.72,31.79
120.,32.58,31.94
140.,31.34,31.02
160.,26.71,33.38
180.,28.36,27.78
200.,25.63,25.25
220.,30.68,22.62
240.,22.66,22.37
20,0.13728,E31183
0,95.9,104.
2.5,80.7,87.8
5.,76.7,88.1
10.,76.3,80.2
15.,63.8,62.5
20.,59.6,61.7
25.,59.8,60.
30.,55.4,51.3
40.,51.6,47.9
50.,50.5,51.2
60.,46.9,44.4
80.,35.4,34.1
100.,35.7,38.2
120.,31.6,32.8
140.,32.6,32.1
160.,35.6,30.3
180.,28.2,27.5
200.,25.4,26.2
220.,26.5,27.4
240.,23.4,23.5
18,0.048018,E21083
0,100.,0
2.5,72.4,87.9
5.,72.1,73.8
10.,51.9,0.
15.,54.7,0.
20.,49.1,55.9
25.,58.1,54.8
30.,54.0,52.7
40.,47.6,51.4
50.,42.8,38.6
60.,41.5,43.9
80.,24.2,38.2
100.,26.0,26.8
140.,23.6,27.8
160.,30.5,23.4
180.,20.6,24.1
200.,20.8,19.4
220.,12.5,17.5
27,.031952,J51883
0,117.37,91.67
0.,102.13,92.05
0.,96.81,0.
2.5,94.72,101.19
5.,95.57,96.95
7.5,77.48,86.12
10.,86.89,88.48
15.,83.14,81.23
20.,72.82,74.19
25.,60.27,0.
30.,65.84,67.44
35.,58.47,61.21
40.,55.91,0.
50.,59.09,55.73
60.,56.20,55.94
70.,52.01,51.78
80.,41.01,49.29
90.,49.78,46.71
100.,43.39,45.61
120.,37.80,39.99
140.,35.4,37.05
160.,31.39,34.87
180.,33.28,31.53
200.,31.39,29.71
220.,25.39,27.11
260.,25.36,25.77
300.,9.25,11.89
,96.95
7.5,77.48,86.12
10.,86.89,88.48
15.,83.14,81.23
20.,72.82,74.19
25.,60.27,0.
30.,65.84,67.44
35.,58.47,61.21
40.,55.91,0.
50.,59.09,55.73
60.,56.20,55.94
70.,52.01,51.78
