
197
      1.0                       17.0
      2.0                       16.6
      3.0                       16.3
      4.0                       16.1
      5.0                       17.1
      6.0                       16.9
      7.0                       16.8
      8.0                       17.4
      9.0                       17.1
     10.0                       17.0
     11.0                       16.7
     12.0                       17.4
     13.0                       17.2
     14.0                       17.4
     15.0                       17.4
     16.0                       17.0
     17.0                       17.3
     18.0                       17.2
     19.0                       17.4
     20.0                       16.8
     21.0                       17.1
     22.0                       17.4
     23.0                       17.4
     24.0                       17.5
     25.0                       17.4
     26.0                       17.6
     27.0                       17.4
     28.0                       17.3
     29.0                       17.0
     30.0                       17.8
     31.0                       17.5
     32.0                       18.1
     33.0                       17.5
     34.0                       17.4
     35.0                       17.4
     36.0                       17.1
     37.0                       17.6
     38.0                       17.7
     39.0                       17.4
     40.0                       17.8
     41.0                       17.6
     42.0                       17.5
     43.0                       16.5
     44.0                       17.8
     45.0                       17.3
     46.0                       17.3
     47.0                       17.1
     48.0                       17.4
     49.0                       16.9
     50.0                       17.3
     51.0                       17.6
     52.0                       16.9
     53.0                       16.7
     54.0                       16.8
     55.0                       16.8
     56.0                       17.2
     57.0                       16.8
     58.0                       17.6
     59.0                       17.2
     60.0                       16.6
     61.0                       17.1
     62.0                       16.9
     63.0                       16.6
     64.0                       18.0
     65.0                       17.2
     66.0                       17.3
     67.0                       17.0
     68.0                       16.9
     69.0                       17.3
     70.0                       16.8
     71.0                       17.3
     72.0                       17.4
     73.0                       17.7
     74.0                       16.8
     75.0                       16.9
     76.0                       17.0
     77.0                       16.9
     78.0                       17.0
     79.0                       16.6
     80.0                       16.7
     81.0                       16.8
     82.0                       16.7
     83.0                       16.4
     84.0                       16.5
     85.0                       16.4
     86.0                       16.6
     87.0                       16.5
     88.0                       16.7
     89.0                       16.4
     90.0                       16.4
     91.0                       16.2
     92.0                       16.4
     93.0                       16.3
     94.0                       16.4
     95.0                       17.0
     96.0                       16.9
     97.0                       17.1
     98.0                       17.1
     99.0                       16.7
    100.0                       16.9
    101.0                       16.5
    102.0                       17.2
    103.0                       16.4
    104.0                       17.0
    105.0                       17.0
    106.0                       16.7
    107.0                       16.2
    108.0                       16.6
    109.0                       16.9
    110.0                       16.5
    111.0                       16.6
    112.0                       16.6
    113.0                       17.0
    114.0                       17.1
    115.0                       17.1
    116.0                       16.7
    117.0                       16.8
    118.0                       16.3
    119.0                       16.6
    120.0                       16.8
    121.0                       16.9
    122.0                       17.1
    123.0                       16.8
    124.0                       17.0
    125.0                       17.2
    126.0                       17.3
    127.0                       17.2
    128.0                       17.3
    129.0                       17.2
    130.0                       17.2
    131.0                       17.5
    132.0                       16.9
    133.0                       16.9
    134.0                       16.9
    135.0                       17.0
    136.0                       16.5
    137.0                       16.7
    138.0                       16.8
    139.0                       16.7
    140.0                       16.7
    141.0                       16.6
    142.0                       16.5
    143.0                       17.0
    144.0                       16.7
    145.0                       16.7
    146.0                       16.9
    147.0                       17.4
    148.0                       17.1
    149.0                       17.0
    150.0                       16.8
    151.0                       17.2
    152.0                       17.2
    153.0                       17.4
    154.0                       17.2
    155.0                       16.9
    156.0                       16.8
    157.0                       17.0
    158.0                       17.4
    159.0                       17.2
    160.0                       17.2
    161.0                       17.1
    162.0                       17.1
    163.0                       17.1
    164.0                       17.4
    165.0                       17.2
    166.0                       16.9
    167.0                       16.9
    168.0                       17.0
    169.0                       16.7
    170.0                       16.9
    171.0                       17.3
    172.0                       17.8
    173.0                       17.8
    174.0                       17.6
    175.0                       17.5
    176.0                       17.0
    177.0                       16.9
    178.0                       17.1
    179.0                       17.2
    180.0                       17.4
    181.0                       17.5
    182.0                       17.9
    183.0                       17.0
    184.0                       17.0
    185.0                       17.0
    186.0                       17.2
    187.0                       17.3
    188.0                       17.4
    189.0                       17.4
    190.0                       17.0
    191.0                       18.0
    192.0                       18.2
    193.0                       17.6
    194.0                       17.8
    195.0                       17.7
    196.0                       17.2
    197.0                       17.4
-99
CHEMICAL PROCESS SERIES A BOX & JENKINS P 524
