42
41,.088
42,.114
43,.160
44,.239
45,.358
46,.512
47,.688
48,.935
49,1.115
50,1.30
51,1.50
52,1.74
53,2.05
54,2.455
55,2.945
56,3.68
57,4.38
58,5.40
59,6.75
60,7.29
61,7.41
62,7.14
63,6.68
64,5.75
65,4.95
66,3.78
67,2.32
68,1.54
69,1.24
70,1.135
71,1.085
72,.995
73,.651
74,.611
75,.589
76,.575
77,.539
78,.486
79,.405
80,.322
81,.247
82,.195
83,.159
84,.135
43,.160
44,.239
45,.358
46,.512
47,.688
48,.935
49,1.115
50,1.30
51,1.50
52,1.74
53,2.05
54,2.455
55,2.945
56,3.68
57,4.38
58,5.40
59,6.75
60,7.29
61,7.41
62,7.14
63,6.68
64,5.75
65,4.95
66,3.78
67,2.32
68,1.54
69,1.24
70,1.135
71,1.085
72,.995
73,.651
74,.611
75,.589
76,.575
77,.539
78,.486
79,.405
80,.322
81,.247
82,.19