54
 1   1.0     0.09     0.43    -0.34  -381.86
 2   2.0     1.04     0.72     0.32    30.68
 3   3.0     1.11     0.97     0.14    12.43
 4   4.0     1.33     1.19     0.14    10.39
 5   5.0     1.18     1.39    -0.21   -17.37
 6   6.0     1.70     1.56     0.14     8.51
 7   7.0     1.80     1.71     0.09     5.23
 8   8.0     1.67     1.84    -0.17   -10.16
 9   9.0     1.91     1.96    -0.05    -2.57
10  10.0     2.31     2.07     0.24    10.55
11  11.0     1.89     2.16    -0.27   -14.43
12  12.0     2.05     2.25    -0.20    -9.77
13  13.0     2.24     2.33    -0.09    -4.02
14  14.0     2.51     2.40     0.11     4.26
15  15.0     2.37     2.47    -0.10    -4.24
16  16.0     2.20     2.53    -0.33   -15.14
17  17.0     2.47     2.59    -0.12    -4.92
18  18.0     2.81     2.65     0.16     5.82
19  19.0     2.82     2.70     0.12     4.31
20  20.0     2.70     2.75    -0.05    -1.77
21  21.0     2.98     2.79     0.19     6.21
22  22.0     3.23     2.84     0.39    12.07
23  23.0     3.27     2.88     0.39    11.81
24  24.0     3.01     2.93     0.08     2.79
25  25.0     3.10     2.97     0.13     4.29
26  26.0     2.83     3.01    -0.18    -6.26
27  27.0     3.10     3.05     0.05     1.73
28  28.0     2.97     3.08    -0.11    -3.87
29  29.0     2.91     3.12    -0.21    -7.31
30  30.0     3.27     3.16     0.11     3.36
31  31.0     3.04     3.20    -0.16    -5.16
32  32.0     2.97     3.23    -0.26    -8.87
33  33.0     3.31     3.27     0.04     1.22
34  34.0     3.26     3.31    -0.05    -1.40
35  35.0     3.21     3.34    -0.13    -4.09
36  36.0     3.38     3.38     0.00     0.10
37  37.0     3.38     3.41    -0.03    -0.95
38  38.0     3.45     3.45     0.00     0.08
39  39.0     3.47     3.48    -0.01    -0.35
40  40.0     3.38     3.52    -0.14    -4.06
41  41.0     3.49     3.55    -0.06    -1.77
42  42.0     3.87     3.59     0.28     7.32
43  43.0     3.66     3.62     0.04     1.06
44  44.0     3.22     3.66    -0.44   -13.54
45  45.0     3.99     3.69     0.30     7.51
46  46.0     3.85     3.73     0.12     3.25
47  47.0     3.92     3.76     0.16     4.09
48  48.0     3.80     3.79     0.01     0.16
49  49.0     4.02     3.83     0.19     4.76
50  50.0     4.01     3.86     0.15     3.67
51  51.0     3.80     3.90    -0.10    -2.56
52  52.0     3.88     3.93    -0.05    -1.33
53  53.0     3.75     3.97    -0.22    -5.76
54  54.0     3.97     4.00    -0.03    -0.77
RMS FIT:     0.186
CORRELATION OF OBS AND PRED: 0.97816
 J PAR    COEF   S.E.
 1   A       2.139       0.168
 2   K       0.172       0.038
 3  T0      -0.289       0.616
 4   B       0.034       0.004
 5  BK       0.000       0.000
 6   C       0.000       0.000

-0.05    -1.33
53  53.0     3.75     3.97    -0.22    -5.76
54  54.0     3.97     4.00    -0.03    -0.77
RMS FIT:     0.186
CORRELATION OF OBS AND PRED: 0.97816
 J PAR    COEF   S.E.
 1   A       2.139       0.168
 2   K       0.172       0.038
 3  T0      -0.289       0.616
 4   B       0.034     