
 73
  1   8.0     -0.5     0.21    -0.68   145.65
  2   9.0     -2.4     0.29    -2.67   112.22
  3  10.0      1.8     0.32     1.44    81.58
  4  11.0      3.0     0.32     2.71    89.60
  5  12.0     -1.5     0.27    -1.79   117.59
  6  13.0      1.2     0.19     0.97    83.79
  7  14.0     -2.2     0.09    -2.27   103.96
  8  15.0     -1.7    -0.03    -1.68    98.46
  9  16.0      1.0    -0.14     1.13   113.93
 10  17.0      2.9    -0.24     3.09   108.30
 11  18.0     -2.2    -0.31    -1.91    85.99
 12  19.0      1.4    -0.35     1.75   125.14
 13  20.0      1.1    -0.35     1.48   131.25
 14  21.0     -0.4    -0.31    -0.13    29.38
 15  22.0      0.9    -0.22     1.15   124.18
 16  23.0     -2.8    -0.10    -2.68    96.43
 17  24.0     -0.3     0.06    -0.40   117.50
 18  25.0     -0.7     0.24    -0.90   136.55
 19  26.0      1.2     0.43     0.74    62.92
 20  27.0      0.7     0.62     0.04     5.54
 21  28.0      0.0     0.80    -0.79 -7858.67
 22  29.0      0.6     0.94    -0.32   -51.16
 23  30.0     -0.4     1.03    -1.43   358.72
 24  31.0      0.7     1.08    -0.34   -45.80
 25  32.0      3.2     1.06     2.11    66.49
 26  33.0      0.8     0.98    -0.22   -29.16
 27  34.0      1.5     0.84     0.69    45.25
 28  35.0      1.2     0.64     0.54    46.15
 29  36.0      0.4     0.38     0.03     6.42
 30  37.0      1.1     0.09     1.04    91.61
 31  38.0     -1.1    -0.22    -0.86    79.99
 32  39.0     -1.5    -0.53    -0.97    64.54
 33  40.0     -2.7    -0.83    -1.90    69.43
 34  41.0     -0.5    -1.11     0.63  -130.53
 35  42.0     -1.0    -1.33     0.29   -28.00
 36  43.0     -0.9    -1.49     0.58   -64.23
 37  44.0      0.0    -1.59     1.59     0.00
 38  45.0     -0.3    -1.60     1.31  -450.93
 39  46.0     -2.6    -1.53    -1.06    40.98
 40  47.0     -0.9    -1.38     0.47   -51.68
 41  48.0     -1.8    -1.16    -0.67    36.62
 42  49.0     -2.0    -0.88    -1.08    55.18
 43  50.0     -1.8    -0.55    -1.24    69.24
 44  51.0     -1.0    -0.19    -0.85    81.35
 45  52.0     -0.8     0.17    -0.96   121.85
 46  53.0     -1.2     0.53    -1.68   146.04
 47  54.0      4.1     0.86     3.23    79.04
 48  55.0      3.4     1.14     2.28    66.70
 49  56.0      3.5     1.36     2.09    60.58
 50  57.0      2.8     1.51     1.26    45.52
 51  58.0      3.2     1.58     1.60    50.32
 52  59.0      0.8     1.57    -0.77   -96.19
 53  60.0      1.5     1.48     0.02     1.26
 54  61.0      0.8     1.32    -0.51   -63.11
 55  62.0     -2.4     1.10    -3.50   145.86
 56  63.0     -0.2     0.83    -1.03   516.84
 57  64.0      1.0     0.54     0.45    45.82
 58  65.0      0.1     0.23    -0.15  -183.20
 59  66.0      1.0    -0.08     1.04   108.14
 60  67.0      0.2    -0.36     0.61   244.35
 61  68.0      0.4    -0.61     1.03   244.46
 62  69.0     -0.2    -0.80     0.60  -301.86
 63  70.0     -0.5    -0.94     0.41   -77.97
 64  71.0     -0.9    -1.02     0.16   -18.68
 65  72.0     -1.3    -1.04    -0.25    19.73
 66  73.0     -0.5    -0.99     0.47   -90.63
 67  74.0      1.0    -0.90     1.94   186.07
 68  75.0     -0.6    -0.76     0.16   -26.18
 69  76.0     -1.1    -0.59    -0.55    48.27
 70  77.0     -0.9    -0.41    -0.47    53.79
 71  78.0      0.7    -0.22     0.89   133.14
 72  79.0     -1.5    -0.05    -1.43    96.67
 73  80.0      2.0     0.10     1.87    94.94
19.73
 66  73.0  