72
 1   1.0    42.10    43.25    -1.15    -2.74
 2   2.0    37.90    40.37    -2.47    -6.53
 3   3.0    38.50    37.79     0.71     1.85
 4   4.0    37.60    35.46     2.14     5.70
 5   5.0    38.40    33.35     5.05    13.14
 6   6.0    31.10    31.45    -0.35    -1.13
 7   7.0    29.90    29.72     0.18     0.60
 8   8.0    25.50    28.15    -2.65   -10.39
 9   9.0    26.70    26.72    -0.02    -0.06
10  10.0    23.40    25.41    -2.01    -8.58
11  11.0    23.90    24.21    -0.31    -1.29
12  12.0    22.20    23.11    -0.91    -4.10
13  13.0    22.50    22.10     0.40     1.78
14  14.0    19.10    21.17    -2.07   -10.83
15  15.0    21.30    20.31     0.99     4.64
16  16.0    18.80    19.52    -0.72    -3.82
17  17.0    18.80    18.79     0.01     0.07
18  18.0    20.10    18.11     1.99     9.91
19  19.0    20.70    17.48     3.22    15.57
20  20.0    18.60    16.89     1.71     9.18
21  21.0    16.80    16.35     0.45     2.68
22  22.0    15.30    15.84    -0.54    -3.55
23  23.0    15.60    15.37     0.23     1.46
24  24.0    14.80    14.93    -0.13    -0.89
25  25.0    13.80    14.52    -0.72    -5.23
26  26.0    14.60    14.14     0.46     3.17
27  27.0    15.30    13.78     1.52     9.94
28  28.0    13.10    13.44    -0.34    -2.62
29  29.0    12.30    13.13    -0.83    -6.73
30  30.0    11.70    12.83    -1.13    -9.69
31  31.0    11.60    12.56    -0.96    -8.25
32  32.0    11.80    12.30    -0.50    -4.21
33  33.0    11.40    12.05    -0.65    -5.73
34  34.0    12.90    11.82     1.08     8.33
35  35.0    12.20    11.61     0.59     4.83
36  36.0    11.80    11.41     0.39     3.32
37  37.0    12.40    11.22     1.18     9.52
38  38.0    11.30    11.04     0.26     2.29
39  39.0     9.30    10.87    -1.57   -16.92
40  40.0     9.40    10.72    -1.32   -14.00
41  41.0    11.20    10.57     0.63     5.64
42  42.0     9.90    10.43    -0.53    -5.36
43  43.0    10.90    10.30     0.60     5.50
44  44.0     6.30    10.18    -3.88   -61.55
45  45.0    11.60    10.06     1.54    13.25
46  46.0    10.60     9.96     0.64     6.07
47  47.0    10.50     9.86     0.64     6.14
48  48.0    10.00     9.76     0.24     2.38
49  49.0     9.70     9.67     0.03     0.27
50  50.0     9.80     9.59     0.21     2.12
51  51.0    10.20     9.52     0.68     6.71
52  52.0    10.20     9.44     0.76     7.40
53  53.0     9.00     9.38    -0.38    -4.21
54  54.0     9.80     9.32     0.48     4.92
55  55.0     9.00     9.26    -0.26    -2.91
56  56.0     9.20     9.21    -0.01    -0.11
57  57.0     8.60     9.16    -0.56    -6.55
58  58.0     9.60     9.12     0.48     5.00
59  59.0    10.20     9.08     1.12    10.97
60  60.0     8.60     9.05    -0.45    -5.18
61  61.0     9.00     9.01    -0.01    -0.16
62  62.0     8.90     8.99    -0.09    -0.97
63  63.0     8.40     8.96    -0.56    -6.69
64  64.0     9.20     8.94     0.26     2.82
65  65.0    11.30     8.92     2.38    21.04
66  66.0     9.70     8.91     0.79     8.17
67  67.0     8.20     8.90    -0.70    -8.49
68  68.0     9.30     8.89     0.41     4.44
69  69.0     9.00     8.88     0.12     1.31
70  70.0     9.30     8.88     0.42     4.53
71  71.0     7.60     8.88    -1.28   -16.82
72  72.0     7.80     8.88    -1.08   -13.86
FITTED WITH LOG Y = A0 + A1*LOG (T+B) + A2 * [LOG (T+B)]**2
IDATA A/0.251055D+02 ,-0.230458D+02 ,0.549639D+01 /
IDATA B/0.543005D+02 /

70    -8.49
68  68.0     9.30     8.89     0.41     4.44
69  69.0     9.00     8.88     0.12     1.31
70  70.0     9.30     8.88     0.42     4.53
71  71.0     7.60     8.88    -1.28   -16.82
72  72.0     7.80     8.88    -1.08   -13.86
FITTED WITH LOG Y = A0 + A1*LOG (T+B) + A2 * [LOG (T+B)]**2
IDATA A/0.251055D+02 ,-0.230458D+02 ,0.549639D+01 /
IDATA B/0.543005D+02 /

