87
0.,4.29
1.,4.39
2.,5.25
3.,5.39
4.,5.93
5.,5.32
6.,5.68
7.,5.98
8.,7.03
9.,7.97
10.,8.08
11.,8.76
12.,9.81
13.,10.34
14.,10.28
15.,10.84
16.,12.02
17.,12.39
18.,12.48
19.,12.49
20.,13.06
21.,12.99
22.,13.28
23.,14.16
24.,14.90
25.,15.88
26.,15.45
27.,16.18
28.,16.40
29.,16.17
30.,17.10
31.,18.02
32.,18.50
33.,17.90
34.,19.04
35.,18.36
36.,19.17
37.,19.15
38.,18.28
39.,19.81
40.,20.17
41.,20.52
42.,21.39
43.,20.72
44.,20.09
45.,21.56
46.,21.83
47.,22.17
48.,23.30
49.,23.33
50.,22.64
51.,22.64
52.,24.02
53.,23.25
54.,21.39
55.,20.57
56.,21.98
57.,21.86
58.,22.26
59.,22.44
60.,22.63
61.,24.53
62.,23.92
63.,23.97
64.,23.56
65.,23.03
66.,23.50
67.,21.91
68.,24.43
69.,21.99
70.,26.09
71.,24.05
72.,26.52
73.,26.27
74.,26.86
75.,25.70
76.,27.08
77.,26.87
78.,26.79
79.,25.11
80.,27.86
81.,26.64
82.,25.50
83.,25.30
84.,27.27
85.,27.47
86.,27.99
87.,30.12

23.25
54.,21.39
55.,20.57
56.,21.98
57.,21.86
58.,22.26
59.,22.44
60.,22.63
61.,24.53
62.,23.92
63.,23.97
64.,23.56
65.,23.03
66.,23.50
67.,21.91
68.,24.43
69.,21.99
70.,26.09
71.,24