100
1,3.88
2,5.30
3,5.83
4,5.96
5,6.71
6,5.95
7,6.23
8,7.26
9,7.56
10,7.45
11,7.96
12,8.52
13,8.92
14,9.10
15,9.27
16,10.23
17,9.88
18,9.02
19,10.22
20,10.13
21,10.54
22,10.07
23,10.17
24,9.67
25,10.54
26,10.72
27,10.63
28,10.64
29,11.38
30,11.89
31,11.48
32,11.22
33,12.54
34,11.40
35,13.47
36,10.62
37,12.42
38,11.74
39,10.82
40,10.02
41,10.82
42,10.74
43,11.12
44,11.24
45,10.70
46,10.30
47,10.51
48,10.94
49,11.07
50,11.00
51,11.98
52,10.20
53,9.51
54,10.06
55,10.06
56,9.71
57,9.24
58,8.97
59,9.53
60,9.12
61,9.77
62,8.82
63,9.26
64,8.79
65,8.76
66,8.18
67,7.92
68,8.18
69,7.33
70,7.86
71,8.48
72,7.71
73,7.67
74,7.28
75,7.52
76,7.43
77,7.37
78,7.48
79,7.60
80,7.54
81,7.34
82,6.94
83,7.65
84,7.62
85,7.20
86,7.10
87,7.71
88,7.01
89,7.12
90,6.93
91,7.57
92,7.21
93,6.99
94,7.36
95,7.13
96,6.94
97,7.16
98,6.52
99,7.16
100,7.40


59,9.53
60,9.12
61,9.77
62,8.82
63,9.26
64,8.79
65,8.76
66,8.18
67,7.92
68,8.18
69,7.33
70,7.86
71,8.48
72,7.71
73,7.67
74,7.28
75,7.52
76,7.43
77,7.37
78,7.48
79,7.60
80,7.54
81,7.34
82,6.94