93
1,8.02
2,9.83
3,13.48
4,13.72
5,17.55
6,34.23
7,39.05
8,38.51
9,38.93
10,36.49
11,39.05
12,43.23
13,46.81
14,50.29
15,47.58
16,55.07
17,44.08
18,56.96
19,57.76
20,66.07
21,83.80
22,70.53
23,81.15
24,82.53
25,94.75
26,83.21
27,103.32
28,83.68
29,89.39
30,106.28
31,89.66
32,89.77
33,102.14
34,103.35
35,88.39
36,95.54
37,79.44
38,88.28
39,97.02
40,94.68
41,98.63
42,92.30
43,94.66
44,98.93
45,117.27
46,83.58
47,86.74
48,94.33
49,112.26
50,112.64
51,106.26
52,97.88
53,101.50
54,101.80
55,116.77
56,119.10
57,95.29
58,106.63
59,108.36
60,106.84
61,103.47
62,101.88
63,92.92
64,93.32
65,88.71
66,102.60
67,88.63
68,90.54
69,96.47
70,94.01
71,108.40
72,92.72
73,91.42
74,92.42
75,95.50
76,92.57
77,92.98
78,86.29
79,95.60
80,103.38
81,101.22
82,97.49
83,92.68
84,133.11
85,106.98
86,100.50
87,95.74
88,92.65
89,91.53
90,100.52
91,101.16
92,101.24
93,93.37

5.29
58,106.63
59,108.36
60,106.84
61,103.47
62,101.88
63,92.92
64,93.32
65,88.71
66,102.60
67,88.63
68,90.54
69,96.47
70,94.01
71,108.40
72,92.72
73,91.42
74,92.42
75,95.50
76,92.