
 54
  1   1.0     -0.3             -0.23    -0.11    32.13
  2   2.0      0.3              0.30     0.02     5.16
  3   3.0      0.1              0.03     0.11    76.69
  4   4.0      0.1              0.17    -0.03   -20.70
  5   5.0     -0.2             -0.11    -0.10    49.52
  6   6.0      0.1              0.10     0.04    29.36
  7   7.0      0.1             -0.01     0.10   110.21
  8   8.0     -0.2             -0.12    -0.05    30.95
  9   9.0     -0.1              0.04    -0.09   186.15
 10  10.0      0.2              0.18     0.06    26.43
 11  11.0     -0.3             -0.36     0.09   -31.73
 12  12.0     -0.2             -0.13    -0.07    36.70
 13  13.0     -0.1             -0.01    -0.08    85.73
 14  14.0      0.1              0.03     0.08    74.84
 15  15.0     -0.1             -0.17     0.07   -67.55
 16  16.0     -0.3             -0.24    -0.09    27.36
 17  17.0     -0.1             -0.06    -0.06    47.55
 18  18.0      0.2              0.06     0.10    60.55
 19  19.0      0.1              0.07     0.05    38.10
 20  20.0     -0.1              0.05    -0.10   204.38
 21  21.0      0.2              0.22    -0.03   -17.87
 22  22.0      0.4              0.28     0.11    27.21
 23  23.0      0.4              0.37     0.02     5.51
 24  24.0      0.1              0.19    -0.11  -135.83
 25  25.0      0.1              0.14    -0.01    -6.90
 26  26.0     -0.2             -0.29     0.11   -61.02
 27  27.0      0.1              0.05    -0.00    -7.42
 28  28.0     -0.1             -0.00    -0.11    99.36
 29  29.0     -0.2             -0.23     0.02    -7.93
 30  30.0      0.1              0.00     0.11    97.68
 31  31.0     -0.2             -0.13    -0.03    17.98
 32  32.0     -0.3             -0.16    -0.10    39.94
 33  33.0      0.0             -0.00     0.04   102.93
 34  34.0     -0.1             -0.15     0.10  -197.93
 35  35.0     -0.1             -0.08    -0.05    40.51
 36  36.0      0.0              0.09    -0.09     0.00
 37  37.0     -0.0             -0.09     0.06  -210.51
 38  38.0      0.0             -0.09     0.09     0.00
 39  39.0     -0.0              0.06    -0.07   737.44
 40  40.0     -0.1             -0.06    -0.08    55.20
 41  41.0     -0.1             -0.14     0.08  -137.25
 42  42.0      0.3              0.21     0.07    24.16
 43  43.0      0.0              0.13    -0.09  -225.63
 44  44.0     -0.4             -0.38    -0.06    12.95
 45  45.0      0.3              0.20     0.10    32.36
 46  46.0      0.1              0.07     0.05    38.21
 47  47.0      0.2              0.26    -0.10   -63.66
 48  48.0      0.0              0.04    -0.03  -339.63
 49  49.0      0.2              0.08     0.11    55.79
 50  50.0      0.2              0.13     0.02    14.34
 51  51.0     -0.1              0.01    -0.11   108.54
 52  52.0     -0.1             -0.04    -0.01    18.50
 53  53.0     -0.2             -0.33     0.11   -49.86
 54  54.0     -0.0             -0.03    -0.00    12.65
      0.0              0.04    -0.03  -33