38
1.021D-11    5.816D-13
1.357D-11    4.446D-13
1.357D-11    9.233D-13
1.660D-11    4.449D-13
1.660D-11    7.604D-13
3.764D-11    1.153D-12
3.764D-11    1.928D-12
6.209D-10    2.577D-11
6.209D-10    2.472D-11
1.705D-9     5.538D-11
1.705D-9     5.975D-11
2.705D-9     8.317D-11
2.705D-9     7.504D-11
4.705D-9     8.811D-11
4.705D-9     3.476D-11
8.705D-9     1.086D-10
8.705D-9     1.159D-10
9.705D-9     1.103D-10
2.004D-8     1.379D-10
3.004D-8     1.338D-10
3.004D-8     1.285D-10
5.004D-8     2.012D-10
5.004D-8     2.132D-10
9.004D-8     2.137D-10
9.004D-8     2.420D-10
2.D-7        4.109D-10
3.D-7        5.434D-10
4.D-7        5.680D-10
4.D-7        5.418D-10
5.D-7        5.232D-10
5.D-7        8.530D-10
6.D-7        5.927D-10
6.D-7        4.042D-10
7.D-7        7.518D-10
8.D-7        9.38D-10
9.D-7        1.442D-9
9.D-7        1.059D-9
1.D-6        1.07D-9
10
5.004D-8     2.132D-10
9.004D-8     2.137D-10
9.004D-8     2.420D-10
2.D-7        4.109D-10
3.D-7        5.434D-10
4.D-7        5.680D-10
4.D-7        5.418D-10
5.D-7        5.232D-10
5.D-7        8.530D-10
6.D-7        5.927D-