
  51
  1 0.000 -0.12944 -0.12944     0.74
  2 0.010 -0.00699 -0.00699     0.98
  3 0.020  0.15265  0.15265     1.42
  4 0.030  0.27694  0.27694     1.89
  5 0.040  0.51012  0.51012     3.24
  6 0.050  0.80095  0.80095     6.32
  7 0.060  1.00016  1.00016    10.00
  8 0.070  1.06125  1.06125    11.51
  9 0.080  0.98556  0.98556     9.67
 10 0.090  0.79730  0.79730     6.27
 11 0.100  0.55958  0.55958     3.63
 12 0.110  0.36355  0.36355     2.31
 13 0.120  0.24862  0.24862     1.77
 14 0.130  0.20003  0.20003     1.59
 15 0.140  0.15568  0.15568     1.43
 16 0.150  0.04323  0.04323     1.10
 17 0.160 -0.07901 -0.07901     0.83
 18 0.170 -0.02219 -0.02219     0.95
 19 0.180  0.12262  0.12262     1.33
 20 0.190  0.19296  0.19296     1.56
 21 0.200  0.17413  0.17413     1.49
 22 0.210  0.10655  0.10655     1.28
 23 0.220  0.04252  0.04252     1.10
 24 0.230  0.02822  0.02822     1.07
 25 0.240  0.07867  0.07867     1.20
 26 0.250  0.14046  0.14046     1.38
 27 0.260  0.12444  0.12444     1.33
 28 0.270 -0.03872 -0.03872     0.91
 29 0.280 -0.31593 -0.31593     0.48
 30 0.290 -0.24272 -0.24272     0.57
 31 0.300  0.08027  0.08027     1.20
 32 0.310  0.25488  0.25488     1.80
 33 0.320  0.27680  0.27680     1.89
 34 0.330  0.20992  0.20992     1.62
 35 0.340  0.12972  0.12972     1.35
 36 0.350  0.05195  0.05195     1.13
 37 0.360 -0.07428 -0.07428     0.84
 38 0.370 -0.26909 -0.26909     0.54
 39 0.380 -0.47101 -0.47101     0.34
 40 0.390 -0.54324 -0.54324     0.29
 41 0.400 -0.41091 -0.41091     0.39
 42 0.410 -0.21550 -0.21550     0.61
 43 0.420 -0.09503 -0.09503     0.80
 44 0.430 -0.09970 -0.09970     0.79
 45 0.440 -0.25117 -0.25117     0.56
 46 0.450 -0.42935 -0.42935     0.37
 47 0.460 -0.20706 -0.20706     0.62
 48 0.470  0.11010  0.11010     1.29
 49 0.480  0.25918  0.25918     1.82
 50 0.490  0.26879  0.26879     1.86
 51 0.500  0.24560  0.24560     1.76
  51
  1 0.000 -1.36979 -1.36979     0.04
  2 0.010 -0.12865 -0.12865     0.74
  3 0.020  0.35117  0.35117     2.24
  4 0.030  0.08717  0.08717     1.22
  5 0.040  0.22907  0.22907     1.69
  6 0.050  0.82830  0.82830     6.73
  7 0.060  0.94934  0.94934     8.90
  8 0.070  1.23361  1.23361    17.12
  9 0.080  0.94575  0.94575     8.83
 10 0.090  0.70148  0.70148     5.03
 11 0.100  0.58478  0.58478     3.84
 12 0.110  0.22773  0.22773     1.69
 13 0.120  0.14714  0.14714     1.40
 14 0.130  0.24107  0.24107     1.74
 15 0.140  0.22570  0.22570     1.68
 16 0.150 -0.04041 -0.04041     0.91
 17 0.160 -0.14124 -0.14124     0.72
 18 0.170 -0.34072 -0.34072     0.46
 19 0.180  0.24776  0.24776     1.77
 20 0.190  0.18788  0.18788     1.54
 21 0.200  0.23251  0.23251     1.71
 22 0.210  0.06510  0.06510     1.16
 23 0.220 -0.04384 -0.04384     0.90
 24 0.230  0.09819  0.09819     1.25
 25 0.240 -0.03552 -0.03552     0.92
 26 0.250  0.12347  0.12347     1.33
 27 0.260  0.31490  0.31490     2.06
 28 0.270 -0.18363 -0.18363     0.66
 29 0.280 -0.86720 -0.86720     0.14
 30 0.290 -0.44060 -0.44060     0.36
 31 0.300 -0.05332 -0.05332     0.88
 32 0.310  0.38628  0.38628     2.43
 33 0.320  0.37054  0.37054     2.35
 34 0.330 -0.01330 -0.01330     0.97
 35 0.340  0.22250  0.22250     1.67
 36 0.350  0.06261  0.06261     1.16
 37 0.360 -0.08412 -0.08412     0.82
 38 0.370 -0.39069 -0.39069     0.41
 39 0.380 -0.47061 -0.47061     0.34
 40 0.390 -0.65869 -0.65869     0.22
 41 0.400 -0.78192 -0.78192     0.17
 42 0.410 -0.12561 -0.12561     0.75
 43 0.420 -0.07994 -0.07994     0.83
 44 0.430 -0.01267 -0.01267     0.97
 45 0.440 -0.23951 -0.23951     0.58
 46 0.450 -0.71251 -0.71251     0.19
 47 0.460 -0.91002 -0.91002     0.12
 48 0.470  0.09190  0.09190     1.24
 49 0.480  0.42940  0.42940     2.69
 50 0.490  0.21745  0.21745     1.65
 51 0.500  0.18819  0.18819     1.54
