
 83
     0  1.0000  1.0000  1.0000
     1  0.0997 -0.1159  0.3063
     2 -0.0870 -0.2959  0.1298
     3  0.0544 -0.1632  0.2670
     4 -0.1743 -0.3771  0.0443
     5 -0.0323 -0.2489  0.1874
     6 -0.0820 -0.2964  0.1402
     7 -0.1572 -0.3656  0.0662
     8  0.0999 -0.1254  0.3154
     9  0.1050 -0.1219  0.3214
    10 -0.1446 -0.3584  0.0836
    11 -0.0691 -0.2915  0.1604
    12 -0.0344 -0.2608  0.1956
    13 -0.2166 -0.4254  0.0142
    14 -0.1182 -0.3405  0.1167
    15 -0.0044 -0.2375  0.2292
    16  0.0194 -0.2166  0.2532
    17  0.1312 -0.1089  0.3568
    18  0.0717 -0.1697  0.3049
    19  0.0276 -0.2141  0.2660
    20  0.0038 -0.2385  0.2456
    21 -0.0643 -0.3034  0.1825
    22 -0.1068 -0.3436  0.1428
    23 -0.1477 -0.3815  0.1039
    24  0.0505 -0.2018  0.2966
    25  0.1364 -0.1195  0.3753
    26  0.0990 -0.1589  0.3443
    27  0.0819 -0.1779  0.3310
    28  0.0187 -0.2408  0.2757
    29  0.0147 -0.2468  0.2742
    30  0.0625 -0.2038  0.3201
    31 -0.0636 -0.3234  0.2052
    32 -0.0845 -0.3444  0.1875
    33  0.0778 -0.1967  0.3409
    34  0.0494 -0.2265  0.3180
    35  0.0207 -0.2564  0.2946
    36  0.0430 -0.2382  0.3176
    37  0.0316 -0.2518  0.3101
    38 -0.0650 -0.3428  0.2232
    39 -0.0802 -0.3591  0.2119
    40 -0.0405 -0.3269  0.2528
    41 -0.0526 -0.3409  0.2447
    42  0.0600 -0.2412  0.3506
    43  0.0466 -0.2574  0.3422
    44 -0.0028 -0.3065  0.3014
    45  0.0743 -0.2388  0.3734
    46 -0.0060 -0.3169  0.3061
    47 -0.0978 -0.4010  0.2246
    48 -0.0815 -0.3910  0.2445
    49 -0.0840 -0.3972  0.2467
    50 -0.0898 -0.4064  0.2460
    51  0.0349 -0.3019  0.3639
    52  0.0413 -0.3011  0.3742
    53 -0.0384 -0.3768  0.3090
    54  0.0212 -0.3300  0.3672
    55  0.0292 -0.3285  0.3796
    56 -0.0193 -0.3770  0.3434
    57  0.0653 -0.3086  0.4217
    58  0.0784 -0.3036  0.4386
    59  0.0487 -0.3375  0.4210
    60  0.0490 -0.3449  0.4282
    61  0.0207 -0.3775  0.4125
    62  0.0545 -0.3567  0.4481
    63  0.0382 -0.3800  0.4434
    64 -0.0410 -0.4548  0.3873
    65 -0.1142 -0.5202  0.3340
    66 -0.0293 -0.4658  0.4186
    67 -0.0025 -0.4562  0.4522
    68 -0.0342 -0.4932  0.4397
    69 -0.0470 -0.5160  0.4437
    70  0.0062 -0.4910  0.5004
    71  0.0044 -0.5090  0.5155
    72  0.0333 -0.5062  0.5541
    73 -0.0325 -0.5732  0.5280
    74 -0.0185 -0.5862  0.5613
    75  0.0828 -0.5441  0.6504
    76 -0.0025 -0.6311  0.6281
    77  0.0128 -0.6569  0.6712
    78 -0.0483 -0.7282  0.6795
    79 -0.0119 -0.7582  0.7479
    80 -0.0076 -0.8141  0.8090
    81  0.0039 -0.8814  0.8831
    82  0.0390 -0.9580  0.9640
-99
