
 93
  1   1.0     8.02     1.32     6.70    83.50
  2   2.0     9.83     6.75     3.08    31.28
  3   3.0    13.48    11.94     1.54    11.45
  4   4.0    13.72    16.88    -3.16   -23.02
  5   5.0    17.55    21.59    -4.04   -23.03
  6   6.0    34.23    26.08     8.15    23.79
  7   7.0    39.05    30.37     8.68    22.23
  8   8.0    38.51    34.45     4.06    10.54
  9   9.0    38.93    38.34     0.59     1.52
 10  10.0    36.49    42.04    -5.55   -15.21
 11  11.0    39.05    45.57    -6.52   -16.69
 12  12.0    43.23    48.93    -5.70   -13.17
 13  13.0    46.81    52.12    -5.31   -11.34
 14  14.0    50.29    55.16    -4.87    -9.68
 15  15.0    47.58    58.05   -10.47   -22.00
 16  16.0    55.07    60.80    -5.73   -10.40
 17  17.0    44.08    63.41   -19.33   -43.85
 18  18.0    56.96    65.89    -8.93   -15.68
 19  19.0    57.76    68.24   -10.48   -18.15
 20  20.0    66.07    70.48    -4.41    -6.67
 21  21.0    83.80    72.60    11.20    13.37
 22  22.0    70.53    74.61    -4.08    -5.78
 23  23.0    81.15    76.51     4.64     5.71
 24  24.0    82.53    78.32     4.21     5.10
 25  25.0    94.75    80.03    14.72    15.54
 26  26.0    83.21    81.64     1.57     1.89
 27  27.0   103.32    83.17    20.15    19.51
 28  28.0    83.68    84.61    -0.93    -1.11
 29  29.0    89.39    85.97     3.42     3.83
 30  30.0   106.28    87.25    19.03    17.91
 31  31.0    89.66    88.46     1.20     1.34
 32  32.0    89.77    89.59     0.18     0.20
 33  33.0   102.14    90.66    11.48    11.24
 34  34.0   103.35    91.66    11.69    11.31
 35  35.0    88.39    92.60    -4.21    -4.77
 36  36.0    95.54    93.48     2.06     2.15
 37  37.0    79.44    94.31   -14.87   -18.72
 38  38.0    88.28    95.08    -6.80    -7.70
 39  39.0    97.02    95.79     1.23     1.27
 40  40.0    94.68    96.45    -1.77    -1.87
 41  41.0    98.63    97.07     1.56     1.58
 42  42.0    92.30    97.64    -5.34    -5.79
 43  43.0    94.66    98.17    -3.51    -3.70
 44  44.0    98.93    98.65     0.28     0.28
 45  45.0   117.27    99.09    18.18    15.50
 46  46.0    83.58    99.50   -15.92   -19.04
 47  47.0    86.74    99.86   -13.12   -15.13
 48  48.0    94.33   100.20    -5.87    -6.22
 49  49.0   112.26   100.49    11.77    10.48
 50  50.0   112.64   100.76    11.88    10.55
 51  51.0   106.26   100.99     5.27     4.96
 52  52.0    97.88   101.19    -3.31    -3.39
 53  53.0   101.50   101.37     0.13     0.13
 54  54.0   101.80   101.52     0.28     0.28
 55  55.0   116.77   101.64    15.13    12.96
 56  56.0   119.10   101.73    17.37    14.58
 57  57.0    95.29   101.81    -6.52    -6.84
 58  58.0   106.63   101.86     4.77     4.48
 59  59.0   108.36   101.88     6.48     5.98
 60  60.0   106.84   101.89     4.95     4.63
 61  61.0   103.47   101.87     1.60     1.54
 62  62.0   101.88   101.84     0.04     0.04
 63  63.0    92.92   101.79    -8.87    -9.54
 64  64.0    93.32   101.72    -8.40    -9.00
 65  65.0    88.71   101.63   -12.92   -14.57
 66  66.0   102.60   101.53     1.07     1.04
 67  67.0    88.63   101.41   -12.78   -14.42
 68  68.0    90.54   101.28   -10.74   -11.86
 69  69.0    96.47   101.13    -4.66    -4.83
 70  70.0    94.01   100.97    -6.96    -7.40
 71  71.0   108.40   100.79     7.61     7.02
 72  72.0    92.72   100.61    -7.89    -8.51
 73  73.0    91.42   100.41    -8.99    -9.83
 74  74.0    92.42   100.20    -7.78    -8.42
 75  75.0    95.50    99.98    -4.48    -4.69
 76  76.0    92.57    99.74    -7.17    -7.75
 77  77.0    92.98    99.50    -6.52    -7.02
 78  78.0    86.29    99.25   -12.96   -15.02
 79  79.0    95.60    98.99    -3.39    -3.55
 80  80.0   103.38    98.72     4.66     4.51
 81  81.0   101.22    98.45     2.77     2.74
 82  82.0    97.49    98.16    -0.67    -0.69
 83  83.0    92.68    97.87    -5.19    -5.60
 84  84.0   133.11    97.57    35.54    26.70
 85  85.0   106.98    97.26     9.72     9.09
 86  86.0   100.50    96.94     3.56     3.54
 87  87.0    95.74    96.62    -0.88    -0.92
 88  88.0    92.65    96.30    -3.65    -3.93
 89  89.0    91.53    95.96    -4.43    -4.84
 90  90.0   100.52    95.62     4.90     4.87
 91  91.0   101.16    95.28     5.88     5.81
 92  92.0   101.24    94.93     6.31     6.23
 93  93.0    93.37    94.58    -1.21    -1.29
 RMS FIT:     8.961
 CORRELATION OF OBS AND PRED: 0.94313
  J PAR    COEF   S.E.
  1   A     139.665      20.873
  2   K       0.040       0.010
  3  T0       0.763       0.834
  4   B      -0.463       0.228
  5   C       0.000************
  6  BK       0.000       0.000
