
100
  1   1.0     3.88     3.84     0.04     1.14
  2   2.0     5.30     4.49     0.81    15.32
  3   3.0     5.83     5.09     0.74    12.66
  4   4.0     5.96     5.65     0.31     5.20
  5   5.0     6.71     6.17     0.54     8.12
  6   6.0     5.95     6.64    -0.69   -11.61
  7   7.0     6.23     7.08    -0.85   -13.63
  8   8.0     7.26     7.48    -0.22    -3.07
  9   9.0     7.56     7.85    -0.29    -3.89
 10  10.0     7.45     8.19    -0.74   -10.00
 11  11.0     7.96     8.51    -0.55    -6.87
 12  12.0     8.52     8.79    -0.27    -3.20
 13  13.0     8.92     9.05    -0.13    -1.50
 14  14.0     9.10     9.29    -0.19    -2.11
 15  15.0     9.27     9.51    -0.24    -2.56
 16  16.0    10.23     9.70     0.53     5.15
 17  17.0     9.88     9.88    -0.00    -0.00
 18  18.0     9.02    10.04    -1.02   -11.30
 19  19.0    10.22    10.18     0.04     0.37
 20  20.0    10.13    10.31    -0.18    -1.77
 21  21.0    10.54    10.42     0.12     1.12
 22  22.0    10.07    10.52    -0.45    -4.48
 23  23.0    10.17    10.61    -0.44    -4.30
 24  24.0     9.67    10.68    -1.01   -10.47
 25  25.0    10.54    10.75    -0.21    -1.96
 26  26.0    10.72    10.80    -0.08    -0.75
 27  27.0    10.63    10.84    -0.21    -2.01
 28  28.0    10.64    10.88    -0.24    -2.25
 29  29.0    11.38    10.91     0.47     4.17
 30  30.0    11.89    10.92     0.97     8.12
 31  31.0    11.48    10.94     0.54     4.74
 32  32.0    11.22    10.94     0.28     2.49
 33  33.0    12.54    10.94     1.60    12.77
 34  34.0    11.40    10.93     0.47     4.12
 35  35.0    13.47    10.92     2.55    18.95
 36  36.0    10.62    10.90    -0.28    -2.63
 37  37.0    12.42    10.88     1.54    12.43
 38  38.0    11.74    10.85     0.89     7.60
 39  39.0    10.82    10.82     0.00     0.04
 40  40.0    10.02    10.78    -0.76    -7.58
 41  41.0    10.82    10.74     0.08     0.74
 42  42.0    10.74    10.70     0.04     0.40
 43  43.0    11.12    10.65     0.47     4.22
 44  44.0    11.24    10.60     0.64     5.69
 45  45.0    10.70    10.55     0.15     1.41
 46  46.0    10.30    10.49    -0.19    -1.88
 47  47.0    10.51    10.44     0.07     0.70
 48  48.0    10.94    10.38     0.56     5.15
 49  49.0    11.07    10.32     0.75     6.82
 50  50.0    11.00    10.25     0.75     6.80
 51  51.0    11.98    10.19     1.79    14.98
 52  52.0    10.20    10.12     0.08     0.80
 53  53.0     9.51    10.05    -0.54    -5.68
 54  54.0    10.06     9.98     0.08     0.80
 55  55.0    10.06     9.91     0.15     1.52
 56  56.0     9.71     9.83    -0.12    -1.28
 57  57.0     9.24     9.76    -0.52    -5.63
 58  58.0     8.97     9.68    -0.71    -7.96
 59  59.0     9.53     9.61    -0.08    -0.82
 60  60.0     9.12     9.53    -0.41    -4.50
 61  61.0     9.77     9.45     0.32     3.26
 62  62.0     8.82     9.37    -0.55    -6.26
 63  63.0     9.26     9.29    -0.03    -0.35
 64  64.0     8.79     9.21    -0.42    -4.79
 65  65.0     8.76     9.13    -0.37    -4.22
 66  66.0     8.18     9.05    -0.87   -10.60
 67  67.0     7.92     8.96    -1.04   -13.19
 68  68.0     8.18     8.88    -0.70    -8.57
 69  69.0     7.33     8.80    -1.47   -20.01
 70  70.0     7.86     8.71    -0.85   -10.85
 71  71.0     8.48     8.63    -0.15    -1.74
 72  72.0     7.71     8.54    -0.83   -10.79
 73  73.0     7.67     8.46    -0.79   -10.25
 74  74.0     7.28     8.37    -1.09   -14.97
 75  75.0     7.52     8.28    -0.76   -10.15
 76  76.0     7.43     8.20    -0.77   -10.32
 77  77.0     7.37     8.11    -0.74   -10.04
 78  78.0     7.48     8.02    -0.54    -7.25
 79  79.0     7.60     7.93    -0.33    -4.40
 80  80.0     7.54     7.85    -0.31    -4.07
 81  81.0     7.34     7.76    -0.42    -5.70
 82  82.0     6.94     7.67    -0.73   -10.52
 83  83.0     7.65     7.58     0.07     0.90
 84  84.0     7.62     7.49     0.13     1.67
 85  85.0     7.20     7.40    -0.20    -2.83
 86  86.0     7.10     7.31    -0.21    -3.02
 87  87.0     7.71     7.23     0.48     6.29
 88  88.0     7.01     7.14    -0.13    -1.80
 89  89.0     7.12     7.05     0.07     1.03
 90  90.0     6.93     6.96    -0.03    -0.39
 91  91.0     7.57     6.87     0.70     9.29
 92  92.0     7.21     6.78     0.43     6.00
 93  93.0     6.99     6.69     0.30     4.33
 94  94.0     7.36     6.60     0.76    10.37
 95  95.0     7.13     6.51     0.62     8.74
 96  96.0     6.94     6.42     0.52     7.54
 97  97.0     7.16     6.33     0.83    11.64
 98  98.0     6.52     6.24     0.28     4.35
 99  99.0     7.16     6.15     1.01    14.17
100 100.0     7.40     6.06     1.34    18.17
 RMS FIT:     0.675
 CORRELATION OF OBS AND PRED: 0.93094
  J PAR    COEF   S.E.
  1   A      15.527       0.603
  2   K       0.062       0.007
  3  T0      -3.709       0.853
  4   B      -0.091       0.007
  5   C       0.000************
  6  BK       0.000       0.000
