
06 HELIX, P =   1.5915 Q =    0.4500 RAD; R(CYL) = 1.5638
31.892532,0.010982,.024136,3.886142,-.727388,.114101
0.011236,31.938580,.105180,-.707310,.927543,.498398
.024262,.105135,21.923336,-2.505927,-10.915718,-7.419433
3.893008,-.700599,-2.504865,60021.66,-62.564926,30.355560
-.733342,.934510,-10.915871,-62.495049,59763.07,132.143250
.114015,.498403,-7.418799,30.355553,132.143219,265.837341
915 Q =    0.4500 RAD; R(CYL) = 1.5638
31.892532,0.010982,.024136,3.886142,-.727388,.114101
0.011236,31.938580,.105180,-.707310,.927543,.498398
.024262,.105135,21.923336,-2.505927,-10.915718,-7.419433
3.893008,-.700599,-2.504865,60021.66,-62.564926,30.355560
-.733342,.934510,-10.915871,-62.495049,59763.07,132.143250
.114015,.498403,-7.418799,30.355553,132.