
 HELIX, P =   0.8416 Q =    0.5878 RAD          
    64   0.50000
    1   1.22125  -0.65257  15.58256
    2   1.25748   0.22392  15.10171
    3   0.80625   0.97261  14.61712
    4   0.02110   1.34586  14.12367
    5  -0.83462   1.22090  13.62187
    6  -1.47298   0.64107  13.11399
    7  -1.67802  -0.19428  12.60541
    8  -1.37996  -1.00352  12.09905
    9  -0.67857  -1.51204  11.59972
   10   0.19306  -1.54623  11.10893
   11   0.94129  -1.09243  10.62626
   12   1.31689  -0.29935  10.14596
   13   1.19459   0.56844   9.66409
   14   0.61646   1.22240   9.17728
   15  -0.22250   1.44603   8.68115
   16  -1.04037   1.16731   8.17709
   17  -1.56097   0.48120   7.66816
   18  -1.60816  -0.37802   7.16008
   19  -1.16642  -1.12053   6.65558
   20  -0.38196  -1.49273   6.15889
   21   0.48190  -1.36873   5.67059
   22   1.13603  -0.78615   5.18946
   23   1.36233   0.06168   4.70920
   24   1.08624   0.89164   4.22588
   25   0.39933   1.42981   3.73562
   26  -0.46411   1.49686   3.23784
   27  -1.21588   1.07259   2.73182
   28  -1.60109   0.30373   2.22232
   29  -1.49011  -0.55090   1.71519
   30  -0.91897  -1.20060   1.21288
   31  -0.07913  -1.42479   0.71887
   32   0.74975  -1.14483   0.23287
   33   1.28899  -0.45381  -0.24716
   34   1.35841   0.42073  -0.72786
   35   0.93647   1.18683  -1.21301
   36   0.16587   1.58996  -1.70589
   37  -0.69424   1.49824  -2.20619
   38  -1.35540   0.94427  -2.71379
   39  -1.59261   0.11687  -3.22341
   40  -1.32565  -0.70279  -3.72911
   41  -0.64511  -1.23796  -4.22898
   42   0.22331  -1.30594  -4.72033
   43   0.98893  -0.88142  -5.20437
   44   1.39441  -0.10291  -5.68374
   45   1.30536   0.76926  -6.16535
   46   0.75278   1.44509  -6.65267
   47  -0.07730   1.70056  -7.14825
   48  -0.90526   1.45387  -7.65085
   49  -1.45157   0.78828  -8.15960
   50  -1.53288  -0.06865  -8.66883
   51  -1.12072  -0.82633  -9.17374
   52  -0.35209  -1.22905  -9.67000
   53   0.51615  -1.13829 -10.15881
   54   1.19214  -0.58124 -10.64123
   55   1.45089   0.25642 -11.12046
   56   1.20624   1.09773 -11.60343
   57   0.54080   1.66128 -12.09317
   58  -0.31942   1.76215 -12.59139
   59  -1.08732   1.36776 -13.09602
   60  -1.50242   0.61346 -13.60546
   61  -1.42530  -0.24426 -14.11382
   62  -0.87937  -0.91487 -14.61660
   63  -0.04969  -1.17154 -15.11018
   64   0.78895  -0.92457 -15.59666
