
 HELIX,P=1.5915Q=0.4500RAD;R(CYL)=1.5638;CE=1,1,1
    25   0.50000
    1   2.36219   1.71538   8.23011
    2   2.57676   1.02813   7.53580
    3   2.49319   0.26924   6.89017
    4   2.10770  -0.42266   6.28021
    5   1.47716  -0.92238   5.68677
    6   0.70747  -1.14308   5.08635
    7  -0.06654  -1.05450   4.45962
    8  -0.70991  -0.68508   3.78949
    9  -1.11570  -0.12262   3.06910
   10  -1.22119   0.50799   2.30005
   11  -1.02458   1.07029   1.49643
   12  -0.58566   1.43755   0.67693
   13  -0.01055   1.52570  -0.13618
   14   0.56683   1.30242  -0.92252
   15   1.01225   0.80121  -1.66450
   16   1.21657   0.10902  -2.35594
   17   1.12039  -0.64999  -2.99981
   18   0.72343  -1.33644  -3.60969
   19   0.08500  -1.82706  -4.20287
   20  -0.68620  -2.03642  -4.80309
   21  -1.45767  -1.93515  -5.43131
   22  -2.09435  -1.55730  -6.10414
   23  -2.48835  -0.98980  -6.82662
   24  -2.58180  -0.35828  -7.59641
   25  -2.37455   0.19777  -8.40093
Y
1.,1.,1.
1
16   1.21657   0.10902  -2.35594
   17   1.12039  -0.64999  -2.99981
   18   0.72343  -1.33644  -3.60969
   19   0.08500  -1.82706  -4.20