
 HELIX, P =   0.8416 Q =    0.5878 RAD          
    64   0.50000
    1   1.36752   0.04585 -15.58400
    2   1.11552   0.87785 -15.08900
    3   0.44452   1.42985 -14.59500
    4  -0.41948   1.51785 -14.10000
    5  -1.18748   1.11185 -13.60500
    6  -1.60148   0.34685 -13.11000
    7  -1.52248  -0.51815 -12.61600
    8  -0.97648  -1.19415 -12.12100
    9  -0.14748  -1.45415 -11.62600
   10   0.68752  -1.21015 -11.13100
   11   1.24652  -0.54515 -10.63700
   12   1.34252   0.31885 -10.14200
   13   0.94352   1.09085  -9.64700
   14   0.18352   1.51185  -9.15300
   15  -0.68248   1.44085  -8.65800
   16  -1.36448   0.90185  -8.16300
   17  -1.63248   0.07485  -7.66800
   18  -1.39648  -0.76115  -7.17400
   19  -0.73648  -1.32715  -6.67900
   20   0.12652  -1.43115  -6.18400
   21   0.90252  -1.04015  -5.68900
   22   1.33052  -0.28415  -5.19500
   23   1.26752   0.58285  -4.70000
   24   0.73552   1.26885  -4.20500
   25  -0.08948   1.54485  -3.71000
   26  -0.92748   1.31785  -3.21600
   27  -1.49948   0.66285  -2.72100
   28  -1.61248  -0.19815  -2.22600
   29  -1.22848  -0.97815  -1.73200
   30  -0.47648  -1.41415  -1.23700
   31   0.39052  -1.36015  -0.74200
   32   1.08252  -0.83315  -0.24700
   33   1.36652  -0.01215   0.24700
   34   1.14652   0.82885   0.74200
   35   0.49752   1.40685   1.23700
   36  -0.36248   1.52785   1.73200
   37  -1.14548   1.15185   2.22600
   38  -1.58948   0.40385   2.72100
   39  -1.54348  -0.46415   3.21600
   40  -1.02348  -1.16015   3.71000
   41  -0.20548  -1.45215   4.20500
   42   0.63752  -1.24115   4.70000
   43   1.22252  -0.59815   5.19500
   44   1.35152   0.26185   5.68900
   45   0.98252   1.04885   6.18400
   46   0.23952   1.49885   6.67900
   47  -0.62848   1.46085   7.17400
   48  -1.33048   0.94885   7.66800
   49  -1.62948   0.13285   8.16300
   50  -1.42648  -0.71215   8.65800
   51  -0.78948  -1.30215   9.15300
   52   0.06852  -1.44015   9.64700
   53   0.85952  -1.07915  10.14200
   54   1.31652  -0.34015  10.63700
   55   1.28752   0.52785  11.13100
   56   0.78152   1.23485  11.62600
   57  -0.03148   1.54185  12.12100
   58  -0.87748   1.34785  12.61600
   59  -1.47448   0.71585  13.11000
   60  -1.62048  -0.14115  13.60500
   61  -1.26748  -0.93515  14.10000
   62  -0.53248  -1.39915  14.59500
   63   0.33552  -1.37915  15.08900
   64   1.04752  -0.88015  15.58400
