
 HELIX, P=1.5915 Q=0.4500 RAD; R(CYL)=1.5638; CENT. AND ROT
   181   0.50000
    1   1.32564  -0.22306  64.46280
    2   1.24779   0.47148  63.74728
    3   0.87673   1.06392  63.03239
    4   0.28588   1.43588  62.31691
    5  -0.40735   1.51327  61.60073
    6  -1.06486   1.28085  60.88289
    7  -1.55564   0.78658  60.16556
    8  -1.78045   0.12776  59.44800
    9  -1.69677  -0.56378  58.73052
   10  -1.31998  -1.14910  58.01243
   11  -0.72414  -1.51274  57.29593
   12  -0.02982  -1.58091  56.58012
   13   0.62638  -1.34079  55.86498
   14   1.11292  -0.83814  55.14932
   15   1.33380  -0.17409  54.43489
   16   1.24433   0.51901  53.72036
   17   0.86249   1.10469  53.00546
   18   0.26506   1.46584  52.28895
   19  -0.42987   1.53131  51.57274
   20  -1.08257   1.28855  50.85588
   21  -1.56419   0.78501  50.13853
   22  -1.77850   0.12276  49.41997
   23  -1.68201  -0.56659  48.70250
   24  -1.29465  -1.14613  47.98542
   25  -0.69321  -1.49874  47.26895
   26   0.00161  -1.55574  46.55217
   27   0.65344  -1.30333  45.83705
   28   1.13158  -0.79260  45.12241
   29   1.34077  -0.12587  44.40798
   30   1.23990   0.56676  43.69245
   31   0.84825   1.14545  42.97752
   32   0.24446   1.49678  42.26198
   33  -0.45120   1.55010  41.54575
   34  -1.10050   1.29528  40.82786
   35  -1.57274   0.78343  40.11050
   36  -1.77558   0.11752  39.39294
   37  -1.66747  -0.57038  38.67548
   38  -1.27031  -1.14293  37.95742
   39  -0.66229  -1.48474  37.24098
   40   0.03424  -1.52982  36.52523
   41   0.68148  -1.26610  35.81013
   42   1.15024  -0.74707  35.09450
   43   1.34795  -0.07668  34.38007
   44   1.23427   0.61375  33.66553
   45   0.83281   1.18546  32.95058
   46   0.22342   1.52576  32.23401
   47  -0.47297   1.56694  31.51775
   48  -1.11746   1.30179  30.80085
   49  -1.58129   0.78185  30.08347
   50  -1.77243   0.11327  29.36491
   51  -1.65174  -0.57342  28.64746
   52  -1.24476  -1.13898  27.93042
   53  -0.63136  -1.47074  27.21400
   54   0.06612  -1.50270  26.49728
   55   0.70855  -1.22864  25.78220
   56   1.16890  -0.70153  25.06759
   57   1.35416  -0.02727  24.35316
   58   1.22962   0.66053  23.63761
   59   0.81738   1.22547  22.92264
   60   0.20261   1.55572  22.20705
   61  -0.49452   1.58475  21.49076
   62  -1.13442   1.30829  20.77283
   63  -1.58887   0.78005  20.05544
   64  -1.76853   0.10781  19.33788
   65  -1.63600  -0.57646  18.62044
   66  -1.21900  -1.13406  17.90243
   67  -0.60021  -1.45576  17.18603
   68   0.09702  -1.47536  16.47034
   69   0.73486  -1.18999  15.75428
   70   1.18658  -0.65577  15.03968
   71   1.36015   0.02118  14.32525
   72   1.22279   0.70678  13.61068
   73   0.80194   1.26549  12.89469
   74   0.18134   1.58373  12.17908
   75  -0.51629   1.60160  11.46277
   76  -1.15063   1.31360  10.74581
   77  -1.59644   0.77826  10.02742
   78  -1.76366   0.10214   9.30985
   79  -1.62004  -0.57852   8.59242
   80  -1.19345  -1.13011   7.87543
   81  -0.56906  -1.44079   7.15806
   82   0.12890  -1.44824   6.44239
   83   0.76193  -1.15254   5.72736
   84   1.20329  -0.60979   5.01277
   85   1.36636   0.07059   4.29734
   86   1.21716   0.75377   3.58276
   87   0.78628   1.30452   2.86775
   88   0.16030   1.61272   2.15211
   89  -0.53731   1.61724   1.43477
   90  -1.16683   1.31891   0.71780
   91  -1.60304   0.77623   0.00039
   92  -1.75954   0.09766  -0.71718
   93  -1.60333  -0.58178  -1.43559
   94  -1.16768  -1.12518  -2.15257
   95  -0.53769  -1.42484  -2.86891
   96   0.15981  -1.42090  -3.58455
   97   0.78847  -1.11291  -4.30056
   98   1.22000  -0.56380  -5.01514
   99   1.37137   0.11925  -5.72957
  100   1.21034   0.80002  -6.44416
  101   0.77040   1.34259  -7.16019
  102   0.13904   1.64073  -7.87586
  103  -0.55908   1.63408  -8.59222
  104  -1.18304   1.32421  -9.30922
  105  -1.60987   0.77323 -10.02764
  106  -1.75347   0.09273 -10.74521
  107  -1.58640  -0.58406 -11.46261
  108  -1.14169  -1.11929 -12.17956
  109  -0.50610  -1.40791 -12.89688
  110   0.19191  -1.39280 -13.61250
  111   0.81381  -1.07403 -14.32749
  112   1.23693  -0.51684 -15.04205
  113   1.37541   0.16814 -15.75748
  114   1.20351   0.84627 -16.47208
  115   0.75376   1.38185 -17.18714
  116   0.11755   1.66776 -17.90283
  117  -0.58032   1.64875 -18.62022
  118  -1.19849   1.32832 -19.33724
  119  -1.61549   0.77099 -20.05467
  120  -1.74860   0.08705 -20.77224
  121  -1.56924  -0.58537 -21.49063
  122  -1.11473  -1.11361 -22.20756
  123  -0.47472  -1.39196 -22.92385
  124   0.22326  -1.36351 -23.63944
  125   0.83937  -1.03418 -24.35541
  126   1.25267  -0.47064 -25.06996
  127   1.37967   0.21800 -25.78439
  128   1.19549   0.89176 -26.49901
  129   0.73668   1.41916 -27.21508
  130   0.09606   1.69480 -27.93080
  131  -0.60134   1.66439 -28.64722
  132  -1.21395   1.33243 -29.36426
  133  -1.62134   0.76777 -30.08270
  134  -1.74155   0.08190 -30.80027
  135  -1.55133  -0.58788 -31.51764
  136  -1.08776  -1.10794 -32.23455
  137  -0.44291  -1.37406 -32.95181
  138   0.25364  -1.33400 -33.66738
  139   0.86493  -0.99433 -34.38233
  140   1.26862  -0.42346 -35.09687
  141   1.38370   0.26689 -35.81230
  142   1.18768   0.93823 -36.52693
  143   0.71982   1.45744 -37.24203
  144   0.07457   1.72183 -37.95777
  145  -0.62161   1.67884 -38.67522
  146  -1.22940   1.33654 -39.39228
  147  -1.62697   0.76552 -40.10973
  148  -1.73548   0.07698 -40.82730
  149  -1.53320  -0.58942 -41.54466
  150  -1.06057  -1.10129 -42.26255
  151  -0.41131  -1.35714 -42.97878
  152   0.28499  -1.30470 -43.69432
  153   0.89050  -0.95448 -44.40925
  154   1.28361  -0.37605 -45.12478
  155   1.38654   0.31502 -45.83922
  156   1.17966   0.98373 -46.55386
  157   0.70274   1.49475 -47.26898
  158   0.05286   1.74789 -47.98575
  159  -0.64308   1.69253 -48.70222
  160  -1.24389   1.34043 -49.41930
  161  -1.63185   0.76207 -50.13676
  162  -1.72821   0.07280 -50.85532
  163  -1.51386  -0.59020 -51.57267
  164  -1.03338  -1.09464 -52.28954
  165  -0.37927  -1.33826 -53.00574
  166   0.31559  -1.27421 -53.72226
  167   0.91508  -0.91440 -54.43717
  168   1.29859  -0.32865 -55.15169
  169   1.38961   0.36413 -55.86613
  170   1.17044   1.02847 -56.58178
  171   0.68544   1.53109 -57.29693
  172   0.03093   1.77298 -58.01273
  173  -0.66357   1.70600 -58.72922
  174  -1.25859   1.34334 -59.44732
  175  -1.63574   0.75841 -60.16479
  176  -1.72019   0.06743 -60.88235
  177  -1.49573  -0.59174 -61.59969
  178  -1.00500  -1.08723 -62.31753
  179  -0.34745  -1.32036 -63.03371
  180   0.34618  -1.24372 -63.74920
  181   0.93892  -0.87313 -64.46409
N
0,0,0
0
  172   0.03093   1.77298 -58.01273
  173  -0.66357   1.70600 -58.72922
  174  -1.25859   1.34334 -59.44732
  175  -1.