
 HELIX, P =   0.7958 Q =    0.5986 RAD
   201  0.50000
    1     1.480    -0.002   -47.638
    2     1.220     0.838   -47.162
    3     0.533     1.386   -46.686
    4    -0.344     1.451   -46.209
    5    -1.105     1.011   -45.733
    6    -1.486     0.218   -45.257
    7    -1.354    -0.651   -44.780
    8    -0.755    -1.294   -44.304
    9     0.103    -1.488   -43.827
   10     0.921    -1.166   -43.351
   11     1.414    -0.438   -42.875
   12     1.412     0.441   -42.398
   13     0.915     1.166   -41.922
   14     0.095     1.485   -41.445
   15    -0.761     1.287   -40.969
   16    -1.357     0.640   -40.493
   17    -1.485    -0.230   -40.016
   18    -1.100    -1.021   -39.540
   19    -0.337    -1.457   -39.064
   20     0.540    -1.387   -38.587
   21     1.225    -0.836   -38.111
   22     1.480     0.006   -37.634
   23     1.216     0.844   -37.158
   24     0.526     1.389   -36.682
   25    -0.352     1.450   -36.205
   26    -1.110     1.005   -35.729
   27    -1.487     0.211   -35.252
   28    -1.350    -0.658   -34.776
   29    -0.748    -1.298   -34.300
   30     0.111    -1.488   -33.823
   31     0.927    -1.161   -33.347
   32     1.417    -0.431   -32.871
   33     1.410     0.449   -32.394
   34     0.909     1.171   -31.918
   35     0.088     1.486   -31.441
   36    -0.768     1.283   -30.965
   37    -1.360     0.633   -30.489
   38    -1.483    -0.237   -30.012
   39    -1.095    -1.026   -29.536
   40    -0.329    -1.459   -29.059
   41     0.547    -1.384   -28.583
   42     1.229    -0.830   -28.107
   43     1.480     0.013   -27.630
   44     1.212     0.851   -27.154
   45     0.519     1.392   -26.678
   46    -0.359     1.448   -26.201
   47    -1.115     1.000   -25.725
   48    -1.488     0.203   -25.248
   49    -1.347    -0.664   -24.772
   50    -0.741    -1.302   -24.296
   51     0.118    -1.487   -23.819
   52     0.933    -1.156   -23.343
   53     1.419    -0.423   -22.866
   54     1.408     0.456   -22.390
   55     0.903     1.176   -21.914
   56     0.080     1.486   -21.437
   57    -0.774     1.279   -20.961
   58    -1.363     0.626   -20.485
   59    -1.482    -0.245   -20.008
   60    -1.090    -1.032   -19.532
   61    -0.322    -1.460   -19.055
   62     0.554    -1.382   -18.579
   63     1.233    -0.823   -18.103
   64     1.479     0.021   -17.626
   65     1.207     0.857   -17.150
   66     0.511     1.394   -16.674
   67    -0.366     1.446   -16.197
   68    -1.121     0.994   -15.721
   69    -1.489     0.196   -15.244
   70    -1.343    -0.671   -14.768
   71    -0.735    -1.306   -14.292
   72     0.126    -1.487   -13.815
   73     0.939    -1.151   -13.339
   74     1.421    -0.416   -12.862
   75     1.405     0.463   -12.386
   76     0.897     1.180   -11.910
   77     0.073     1.487   -11.433
   78    -0.781     1.275   -10.957
   79    -1.367     0.619   -10.480
   80    -1.481    -0.252   -10.004
   81    -1.084    -1.037    -9.528
   82    -0.314    -1.462    -9.051
   83     0.561    -1.379    -8.575
   84     1.237    -0.817    -8.099
   85     1.479     0.028    -7.622
   86     1.203     0.863    -7.146
   87     0.504     1.397    -6.669
   88    -0.374     1.444    -6.193
   89    -1.126     0.988    -5.717
   90    -1.490     0.188    -5.240
   91    -1.340    -0.678    -4.764
   92    -0.728    -1.309    -4.287
   93     0.133    -1.486    -3.811
   94     0.944    -1.146    -3.335
   95     1.423    -0.409    -2.858
   96     1.403     0.470    -2.382
   97     0.891     1.185    -1.906
   98     0.065     1.487    -1.429
   99    -0.787     1.271    -0.953
  100    -1.370     0.612    -0.476
  101    -1.480    -0.260     0.000
  102    -1.079    -1.043     0.476
  103    -0.307    -1.463     0.953
  104     0.568    -1.376     1.429
  105     1.241    -0.810     1.906
  106     1.479     0.036     2.382
  107     1.198     0.869     2.858
  108     0.497     1.400     3.335
  109    -0.381     1.442     3.811
  110    -1.131     0.983     4.288
  111    -1.491     0.181     4.764
  112    -1.337    -0.685     5.240
  113    -0.721    -1.313     5.717
  114     0.141    -1.485     6.193
  115     0.950    -1.141     6.669
  116     1.425    -0.401     7.146
  117     1.400     0.477     7.622
  118     0.885     1.190     8.099
  119     0.057     1.487     8.575
  120    -0.794     1.267     9.051
  121    -1.373     0.605     9.528
  122    -1.478    -0.267    10.004
  123    -1.074    -1.048    10.481
  124    -0.299    -1.465    10.957
  125     0.575    -1.373    11.433
  126     1.245    -0.804    11.910
  127     1.479     0.044    12.386
  128     1.194     0.875    12.862
  129     0.490     1.402    13.339
  130    -0.388     1.440    13.815
  131    -1.136     0.977    14.292
  132    -1.492     0.173    14.768
  133    -1.333    -0.692    15.244
  134    -0.715    -1.317    15.721
  135     0.148    -1.484    16.197
  136     0.956    -1.136    16.674
  137     1.427    -0.394    17.150
  138     1.398     0.485    17.626
  139     0.879     1.194    18.103
  140     0.050     1.488    18.579
  141    -0.800     1.263    19.055
  142    -1.376     0.598    19.532
  143    -1.477    -0.275    20.008
  144    -1.068    -1.053    20.485
  145    -0.292    -1.466    20.961
  146     0.582    -1.370    21.437
  147     1.250    -0.798    21.914
  148     1.479     0.051    22.390
  149     1.190     0.882    22.867
  150     0.483     1.405    23.343
  151    -0.396     1.438    23.819
  152    -1.141     0.971    24.296
  153    -1.493     0.166    24.772
  154    -1.330    -0.698    25.248
  155    -0.708    -1.320    25.725
  156     0.156    -1.483    26.201
  157     0.962    -1.132    26.678
  158     1.429    -0.387    27.154
  159     1.395     0.492    27.630
  160     0.873     1.199    28.107
  161     0.042     1.488    28.583
  162    -0.807     1.259    29.059
  163    -1.379     0.592    29.536
  164    -1.476    -0.282    30.012
  165    -1.063    -1.059    30.489
  166    -0.285    -1.468    30.965
  167     0.589    -1.367    31.441
  168     1.254    -0.791    31.918
  169     1.478     0.059    32.394
  170     1.185     0.888    32.870
  171     0.476     1.407    33.347
  172    -0.403     1.436    33.823
  173    -1.146     0.966    34.300
  174    -1.494     0.158    34.776
  175    -1.326    -0.705    35.252
  176    -0.701    -1.324    35.729
  177     0.164    -1.483    36.205
  178     0.968    -1.127    36.682
  179     1.431    -0.379    37.158
  180     1.393     0.499    37.634
  181     0.866     1.203    38.111
  182     0.035     1.488    38.587
  183    -0.813     1.255    39.063
  184    -1.382     0.585    39.540
  185    -1.474    -0.290    40.016
  186    -1.057    -1.064    40.493
  187    -0.277    -1.469    40.969
  188     0.596    -1.364    41.445
  189     1.258    -0.785    41.922
  190     1.478     0.066    42.398
  191     1.180     0.894    42.874
  192     0.468     1.410    43.351
  193    -0.410     1.434    43.827
  194    -1.151     0.960    44.304
  195    -1.494     0.150    44.780
  196    -1.322    -0.712    45.256
  197    -0.694    -1.327    45.733
  198     0.171    -1.482    46.209
  199     0.973    -1.122    46.685
  200     1.433    -0.372    47.162
  201     1.390     0.506    47.638
 -999
