
06  70 S; 17 TRANS ITER, 24 ROT ITER, RB = .1, CENTERED BY 1 ST RUN
   43.872551   -0.495153   -0.328986    0.061434   -0.069159   -0.064046
   -0.494571   43.608772   -0.383747   -0.069159    0.048672    0.355184
   -0.330193   -0.383905   43.950157   -0.064046    0.355184   -0.109452
    0.061434   -0.069159   -0.064046 1311.402832  -64.219255  -37.098243
   -0.069159    0.048672    0.355184  -64.218949 1293.850099  -12.980469
   -0.064046    0.355184   -0.109452  -37.098006  -12.979580 1323.151365
  -0.064046
   -0.494571   43.608772   -0.383747   -0.069159    0.048672    0.355184
   -0.330193   -0.383905   43.950157   -0.064046    0.355184   -0.109452
    0.061434   -0.069159   -0.064046 1311.402832  -64.219255  -37.098243
   -0.069159    0.