  6
1.,1.65549,1.68225,1.68238
1.25,1.66749,1.69390,1.69386
1.375,1.67415,1.70051,1.70064
1.5,1.68014,1.70653,1.70646
1.625,1.68647,1.71376,1.71393
1.75,1.69055,1.71820,1.71923
  6
1.,1.60352,1.63325,1.63334
1.125,1.60295,1.63294,1.63307
1.25,1.60237,1.63269,1.63295
1.375,1.60211,1.63272,1.63255
1.5,1.60162,1.63315,1.63380
1.625,1.60098,1.63276,1.63347
  4
1.,1.52558,1.55859,1.55856
1.25,1.50506,1.53944,1.53991
1.5,1.48677,1.52225,1.52397
1.75,1.48147,1.51562,1.51308
70653,1.70646
1.625,1.68647,1.71376,1.71393
1.75,1.69055,1.71820,1.71923
  6
1.,1.60352,1.63325,1.63334
1.125,1.60295,1.63294,1.63307
1.25,1.60237,1.63269,1.63295
1.375,1.60211,1.63272,1.63255
1.5,1.60162,1.63315,1.63380
1.625,1.60098,1.63276,1.63347
  4
1.,1.52558