  6
1.,.47517,.66731,.66726
1.25,.48620,.68108,.68122
1.375,.49080,.68682,.68648
1.5,.49685,.69421,.69419
1.625,.50108,.69854,.69795
1.75,.50982,.70866,.70679
  6
1.,.44735,.62823,.62837
1.125,.44944,.63046,.63032
1.25,.45082,.63183,.63146
1.375,.45357,.63493,.63516
1.5,.45554,.63648,.63497
1.625,.45832,.63956,.63850
  4
1.,.40465,.56743,.56751
1.25,.39696,.55519,.55431
1.5,.38860,.54260,.53833
1.75,.36135,.50652,.51326
75,.49080,.68682,.68648
1.5,.49685,.69421,.69419
1.625,.50108,.69854,.69795
1.75,.50982,.70866,.70679
  6
1.,.44735,.62823,.62837
1.125,.44944,.63046,.63032
1.25,.45082,.63183,.63146
1.375,.45357,.63493,.63516
1.5,.45554,.63648,.63497
1.625,.45832,.63956,.63850
  4
1.,.40465,.56743,.56751
1.25,.39696,.55519,.5