  5
1.,12.439377,12.440056,11.280904
1.125,11.112478,11.112965,10.077307
1.25,10.059739,10.061100,9.122081
1.375,9.191395,9.192711,8.336180
1.5,8.473189,8.473944,7.683918
  4
1.,11.973868,11.974085,10.858295
1.125,10.651340,10.652392,9.658883
1.375,8.731684,8.731810,7.915409
1.5,8.007845,8.011183,7.261220
  5
1.,11.256050,11.256664,10.219563
1.125,9.935175,9.935662,9.020658
1.25,8.870064,8.861167,8.049631
1.375,8.012995,8.015448,7.277117
1.5,7.279042,7.288281,6.61979
081
1.375,9.191395,9.192711,8.336180
1.5,8.473189,8.473944,7.683918
  4
1.,11.973868,11.974085,10.858295
1.125,10.651340,10.652392,9.658883
1.375,8.731684,8.731810,7.915409
1.5,8.007845,8.011183,7.261220
  5
1.,11.256050,11.256664,10.219563
1.125,9.935175,9.935662,9.0