  5
1.,2.23478,2.23476,2.34946
1.125,2.24584,2.24585,2.36130
1.25,2.25894,2.25888,2.37534
1.375,2.27070,2.27068,2.38700
1.5,2.28335,2.28338,2.40053
  5
1.,2.15108,2.15100,2.26158
1.125,2.15275,2.15269,2.26321
1.25,2.15367,2.15366,2.26429
1.375,2.15643,2.15645,2.26762
1.5,2.15820,2.15818,2.26869
  5
1.,2.02344,2.02337,2.12595
1.125,2.00927,2.00926,2.11066
1.25,1.99164,1.99165,2.09414
1.375,1.98115,1.98107,2.08097
1.5,1.96558,1.96559,2.06222
25888,2.37534
1.375,2.27070,2.27068,2.38700
1.5,2.28335,2.28338,2.40053
  5
1.,2.15108,2.15100,2.26158
1.125,2.15275,2.15269,2.26321
1.25,2.15367,2.15366,2.26429
1.375,2.15643,2.15645,2.26762
1.5,2.15820,2.15818,2.26869
  5
1.,2.02344,2.02337,2.12595
1.125,2.00927,2.00926,2.11066
1.25,1.99164