  6
1.52813,37.2892
2.37097,39.4843
1.64512,37.5862
1.94249,38.3838
1.33782,36.8285
2.66448,40.3583
  6
1.56026,31.07989
2.45074,30.19778
2.19942,30.34782
1.82542,30.69546
1.45462,31.21704
1.28113,31.46672
  6
1.31447,34.56098
1.49772,34.69836
2.57402,35.81564
1.89361,35.07634
2.29877,35.46318
1.61003,34.80570
ROTATION OF ELLIPSOIDS - REGULAR,INSIDE TANGENT, THEN RASPBERRY
DIRECTION 2  MULT BY 1.E-2
512,37.5862
1.94249,38.3838
1.33782,36.8285
2.66448,40.3583
  6
1.56026,31.07989
2.45074,30.19778
2.19942,30.34782
1.82542,30.69546
1.45462,31.21704
1.28113,31.46672
  6
1.31447,34.56098
1.49772,34.69836
2.57402,35.81564
1.89361,35.07634
2.29877,35.46318
1.61003,34.80570
ROTATION OF ELLIPSOIDS - REGULAR,INSIDE TANGENT, TH