  6
1.52813,37.2861
2.37097,39.4800
1.64512,37.5843
1.94249,38.3777
1.33782,36.8266
2.66448,40.3580
  6
1.56026,31.07577
2.45074,30.18226
2.19942,30.33029
1.82542,30.69250
1.45462,31.21257
1.28113,31.46446
  6
1.31447,34.55693
1.49772,34.69661
2.57402,35.79448
1.89361,35.06420
2.29877,35.46068
1.61001,34.80058
ROTATION OF ELLIPSOIDS - REGULAR, INSIDE TANGENT THEN RASPBERRY
 ARE MULT  BY 10^-2
0
1.64512,37.5843
1.94249,38.3777
1.33782,36.8266
2.66448,40.3580
  6
1.56026,31.07577
2.45074,30.18226
2.19942,30.33029
1.82542,30.69250
1.45462,31.21257
1.28113,31.46446
  6
1.31447,34.55693
1.49772,34.69661
2.57402,35.79448
1.89361,35.06420
2.29877,35.46068
1.61001,34.80058
ROTATION OF ELLIPSOIDS - REGULAR, INSIDE TANGENT TH