  6
1.52813,8.25335
2.37097,8.91294
1.64512,8.34011
1.94249,8.56930
1.33782,8.11562
2.66449,9.16269
  6
1.56026,5.73237
2.45074,5.06955
2.19942,5.23950
1.82542,5.51790
1.45462,5.82192
1.28113,5.97277
  6
1.31447,7.18661
1.49772,7.18766
2.57402,7.25680
1.89361,7.20231
2.29877,7.23123
1.61003,7.19371
ROTATION OF ELLIPSOIDS - REGULAR,INSIDE TANGENT,THEN RASPBERRY
 DIRECTION Z; MULT BY 1.E-2
.91294
1.64512,8.34011
1.94249,8.56930
1.33782,8.11562
2.66449,9.16269
  6
1.56026,5.73237
2.45074,5.06955
2.19942,5.23950
1.82542,5.51790
1.45462,5.82192
1.28113,5.97277
  6
1.31447,7.18661
1.49772,7.18766
2.57402,7.25680
1.89361,7.20231
2.29877,7.23123
1.61003,7.19371
ROTATION OF ELLIPSOIDS - REGULAR,INSIDE TANGENT,THEN RASPBERRY