
 ELIPSE:   A= 38.719 B=  8.719
   505  1.28113
    1   0.00000   0.00000  38.71889
    2   2.22112   0.00000  37.44147
    3   0.68636   2.11241  37.44147
    4  -1.79692   1.30554  37.44147
    5  -1.79692  -1.30554  37.44147
    6   0.68636  -2.11241  37.44147
    7   3.59338   0.00000  35.27766
    8   2.54090   2.54090  35.27766
    9  -0.00000   3.59338  35.27766
   10  -2.54090   2.54090  35.27766
   11  -3.59338  -0.00000  35.27766
   12  -2.54089  -2.54090  35.27766
   13   0.00001  -3.59338  35.27766
   14   2.54090  -2.54089  35.27766
   15   4.59066   0.00000  32.91745
   16   3.86190   2.48189  32.91744
   17   1.90702   4.17580  32.91744
   18  -0.65332   4.54392  32.91744
   19  -3.00624   3.46938  32.91744
   20  -4.40469   1.29333  32.91745
   21  -4.40469  -1.29334  32.91745
   22  -3.00623  -3.46938  32.91745
   23  -0.65331  -4.54393  32.91745
   24   1.90703  -4.17580  32.91744
   25   3.86190  -2.48189  32.91745
   26   5.37713   0.00000  30.47887
   27   4.76120   2.49887  30.47887
   28   3.05455   4.42528  30.47887
   29   0.64814   5.33792  30.47887
   30  -1.90675   5.02769  30.47887
   31  -4.02483   3.56568  30.47887
   32  -5.22087   1.28683  30.47887
   33  -5.22086  -1.28683  30.47887
   34  -4.02482  -3.56569  30.47887
   35  -1.90675  -5.02769  30.47887
   36   0.64814  -5.33791  30.47887
   37   3.05455  -4.42527  30.47887
   38   4.76120  -2.49886  30.47887
   39   6.02219   0.00000  27.99914
   40   5.42579   2.61292  27.99914
   41   3.75476   4.70832  27.99914
   42   1.34006   5.87118  27.99914
   43  -1.34006   5.87118  27.99913
   44  -3.75476   4.70832  27.99914
   45  -5.42579   2.61292  27.99914
   46  -6.02219  -0.00001  27.99914
   47  -5.42578  -2.61293  27.99914
   48  -3.75476  -4.70832  27.99914
   49  -1.34005  -5.87118  27.99914
   50   1.34006  -5.87118  27.99914
   51   3.75477  -4.70831  27.99914
   52   5.42579  -2.61291  27.99913
   53   6.56209   0.00000  25.49441
   54   6.06256   2.51120  25.49440
   55   4.64008   4.64008  25.49441
   56   2.51119   6.06256  25.49441
   57  -0.00001   6.56209  25.49441
   58  -2.51120   6.06256  25.49441
   59  -4.64008   4.64008  25.49441
   60  -6.06256   2.51119  25.49440
   61  -6.56209  -0.00001  25.49441
   62  -6.06256  -2.51120  25.49441
   63  -4.64007  -4.64009  25.49441
   64  -2.51119  -6.06256  25.49440
   65   0.00001  -6.56209  25.49441
   66   2.51120  -6.06256  25.49441
   67   4.64009  -4.64007  25.49441
   68   6.06256  -2.51118  25.49440
   69   7.01838   0.00000  22.97310
   70   6.54442   2.53532  22.97310
   71   5.18663   4.72824  22.97310
   72   3.12835   6.28257  22.97310
   73   0.64757   6.98843  22.97310
   74  -1.92067   6.75044  22.97310
   75  -4.22951   5.60077  22.97310
   76  -5.96713   3.69468  22.97310
   77  -6.89886   1.28961  22.97310
   78  -6.89886  -1.28963  22.97310
   79  -5.96712  -3.69470  22.97310
   80  -4.22950  -5.60077  22.97310
   81  -1.92065  -6.75044  22.97310
   82   0.64758  -6.98843  22.97310
   83   3.12836  -6.28257  22.97310
   84   5.18664  -4.72822  22.97310
   85   6.54443  -2.53530  22.97310
   86   7.40498   0.00000  20.44017
   87   6.95838   2.53264  20.44017
   88   5.67252   4.75981  20.44018
   89   3.70247   6.41288  20.44017
   90   1.28585   7.29246  20.44018
   91  -1.28586   7.29246  20.44018
   92  -3.70248   6.41287  20.44018
   93  -5.67252   4.75981  20.44017
   94  -6.95838   2.53264  20.44018
   95  -7.40498  -0.00001  20.44018
   96  -6.95838  -2.53264  20.44018
   97  -5.67252  -4.75981  20.44018
   98  -3.70247  -6.41288  20.44018
   99  -1.28586  -7.29246  20.44018
  100   1.28585  -7.29246  20.44018
  101   3.70247  -6.41288  20.44017
  102   5.67252  -4.75981  20.44018
  103   6.95838  -2.53264  20.44018
  104   7.73139   0.00000  17.89879
  105   7.26511   2.64428  17.89879
  106   5.92257   4.96963  17.89879
  107   3.86568   6.69556  17.89879
  108   1.34253   7.61392  17.89880
  109  -1.34254   7.61392  17.89879
  110  -3.86569   6.69556  17.89879
  111  -5.92257   4.96962  17.89880
  112  -7.26511   2.64428  17.89879
  113  -7.73139  -0.00001  17.89879
  114  -7.26511  -2.64428  17.89879
  115  -5.92257  -4.96963  17.89879
  116  -3.86568  -6.69556  17.89880
  117  -1.34254  -7.61392  17.89880
  118   1.34253  -7.61392  17.89879
  119   3.86568  -6.69556  17.89879
  120   5.92257  -4.96962  17.89880
  121   7.26511  -2.64428  17.89879
  122   8.00437   0.00000  15.35112
  123   7.57064   2.59901  15.35112
  124   6.31655   4.91637  15.35112
  125   4.37796   6.70097  15.35112
  126   1.96495   7.75942  15.35112
  127  -0.66100   7.97702  15.35112
  128  -3.21531   7.33016  15.35112
  129  -5.42120   5.88898  15.35112
  130  -7.03961   3.80964  15.35112
  131  -7.89518   1.31746  15.35112
  132  -7.89518  -1.31748  15.35112
  133  -7.03960  -3.80965  15.35112
  134  -5.42118  -5.88899  15.35112
  135  -3.21530  -7.33017  15.35112
  136  -0.66098  -7.97702  15.35112
  137   1.96497  -7.75941  15.35112
  138   4.37798  -6.70096  15.35112
  139   6.31656  -4.91635  15.35112
  140   7.57065  -2.59899  15.35112
  141   8.22881   0.00000  12.79871
  142   7.82604   2.54283  12.79871
  143   6.65723   4.83676  12.79871
  144   4.83676   6.65723  12.79871
  145   2.54283   7.82604  12.79871
  146  -0.00001   8.22881  12.79871
  147  -2.54284   7.82604  12.79871
  148  -4.83676   6.65722  12.79871
  149  -6.65723   4.83675  12.79871
  150  -7.82604   2.54283  12.79871
  151  -8.22881  -0.00001  12.79871
  152  -7.82603  -2.54284  12.79871
  153  -6.65722  -4.83676  12.79871
  154  -4.83675  -6.65723  12.79871
  155  -2.54283  -7.82604  12.79871
  156   0.00001  -8.22881  12.79871
  157   2.54284  -7.82604  12.79871
  158   4.83676  -6.65722  12.79871
  159   6.65724  -4.83675  12.79871
  160   7.82604  -2.54282  12.79871
  161   8.40832   0.00000  10.24274
  162   7.99676   2.59830  10.24274
  163   6.80245   4.94227  10.24274
  164   4.94226   6.80245  10.24274
  165   2.59830   7.99676  10.24274
  166  -0.00001   8.40831  10.24274
  167  -2.59831   7.99676  10.24274
  168  -4.94227   6.80244  10.24274
  169  -6.80245   4.94226  10.24274
  170  -7.99676   2.59830  10.24274
  171  -8.40831  -0.00001  10.24274
  172  -7.99675  -2.59831  10.24274
  173  -6.80244  -4.94227  10.24274
  174  -4.94226  -6.80245  10.24274
  175  -2.59829  -7.99676  10.24274
  176   0.00001  -8.40831  10.24274
  177   2.59831  -7.99675  10.24274
  178   4.94227  -6.80244  10.24274
  179   6.80246  -4.94225  10.24274
  180   7.99676  -2.59829  10.24274
  181   8.54550   0.00000   7.68416
  182   8.12723   2.64070   7.68416
  183   6.91343   5.02290   7.68416
  184   5.02290   6.91343   7.68416
  185   2.64069   8.12723   7.68416
  186  -0.00001   8.54550   7.68416
  187  -2.64070   8.12723   7.68416
  188  -5.02291   6.91343   7.68416
  189  -6.91344   5.02290   7.68416
  190  -8.12723   2.64069   7.68416
  191  -8.54550  -0.00001   7.68416
  192  -8.12722  -2.64070   7.68416
  193  -6.91342  -5.02291   7.68416
  194  -5.02290  -6.91344   7.68416
  195  -2.64069  -8.12723   7.68416
  196   0.00001  -8.54550   7.68416
  197   2.64071  -8.12722   7.68416
  198   5.02291  -6.91342   7.68416
  199   6.91344  -5.02289   7.68416
  200   8.12723  -2.64068   7.68416
  201   8.64225   0.00000   5.12373
  202   8.25828   2.54734   5.12373
  203   7.14054   4.86834   5.12373
  204   5.38834   6.75676   5.12373
  205   3.15735   8.04482   5.12373
  206   0.64583   8.61808   5.12373
  207  -1.92308   8.42555   5.12373
  208  -4.32112   7.48438   5.12373
  209  -6.33520   5.87820   5.12373
  210  -7.78638   3.74971   5.12373
  211  -8.54571   1.28804   5.12373
  212  -8.54570  -1.28807   5.12373
  213  -7.78636  -3.74974   5.12373
  214  -6.33518  -5.87822   5.12373
  215  -4.32110  -7.48439   5.12373
  216  -1.92306  -8.42555   5.12373
  217   0.64584  -8.61807   5.12373
  218   3.15737  -8.04481   5.12373
  219   5.38835  -6.75675   5.12373
  220   7.14054  -4.86833   5.12373
  221   8.25828  -2.54733   5.12373
  222   8.69982   0.00000   2.56211
  223   8.31328   2.56431   2.56211
  224   7.18810   4.90077   2.56211
  225   5.42423   6.80177   2.56211
  226   3.17839   8.09841   2.56211
  227   0.65013   8.67548   2.56211
  228  -1.93589   8.48167   2.56211
  229  -4.34990   7.53424   2.56211
  230  -6.37740   5.91735   2.56211
  231  -7.83824   3.77469   2.56211
  232  -8.60263   1.29662   2.56211
  233  -8.60263  -1.29665   2.56211
  234  -7.83823  -3.77471   2.56211
  235  -6.37738  -5.91737   2.56211
  236  -4.34988  -7.53425   2.56211
  237  -1.93587  -8.48167   2.56211
  238   0.65015  -8.67548   2.56211
  239   3.17840  -8.09840   2.56211
  240   5.42424  -6.80176   2.56211
  241   7.18811  -4.90075   2.56211
  242   8.31329  -2.56430   2.56211
  243   8.71893   0.00000  -0.00007
  244   8.33155   2.56994  -0.00007
  245   7.20389   4.91153  -0.00007
  246   5.43614   6.81671  -0.00007
  247   3.18537   8.11620  -0.00007
  248   0.65156   8.69454  -0.00007
  249  -1.94014   8.50030  -0.00007
  250  -4.35946   7.55079  -0.00007
  251  -6.39141   5.93035  -0.00007
  252  -7.85546   3.78298  -0.00007
  253  -8.62153   1.29947  -0.00007
  254  -8.62152  -1.29950  -0.00007
  255  -7.85545  -3.78300  -0.00007
  256  -6.39139  -5.93037  -0.00007
  257  -4.35943  -7.55080  -0.00007
  258  -1.94012  -8.50031  -0.00007
  259   0.65157  -8.69453  -0.00007
  260   3.18538  -8.11619  -0.00007
  261   5.43616  -6.81670  -0.00007
  262   7.20390  -4.91152  -0.00007
  263   8.33155  -2.56993  -0.00007
  264   0.00000   0.00000 -38.71889
  265   2.22112   0.00000 -37.44147
  266   0.68636   2.11241 -37.44146
  267  -1.79692   1.30554 -37.44147
  268  -1.79692  -1.30554 -37.44146
  269   0.68636  -2.11241 -37.44146
  270   3.59338   0.00000 -35.27765
  271   2.54090   2.54090 -35.27765
  272  -0.00000   3.59338 -35.27766
  273  -2.54090   2.54090 -35.27765
  274  -3.59338  -0.00000 -35.27765
  275  -2.54089  -2.54090 -35.27766
  276   0.00001  -3.59338 -35.27765
  277   2.54090  -2.54089 -35.27765
  278   4.59066   0.00000 -32.91744
  279   3.86190   2.48189 -32.91744
  280   1.90702   4.17580 -32.91744
  281  -0.65332   4.54393 -32.91744
  282  -3.00624   3.46938 -32.91744
  283  -4.40469   1.29333 -32.91744
  284  -4.40469  -1.29334 -32.91744
  285  -3.00623  -3.46938 -32.91744
  286  -0.65331  -4.54393 -32.91744
  287   1.90703  -4.17580 -32.91744
  288   3.86190  -2.48189 -32.91744
  289   5.37713   0.00000 -30.47886
  290   4.76120   2.49887 -30.47887
  291   3.05455   4.42528 -30.47886
  292   0.64814   5.33792 -30.47886
  293  -1.90675   5.02769 -30.47886
  294  -4.02483   3.56568 -30.47887
  295  -5.22086   1.28683 -30.47886
  296  -5.22086  -1.28683 -30.47886
  297  -4.02482  -3.56569 -30.47886
  298  -1.90675  -5.02769 -30.47887
  299   0.64814  -5.33791 -30.47887
  300   3.05455  -4.42527 -30.47886
  301   4.76120  -2.49886 -30.47887
  302   6.02219   0.00000 -27.99913
  303   5.42579   2.61292 -27.99913
  304   3.75476   4.70832 -27.99913
  305   1.34006   5.87118 -27.99913
  306  -1.34006   5.87118 -27.99913
  307  -3.75476   4.70832 -27.99913
  308  -5.42579   2.61292 -27.99913
  309  -6.02219  -0.00001 -27.99913
  310  -5.42578  -2.61293 -27.99913
  311  -3.75476  -4.70832 -27.99913
  312  -1.34005  -5.87118 -27.99913
  313   1.34006  -5.87118 -27.99913
  314   3.75477  -4.70831 -27.99913
  315   5.42579  -2.61291 -27.99913
  316   6.56209   0.00000 -25.49440
  317   6.06256   2.51119 -25.49440
  318   4.64008   4.64008 -25.49440
  319   2.51119   6.06256 -25.49440
  320  -0.00001   6.56209 -25.49440
  321  -2.51120   6.06256 -25.49440
  322  -4.64008   4.64008 -25.49440
  323  -6.06256   2.51119 -25.49440
  324  -6.56209  -0.00001 -25.49440
  325  -6.06256  -2.51120 -25.49440
  326  -4.64007  -4.64009 -25.49440
  327  -2.51119  -6.06256 -25.49440
  328   0.00001  -6.56209 -25.49440
  329   2.51120  -6.06256 -25.49440
  330   4.64009  -4.64007 -25.49440
  331   6.06256  -2.51118 -25.49440
  332   7.01838   0.00000 -22.97310
  333   6.54442   2.53532 -22.97310
  334   5.18663   4.72824 -22.97310
  335   3.12835   6.28257 -22.97310
  336   0.64757   6.98843 -22.97310
  337  -1.92067   6.75044 -22.97310
  338  -4.22951   5.60077 -22.97310
  339  -5.96713   3.69468 -22.97310
  340  -6.89886   1.28961 -22.97310
  341  -6.89886  -1.28963 -22.97309
  342  -5.96712  -3.69470 -22.97310
  343  -4.22950  -5.60077 -22.97310
  344  -1.92065  -6.75044 -22.97310
  345   0.64758  -6.98843 -22.97310
  346   3.12836  -6.28257 -22.97310
  347   5.18664  -4.72822 -22.97310
  348   6.54443  -2.53530 -22.97310
  349   7.40498   0.00000 -20.44017
  350   6.95838   2.53264 -20.44017
  351   5.67252   4.75981 -20.44017
  352   3.70247   6.41288 -20.44017
  353   1.28585   7.29246 -20.44017
  354  -1.28586   7.29246 -20.44017
  355  -3.70248   6.41287 -20.44017
  356  -5.67252   4.75981 -20.44017
  357  -6.95838   2.53264 -20.44017
  358  -7.40498  -0.00001 -20.44017
  359  -6.95838  -2.53264 -20.44017
  360  -5.67252  -4.75981 -20.44017
  361  -3.70247  -6.41288 -20.44017
  362  -1.28586  -7.29246 -20.44017
  363   1.28585  -7.29246 -20.44017
  364   3.70247  -6.41287 -20.44017
  365   5.67252  -4.75981 -20.44017
  366   6.95838  -2.53264 -20.44017
  367   7.73139   0.00000 -17.89879
  368   7.26511   2.64428 -17.89879
  369   5.92257   4.96963 -17.89879
  370   3.86568   6.69556 -17.89879
  371   1.34253   7.61392 -17.89879
  372  -1.34254   7.61392 -17.89879
  373  -3.86569   6.69556 -17.89879
  374  -5.92257   4.96962 -17.89879
  375  -7.26511   2.64428 -17.89879
  376  -7.73139  -0.00001 -17.89879
  377  -7.26511  -2.64428 -17.89879
  378  -5.92257  -4.96963 -17.89879
  379  -3.86568  -6.69556 -17.89879
  380  -1.34254  -7.61392 -17.89879
  381   1.34253  -7.61391 -17.89879
  382   3.86568  -6.69556 -17.89879
  383   5.92257  -4.96962 -17.89879
  384   7.26511  -2.64428 -17.89879
  385   8.00437   0.00000 -15.35112
  386   7.57065   2.59901 -15.35111
  387   6.31655   4.91637 -15.35111
  388   4.37796   6.70097 -15.35111
  389   1.96495   7.75942 -15.35111
  390  -0.66100   7.97702 -15.35112
  391  -3.21531   7.33016 -15.35112
  392  -5.42120   5.88898 -15.35112
  393  -7.03961   3.80964 -15.35112
  394  -7.89518   1.31747 -15.35112
  395  -7.89518  -1.31748 -15.35111
  396  -7.03960  -3.80965 -15.35112
  397  -5.42118  -5.88899 -15.35112
  398  -3.21530  -7.33017 -15.35112
  399  -0.66098  -7.97702 -15.35112
  400   1.96497  -7.75941 -15.35112
  401   4.37798  -6.70096 -15.35112
  402   6.31656  -4.91635 -15.35111
  403   7.57065  -2.59899 -15.35112
  404   8.22881   0.00000 -12.79871
  405   7.82604   2.54283 -12.79871
  406   6.65723   4.83676 -12.79870
  407   4.83676   6.65723 -12.79871
  408   2.54283   7.82604 -12.79871
  409  -0.00001   8.22881 -12.79870
  410  -2.54284   7.82604 -12.79870
  411  -4.83676   6.65722 -12.79870
  412  -6.65723   4.83675 -12.79871
  413  -7.82604   2.54283 -12.79870
  414  -8.22881  -0.00001 -12.79871
  415  -7.82604  -2.54284 -12.79871
  416  -6.65722  -4.83676 -12.79870
  417  -4.83675  -6.65723 -12.79870
  418  -2.54283  -7.82604 -12.79871
  419   0.00001  -8.22881 -12.79871
  420   2.54284  -7.82604 -12.79870
  421   4.83676  -6.65722 -12.79871
  422   6.65724  -4.83675 -12.79870
  423   7.82604  -2.54282 -12.79870
  424   8.40832   0.00000 -10.24274
  425   7.99676   2.59830 -10.24274
  426   6.80245   4.94226 -10.24274
  427   4.94226   6.80244 -10.24274
  428   2.59830   7.99675 -10.24274
  429  -0.00001   8.40831 -10.24274
  430  -2.59831   7.99676 -10.24274
  431  -4.94227   6.80244 -10.24274
  432  -6.80245   4.94226 -10.24274
  433  -7.99676   2.59830 -10.24274
  434  -8.40831  -0.00001 -10.24274
  435  -7.99675  -2.59831 -10.24274
  436  -6.80244  -4.94227 -10.24274
  437  -4.94226  -6.80245 -10.24274
  438  -2.59829  -7.99676 -10.24274
  439   0.00001  -8.40831 -10.24274
  440   2.59831  -7.99675 -10.24274
  441   4.94227  -6.80244 -10.24274
  442   6.80246  -4.94225 -10.24274
  443   7.99676  -2.59829 -10.24274
  444   8.54550   0.00000  -7.68416
  445   8.12723   2.64070  -7.68416
  446   6.91343   5.02290  -7.68416
  447   5.02290   6.91343  -7.68416
  448   2.64069   8.12723  -7.68416
  449  -0.00001   8.54550  -7.68416
  450  -2.64070   8.12723  -7.68416
  451  -5.02291   6.91343  -7.68416
  452  -6.91344   5.02290  -7.68416
  453  -8.12723   2.64069  -7.68416
  454  -8.54550  -0.00001  -7.68416
  455  -8.12722  -2.64070  -7.68416
  456  -6.91342  -5.02291  -7.68416
  457  -5.02290  -6.91344  -7.68416
  458  -2.64069  -8.12723  -7.68416
  459   0.00001  -8.54550  -7.68416
  460   2.64071  -8.12722  -7.68416
  461   5.02291  -6.91342  -7.68416
  462   6.91344  -5.02289  -7.68416
  463   8.12723  -2.64068  -7.68416
  464   8.64225   0.00000  -5.12373
  465   8.25827   2.54734  -5.12373
  466   7.14054   4.86834  -5.12373
  467   5.38834   6.75676  -5.12373
  468   3.15735   8.04482  -5.12373
  469   0.64583   8.61808  -5.12373
  470  -1.92308   8.42555  -5.12373
  471  -4.32112   7.48438  -5.12373
  472  -6.33520   5.87820  -5.12373
  473  -7.78638   3.74971  -5.12373
  474  -8.54571   1.28804  -5.12373
  475  -8.54570  -1.28807  -5.12373
  476  -7.78636  -3.74974  -5.12373
  477  -6.33518  -5.87822  -5.12373
  478  -4.32109  -7.48439  -5.12373
  479  -1.92306  -8.42555  -5.12373
  480   0.64584  -8.61807  -5.12373
  481   3.15737  -8.04481  -5.12373
  482   5.38835  -6.75675  -5.12373
  483   7.14054  -4.86833  -5.12373
  484   8.25828  -2.54733  -5.12373
  485   8.69982   0.00000  -2.56211
  486   8.31329   2.56431  -2.56211
  487   7.18810   4.90077  -2.56211
  488   5.42423   6.80177  -2.56211
  489   3.17839   8.09841  -2.56211
  490   0.65013   8.67548  -2.56211
  491  -1.93589   8.48167  -2.56211
  492  -4.34990   7.53424  -2.56211
  493  -6.37740   5.91735  -2.56211
  494  -7.83824   3.77469  -2.56211
  495  -8.60263   1.29662  -2.56211
  496  -8.60263  -1.29665  -2.56211
  497  -7.83823  -3.77471  -2.56211
  498  -6.37738  -5.91737  -2.56211
  499  -4.34988  -7.53425  -2.56211
  500  -1.93587  -8.48167  -2.56211
  501   0.65015  -8.67548  -2.56211
  502   3.17840  -8.09840  -2.56211
  503   5.42424  -6.80176  -2.56211
  504   7.18811  -4.90075  -2.56211
  505   8.31329  -2.56430  -2.56211
