
 ELIPSE:   A= 37.8006, B=  7.8006, NB=10
   147  2.19942
    1   0.00000   0.00000  37.80060
    2   3.10251   0.00000  34.68222
    3  -0.00000   3.10251  34.68222
    4  -3.10251  -0.00000  34.68222
    5   0.00000  -3.10251  34.68222
    6   4.59554   0.00000  30.54449
    7   2.29776   3.97984  30.54450
    8  -2.29776   3.97984  30.54449
    9  -4.59554  -0.00000  30.54450
   10  -2.29776  -3.97984  30.54450
   11   2.29776  -3.97984  30.54449
   12   5.61015   0.00000  26.26427
   13   3.96696   3.96696  26.26426
   14  -0.00001   5.61015  26.26426
   15  -3.96697   3.96696  26.26426
   16  -5.61015  -0.00001  26.26426
   17  -3.96696  -3.96697  26.26426
   18   0.00001  -5.61015  26.26427
   19   3.96697  -3.96696  26.26427
   20   6.35387   0.00000  21.92875
   21   4.86733   4.08418  21.92875
   22   1.10333   6.25733  21.92875
   23  -3.17693   5.50260  21.92875
   24  -5.97067   2.17314  21.92875
   25  -5.97067  -2.17316  21.92875
   26  -3.17692  -5.50260  21.92875
   27   1.10334  -6.25733  21.92875
   28   4.86734  -4.08417  21.92875
   29   6.90733   0.00000  17.56486
   30   5.29130   4.43993  17.56486
   31   1.19944   6.80237  17.56486
   32  -3.45366   5.98190  17.56486
   33  -6.49074   2.36243  17.56486
   34  -6.49074  -2.36245  17.56486
   35  -3.45364  -5.98190  17.56486
   36   1.19945  -6.80237  17.56486
   37   5.29130  -4.43992  17.56486
   38   7.31075   0.00000  13.18455
   39   5.91450   4.29714  13.18455
   40   2.25914   6.95291  13.18455
   41  -2.25914   6.95291  13.18455
   42  -5.91450   4.29713  13.18455
   43  -7.31075  -0.00001  13.18455
   44  -5.91450  -4.29714  13.18455
   45  -2.25913  -6.95291  13.18455
   46   2.25915  -6.95291  13.18455
   47   5.91451  -4.29713  13.18455
   48   7.58658   0.00000   8.79436
   49   6.13765   4.45926   8.79436
   50   2.34437   7.21524   8.79436
   51  -2.34438   7.21524   8.79436
   52  -6.13765   4.45926   8.79436
   53  -7.58658  -0.00001   8.79436
   54  -6.13765  -4.45927   8.79436
   55  -2.34437  -7.21524   8.79436
   56   2.34438  -7.21524   8.79436
   57   6.13766  -4.45925   8.79436
   58   7.74764   0.00000   4.39847
   59   6.51771   4.18868   4.39847
   60   3.21847   7.04748   4.39847
   61  -1.10260   7.66876   4.39847
   62  -5.07361   5.85525   4.39847
   63  -7.43378   2.18275   4.39847
   64  -7.43378  -2.18276   4.39847
   65  -5.07360  -5.85526   4.39847
   66  -1.10259  -7.66876   4.39847
   67   3.21848  -7.04747   4.39847
   68   6.51771  -4.18867   4.39847
   69   7.80063   0.00000  -0.00006
   70   6.56228   4.21732  -0.00006
   71   3.24048   7.09568  -0.00006
   72  -1.11014   7.72121  -0.00006
   73  -5.10831   5.89530  -0.00006
   74  -7.48462   2.19768  -0.00006
   75  -7.48462  -2.19769  -0.00006
   76  -5.10830  -5.89531  -0.00006
   77  -1.11013  -7.72121  -0.00006
   78   3.24049  -7.09567  -0.00006
   79   6.56229  -4.21732  -0.00006
   80   0.00000   0.00000 -37.80059
   81   3.10251   0.00000 -34.68221
   82  -0.00000   3.10251 -34.68221
   83  -3.10251  -0.00000 -34.68221
   84   0.00000  -3.10251 -34.68221
   85   4.59554   0.00000 -30.54449
   86   2.29776   3.97984 -30.54449
   87  -2.29776   3.97984 -30.54449
   88  -4.59554  -0.00000 -30.54449
   89  -2.29776  -3.97984 -30.54449
   90   2.29776  -3.97984 -30.54449
   91   5.61015   0.00000 -26.26426
   92   3.96696   3.96696 -26.26426
   93  -0.00001   5.61015 -26.26426
   94  -3.96697   3.96696 -26.26426
   95  -5.61015  -0.00001 -26.26426
   96  -3.96696  -3.96697 -26.26426
   97   0.00001  -5.61015 -26.26426
   98   3.96697  -3.96696 -26.26426
   99   6.35387   0.00000 -21.92874
  100   4.86733   4.08418 -21.92874
  101   1.10333   6.25733 -21.92874
  102  -3.17693   5.50260 -21.92874
  103  -5.97067   2.17314 -21.92874
  104  -5.97067  -2.17316 -21.92874
  105  -3.17692  -5.50260 -21.92874
  106   1.10334  -6.25733 -21.92874
  107   4.86734  -4.08417 -21.92874
  108   6.90733   0.00000 -17.56486
  109   5.29130   4.43993 -17.56486
  110   1.19944   6.80237 -17.56485
  111  -3.45366   5.98190 -17.56486
  112  -6.49074   2.36243 -17.56486
  113  -6.49074  -2.36245 -17.56485
  114  -3.45364  -5.98190 -17.56485
  115   1.19945  -6.80237 -17.56485
  116   5.29130  -4.43992 -17.56486
  117   7.31075   0.00000 -13.18455
  118   5.91450   4.29714 -13.18455
  119   2.25914   6.95291 -13.18455
  120  -2.25914   6.95291 -13.18455
  121  -5.91450   4.29713 -13.18455
  122  -7.31075  -0.00001 -13.18455
  123  -5.91450  -4.29714 -13.18455
  124  -2.25913  -6.95291 -13.18455
  125   2.25915  -6.95291 -13.18455
  126   5.91451  -4.29713 -13.18455
  127   7.58658   0.00000  -8.79436
  128   6.13765   4.45926  -8.79436
  129   2.34437   7.21524  -8.79436
  130  -2.34438   7.21524  -8.79436
  131  -6.13765   4.45926  -8.79436
  132  -7.58658  -0.00001  -8.79436
  133  -6.13765  -4.45927  -8.79436
  134  -2.34437  -7.21524  -8.79436
  135   2.34438  -7.21524  -8.79436
  136   6.13766  -4.45925  -8.79436
  137   7.74764   0.00000  -4.39847
  138   6.51771   4.18868  -4.39847
  139   3.21847   7.04748  -4.39847
  140  -1.10260   7.66876  -4.39847
  141  -5.07361   5.85525  -4.39847
  142  -7.43378   2.18275  -4.39847
  143  -7.43378  -2.18276  -4.39847
  144  -5.07360  -5.85526  -4.39847
  145  -1.10259  -7.66876  -4.39847
  146   3.21848  -7.04747  -4.39847
  147   6.51771  -4.18867  -4.39847
Y
-4.39847
  138   6.51771   4.18868  -4.39847
  139   3.21847   7.04748  -4.39847
  140  -1.10260   7.66876  -4.39847
  141  -5.07361   5.85525  -4.39847
  142  -7.43378   2.18275  -4.39847
  143  -7.43378  -2.18276  -4.39847
  144  -5.07360  -5.85526