
 ELIPSE:   A= 37.5493 B=  7.5493 NB = 9
   113  2.45074
    1   0.00000   0.00000  37.54930
    2   3.25349   0.00000  33.88333
    3  -0.00000   3.25349  33.88333
    4  -3.25349  -0.00000  33.88333
    5   0.00000  -3.25349  33.88333
    6   4.74291   0.00000  29.21362
    7   2.37144   4.10746  29.21362
    8  -2.37145   4.10746  29.21362
    9  -4.74290  -0.00000  29.21362
   10  -2.37144  -4.10746  29.21362
   11   2.37144  -4.10746  29.21362
   12   5.73584   0.00000  24.41377
   13   3.57622   4.48444  24.41377
   14  -1.27634   5.59201  24.41377
   15  -5.16779   2.48867  24.41377
   16  -5.16779  -2.48868  24.41377
   17  -1.27633  -5.59201  24.41377
   18   3.57623  -4.48443  24.41377
   19   6.44372   0.00000  19.56368
   20   4.55638   4.55638  19.56368
   21  -0.00001   6.44372  19.56368
   22  -4.55638   4.55638  19.56368
   23  -6.44372  -0.00001  19.56368
   24  -4.55637  -4.55639  19.56368
   25   0.00001  -6.44372  19.56368
   26   4.55639  -4.55637  19.56368
   27   6.94778   0.00000  14.68819
   28   4.91281   4.91281  14.68819
   29  -0.00001   6.94778  14.68819
   30  -4.91281   4.91280  14.68819
   31  -6.94778  -0.00001  14.68819
   32  -4.91280  -4.91281  14.68819
   33   0.00001  -6.94778  14.68819
   34   4.91281  -4.91280  14.68819
   35   7.28776   0.00000   9.79851
   36   5.58273   4.68447   9.79851
   37   1.26550   7.17702   9.79851
   38  -3.64387   6.31136   9.79851
   39  -6.84823   2.49254   9.79851
   40  -6.84823  -2.49256   9.79851
   41  -3.64386  -6.31137   9.79851
   42   1.26551  -7.17702   9.79851
   43   5.58273  -4.68446   9.79851
   44   7.48475   0.00000   4.90099
   45   5.73363   4.81109   4.90100
   46   1.29970   7.37102   4.90100
   47  -3.74237   6.48195   4.90099
   48  -7.03334   2.55992   4.90099
   49  -7.03333  -2.55994   4.90099
   50  -3.74235  -6.48196   4.90099
   51   1.29971  -7.37101   4.90100
   52   5.73363  -4.81108   4.90099
   53   7.54933   0.00000  -0.00006
   54   5.78310   4.85260  -0.00006
   55   1.31092   7.43462  -0.00006
   56  -3.77466   6.53788  -0.00006
   57  -7.09403   2.58201  -0.00006
   58  -7.09402  -2.58202  -0.00006
   59  -3.77464  -6.53789  -0.00006
   60   1.31093  -7.43461  -0.00006
   61   5.78311  -4.85259  -0.00006
   62   0.00000   0.00000 -37.54930
   63   3.25349   0.00000 -33.88332
   64  -0.00000   3.25349 -33.88332
   65  -3.25349  -0.00000 -33.88332
   66   0.00000  -3.25349 -33.88332
   67   4.74291   0.00000 -29.21362
   68   2.37144   4.10746 -29.21362
   69  -2.37145   4.10746 -29.21362
   70  -4.74290  -0.00000 -29.21362
   71  -2.37144  -4.10746 -29.21362
   72   2.37144  -4.10746 -29.21362
   73   5.73584   0.00000 -24.41377
   74   3.57622   4.48444 -24.41377
   75  -1.27634   5.59201 -24.41377
   76  -5.16779   2.48867 -24.41377
   77  -5.16779  -2.48868 -24.41377
   78  -1.27633  -5.59201 -24.41377
   79   3.57623  -4.48443 -24.41377
   80   6.44372   0.00000 -19.56367
   81   4.55638   4.55638 -19.56367
   82  -0.00001   6.44372 -19.56367
   83  -4.55638   4.55638 -19.56367
   84  -6.44372  -0.00001 -19.56367
   85  -4.55637  -4.55639 -19.56367
   86   0.00001  -6.44372 -19.56367
   87   4.55639  -4.55637 -19.56367
   88   6.94778   0.00000 -14.68818
   89   4.91281   4.91281 -14.68818
   90  -0.00001   6.94778 -14.68818
   91  -4.91281   4.91280 -14.68818
   92  -6.94778  -0.00001 -14.68818
   93  -4.91280  -4.91281 -14.68818
   94   0.00001  -6.94778 -14.68818
   95   4.91281  -4.91280 -14.68818
   96   7.28776   0.00000  -9.79851
   97   5.58273   4.68446  -9.79851
   98   1.26550   7.17702  -9.79851
   99  -3.64387   6.31136  -9.79851
  100  -6.84823   2.49254  -9.79851
  101  -6.84823  -2.49256  -9.79851
  102  -3.64386  -6.31137  -9.79851
  103   1.26551  -7.17702  -9.79851
  104   5.58273  -4.68446  -9.79851
  105   7.48475   0.00000  -4.90099
  106   5.73363   4.81109  -4.90099
  107   1.29970   7.37102  -4.90099
  108  -3.74237   6.48195  -4.90099
  109  -7.03334   2.55992  -4.90099
  110  -7.03333  -2.55994  -4.90099
  111  -3.74235  -6.48196  -4.90099
  112   1.29971  -7.37101  -4.90099
  113   5.73363  -4.81108  -4.90099
N
0,0,0
1
  104   5.58273  -4.68446  -9.79851
  105   7.48475   0.00000  -4.90099
  106   5.73363   4.81109  -4.90099
  107   1.29970   7.37102  -4.90099
  108  -3.74237   6.48195  -4.90099
  109  -7.03334   2.55992  -4.90099
  110  -7.03333  -2.55994  -4.90099
  111  -3.74235  -6.48196  -4.90099
  112   1.29971  -7.37101  -4.90099
  113   5.73363  -4.8