
 ELIPSE:   A= 38.1746 B=  8.1746 NB = 12
   228  1.82542
    1   0.00000   0.00000  38.17460
    2   2.81155   0.00000  35.84568
    3  -0.00000   2.81155  35.84569
    4  -2.81155  -0.00000  35.84568
    5   0.00000  -2.81155  35.84569
    6   4.28631   0.00000  32.50596
    7   2.67246   3.35116  32.50596
    8  -0.95379   4.17883  32.50596
    9  -3.86182   1.85975  32.50596
   10  -3.86181  -1.85976  32.50596
   11  -0.95379  -4.17883  32.50596
   12   2.67247  -3.35115  32.50596
   13   5.31528   0.00000  29.00312
   14   4.07172   3.41658  29.00312
   15   0.92298   5.23451  29.00312
   16  -2.65763   4.60315  29.00312
   17  -4.99471   1.81792  29.00312
   18  -4.99471  -1.81793  29.00312
   19  -2.65762  -4.60315  29.00312
   20   0.92299  -5.23451  29.00312
   21   4.07173  -3.41658  29.00312
   22   6.09552   0.00000  25.43663
   23   4.93136   3.58284  25.43663
   24   1.88361   5.79716  25.43663
   25  -1.88362   5.79716  25.43663
   26  -4.93136   3.58284  25.43663
   27  -6.09552  -0.00001  25.43663
   28  -4.93136  -3.58285  25.43663
   29  -1.88361  -5.79716  25.43663
   30   1.88362  -5.79716  25.43663
   31   4.93137  -3.58283  25.43663
   32   6.70510   0.00000  21.83704
   33   5.64067   3.62504  21.83704
   34   2.78539   6.09915  21.83704
   35  -0.95423   6.63683  21.83704
   36  -4.39089   5.06735  21.83704
   37  -6.43347   1.88903  21.83704
   38  -6.43347  -1.88905  21.83704
   39  -4.39088  -5.06736  21.83704
   40  -0.95422  -6.63683  21.83704
   41   2.78539  -6.09915  21.83704
   42   5.64067  -3.62503  21.83704
   43   7.18373   0.00000  18.21771
   44   6.22127   3.59185  18.21771
   45   3.59185   6.22127  18.21771
   46  -0.00001   7.18373  18.21771
   47  -3.59185   6.22127  18.21770
   48  -6.22127   3.59185  18.21771
   49  -7.18373   0.00000  18.21771
   50  -6.22127  -3.59185  18.21771
   51  -3.59185  -6.22127  18.21771
   52   0.00000  -7.18373  18.21771
   53   3.59185  -6.22127  18.21771
   54   6.22127  -3.59185  18.21771
   55   7.55442   0.00000  14.58573
   56   6.68908   3.51070  14.58573
   57   4.29138   6.21714  14.58573
   58   0.91058   7.49932  14.58573
   59  -2.67882   7.06348  14.58573
   60  -5.65454   5.00949  14.58573
   61  -7.33488   1.80788  14.58573
   62  -7.33487  -1.80789  14.58573
   63  -5.65454  -5.00949  14.58573
   64  -2.67882  -7.06348  14.58573
   65   0.91058  -7.49932  14.58573
   66   4.29139  -6.21713  14.58573
   67   6.68908  -3.51069  14.58573
   68   7.83141   0.00000  10.94542
   69   6.93435   3.63943  10.94541
   70   4.44873   6.44511  10.94542
   71   0.94397   7.77430  10.94541
   72  -2.77704   7.32247  10.94542
   73  -5.86188   5.19317  10.94542
   74  -7.60382   1.87417  10.94541
   75  -7.60382  -1.87418  10.94542
   76  -5.86187  -5.19317  10.94542
   77  -2.77704  -7.32248  10.94542
   78   0.94397  -7.77430  10.94541
   79   4.44874  -6.44510  10.94542
   80   6.93435  -3.63941  10.94541
   81   8.02379   0.00000   7.29965
   82   7.10469   3.72883   7.29964
   83   4.55801   6.60343   7.29964
   84   0.96715   7.96527   7.29964
   85  -2.84526   7.50235   7.29965
   86  -6.00587   5.32074   7.29964
   87  -7.79061   1.92021   7.29964
   88  -7.79061  -1.92022   7.29965
   89  -6.00587  -5.32074   7.29964
   90  -2.84526  -7.50235   7.29964
   91   0.96716  -7.96527   7.29964
   92   4.55802  -6.60342   7.29964
   93   7.10469  -3.72881   7.29965
   94   8.13717   0.00000   3.65056
   95   7.33131   3.53057   3.65056
   96   5.07342   6.36187   3.65056
   97   1.81068   7.93313   3.65056
   98  -1.81069   7.93313   3.65056
   99  -5.07343   6.36187   3.65056
  100  -7.33131   3.53057   3.65056
  101  -8.13717  -0.00001   3.65056
  102  -7.33130  -3.53058   3.65056
  103  -5.07342  -6.36187   3.65056
  104  -1.81068  -7.93313   3.65056
  105   1.81069  -7.93313   3.65056
  106   5.07344  -6.36186   3.65056
  107   7.33132  -3.53056   3.65056
  108   8.17463   0.00000  -0.00008
  109   7.36506   3.54683  -0.00008
  110   5.09678   6.39116  -0.00008
  111   1.81902   7.96965  -0.00008
  112  -1.81902   7.96965  -0.00008
  113  -5.09678   6.39116  -0.00008
  114  -7.36506   3.54682  -0.00008
  115  -8.17463  -0.00001  -0.00008
  116  -7.36506  -3.54683  -0.00008
  117  -5.09678  -6.39116  -0.00008
  118  -1.81901  -7.96965  -0.00008
  119   1.81902  -7.96965  -0.00008
  120   5.09679  -6.39115  -0.00008
  121   7.36507  -3.54681  -0.00008
  122   0.00000   0.00000 -38.17460
  123   2.81155   0.00000 -35.84567
  124  -0.00000   2.81155 -35.84567
  125  -2.81155  -0.00000 -35.84568
  126   0.00000  -2.81155 -35.84567
  127   4.28631   0.00000 -32.50596
  128   2.67246   3.35116 -32.50595
  129  -0.95379   4.17883 -32.50596
  130  -3.86182   1.85975 -32.50595
  131  -3.86181  -1.85976 -32.50595
  132  -0.95379  -4.17883 -32.50595
  133   2.67247  -3.35115 -32.50595
  134   5.31528   0.00000 -29.00312
  135   4.07172   3.41658 -29.00312
  136   0.92298   5.23451 -29.00312
  137  -2.65763   4.60315 -29.00312
  138  -4.99471   1.81792 -29.00312
  139  -4.99471  -1.81793 -29.00312
  140  -2.65762  -4.60315 -29.00312
  141   0.92299  -5.23451 -29.00312
  142   4.07173  -3.41658 -29.00312
  143   6.09552   0.00000 -25.43663
  144   4.93136   3.58284 -25.43663
  145   1.88361   5.79716 -25.43663
  146  -1.88362   5.79716 -25.43662
  147  -4.93136   3.58284 -25.43662
  148  -6.09552  -0.00001 -25.43663
  149  -4.93136  -3.58285 -25.43662
  150  -1.88361  -5.79716 -25.43663
  151   1.88362  -5.79716 -25.43662
  152   4.93137  -3.58283 -25.43662
  153   6.70510   0.00000 -21.83703
  154   5.64067   3.62504 -21.83703
  155   2.78539   6.09915 -21.83704
  156  -0.95423   6.63683 -21.83703
  157  -4.39089   5.06735 -21.83703
  158  -6.43347   1.88903 -21.83703
  159  -6.43347  -1.88905 -21.83703
  160  -4.39088  -5.06736 -21.83704
  161  -0.95422  -6.63683 -21.83704
  162   2.78539  -6.09915 -21.83703
  163   5.64067  -3.62503 -21.83703
  164   7.18373   0.00000 -18.21770
  165   6.22127   3.59185 -18.21770
  166   3.59185   6.22127 -18.21770
  167  -0.00001   7.18373 -18.21770
  168  -3.59185   6.22127 -18.21770
  169  -6.22127   3.59185 -18.21770
  170  -7.18373   0.00000 -18.21770
  171  -6.22127  -3.59185 -18.21770
  172  -3.59185  -6.22127 -18.21770
  173   0.00000  -7.18373 -18.21770
  174   3.59185  -6.22127 -18.21770
  175   6.22127  -3.59185 -18.21770
  176   7.55442   0.00000 -14.58573
  177   6.68908   3.51070 -14.58573
  178   4.29138   6.21714 -14.58573
  179   0.91058   7.49932 -14.58573
  180  -2.67882   7.06348 -14.58573
  181  -5.65454   5.00949 -14.58573
  182  -7.33488   1.80788 -14.58573
  183  -7.33487  -1.80789 -14.58573
  184  -5.65454  -5.00949 -14.58573
  185  -2.67882  -7.06348 -14.58573
  186   0.91058  -7.49932 -14.58573
  187   4.29139  -6.21713 -14.58573
  188   6.68908  -3.51069 -14.58573
  189   7.83141   0.00000 -10.94541
  190   6.93435   3.63943 -10.94541
  191   4.44873   6.44510 -10.94541
  192   0.94397   7.77430 -10.94541
  193  -2.77704   7.32247 -10.94541
  194  -5.86188   5.19317 -10.94541
  195  -7.60382   1.87417 -10.94541
  196  -7.60382  -1.87418 -10.94541
  197  -5.86187  -5.19317 -10.94541
  198  -2.77704  -7.32248 -10.94541
  199   0.94397  -7.77430 -10.94541
  200   4.44874  -6.44510 -10.94541
  201   6.93435  -3.63941 -10.94541
  202   8.02379   0.00000  -7.29964
  203   7.10469   3.72883  -7.29964
  204   4.55801   6.60343  -7.29964
  205   0.96715   7.96527  -7.29964
  206  -2.84526   7.50235  -7.29964
  207  -6.00587   5.32074  -7.29964
  208  -7.79061   1.92021  -7.29964
  209  -7.79061  -1.92022  -7.29964
  210  -6.00587  -5.32074  -7.29964
  211  -2.84526  -7.50235  -7.29964
  212   0.96716  -7.96527  -7.29964
  213   4.55802  -6.60342  -7.29964
  214   7.10469  -3.72881  -7.29964
  215   8.13717   0.00000  -3.65056
  216   7.33131   3.53057  -3.65056
  217   5.07342   6.36187  -3.65056
  218   1.81068   7.93313  -3.65056
  219  -1.81069   7.93313  -3.65056
  220  -5.07342   6.36187  -3.65056
  221  -7.33131   3.53057  -3.65056
  222  -8.13717  -0.00001  -3.65056
  223  -7.33130  -3.53058  -3.65056
  224  -5.07342  -6.36187  -3.65056
  225  -1.81068  -7.93313  -3.65056
  226   1.81069  -7.93313  -3.65056
  227   5.07344  -6.36186  -3.65056
  228   7.33132  -3.53056  -3.65056
Y
-3.65056
  219  -1.81069   7.93313  -3.65056
  220  -5.07342   6.36187  -3.65056
  221  -7.33131   3.53057  -3.65056
  222  -8.13717  -0.00001  -3.65056
  223  -7.33130  -3.53058  -3.65056
  224  -5.07342  -6.36187  -3.65056
  225  -1.81068  -7.93313  -3.65056
  226   1.81069  -7.93313  -3.65056
  227   5.07344  -6.36186 