
 ELIPSE:   A= 38.4397 B=  8.4397 NB=14
   324  1.56025
    1   0.00000   0.00000  38.43970
    2   2.55073   0.00000  36.64210
    3   0.78821   2.42588  36.64209
    4  -2.06357   1.49927  36.64209
    5  -2.06357  -1.49927  36.64210
    6   0.78821  -2.42588  36.64209
    7   3.98977   0.00000  33.87321
    8   2.82118   2.82119  33.87321
    9  -0.00000   3.98977  33.87321
   10  -2.82119   2.82118  33.87321
   11  -3.98977  -0.00000  33.87321
   12  -2.82118  -2.82119  33.87321
   13   0.00001  -3.98977  33.87321
   14   2.82119  -2.82118  33.87321
   15   5.01269   0.00000  30.92512
   16   4.05534   2.94637  30.92512
   17   1.54900   4.76733  30.92512
   18  -1.54900   4.76734  30.92512
   19  -4.05534   2.94637  30.92512
   20  -5.01269  -0.00000  30.92512
   21  -4.05533  -2.94638  30.92512
   22  -1.54900  -4.76734  30.92512
   23   1.54901  -4.76733  30.92512
   24   4.05534  -2.94637  30.92512
   25   5.80410   0.00000  27.90664
   26   4.88270   3.13792  27.90664
   27   2.41110   5.27957  27.90664
   28  -0.82600   5.74500  27.90664
   29  -3.80086   4.38643  27.90664
   30  -5.56897   1.63519  27.90664
   31  -5.56897  -1.63520  27.90664
   32  -3.80085  -4.38643  27.90664
   33  -0.82600  -5.74501  27.90664
   34   2.41111  -5.27957  27.90664
   35   4.88270  -3.13791  27.90664
   36   6.43877   0.00000  24.85135
   37   5.57612   3.21938  24.85135
   38   3.21937   5.57612  24.85135
   39  -0.00001   6.43877  24.85135
   40  -3.21938   5.57612  24.85135
   41  -5.57612   3.21937  24.85136
   42  -6.43877   0.00000  24.85135
   43  -5.57612  -3.21938  24.85135
   44  -3.21937  -5.57612  24.85135
   45   0.00000  -6.43877  24.85136
   46   3.21937  -5.57612  24.85135
   47   5.57612  -3.21937  24.85136
   48   6.95520   0.00000  21.77387
   49   6.26639   3.01774  21.77388
   50   4.33648   5.43777  21.77387
   51   1.54767   6.78079  21.77388
   52  -1.54767   6.78079  21.77388
   53  -4.33648   5.43777  21.77387
   54  -6.26639   3.01773  21.77387
   55  -6.95519  -0.00001  21.77388
   56  -6.26639  -3.01774  21.77388
   57  -4.33647  -5.43777  21.77387
   58  -1.54766  -6.78079  21.77387
   59   1.54768  -6.78079  21.77388
   60   4.33649  -5.43776  21.77388
   61   6.26640  -3.01772  21.77387
   62   7.37596   0.00000  18.68186
   63   6.64548   3.20030  18.68186
   64   4.59882   5.76674  18.68186
   65   1.64130   7.19100  18.68186
   66  -1.64130   7.19101  18.68186
   67  -4.59882   5.76673  18.68186
   68  -6.64549   3.20029  18.68186
   69  -7.37596  -0.00001  18.68186
   70  -6.64548  -3.20030  18.68186
   71  -4.59881  -5.76674  18.68187
   72  -1.64129  -7.19101  18.68187
   73   1.64130  -7.19100  18.68186
   74   4.59883  -5.76673  18.68187
   75   6.64549  -3.20028  18.68186
   76   7.71544   0.00000  15.57988
   77   7.04838   3.13814  15.57988
   78   5.16262   5.73367  15.57988
   79   2.38419   7.33779  15.57988
   80  -0.80649   7.67316  15.57988
   81  -3.85771   6.68174  15.57988
   82  -6.24190   4.53500  15.57988
   83  -7.54682   1.60412  15.57988
   84  -7.54682  -1.60413  15.57988
   85  -6.24190  -4.53501  15.57988
   86  -3.85770  -6.68174  15.57988
   87  -0.80648  -7.67316  15.57988
   88   2.38420  -7.33779  15.57988
   89   5.16263  -5.73366  15.57988
   90   7.04839  -3.13812  15.57988
   91   7.98323   0.00000  12.47088
   92   7.37552   3.05504  12.47088
   93   5.64498   5.64498  12.47088
   94   3.05504   7.37552  12.47088
   95  -0.00001   7.98323  12.47088
   96  -3.05504   7.37552  12.47088
   97  -5.64498   5.64497  12.47088
   98  -7.37552   3.05503  12.47088
   99  -7.98323  -0.00001  12.47088
  100  -7.37551  -3.05505  12.47088
  101  -5.64497  -5.64498  12.47088
  102  -3.05503  -7.37552  12.47088
  103   0.00001  -7.98323  12.47088
  104   3.05505  -7.37551  12.47088
  105   5.64499  -5.64497  12.47088
  106   7.37552  -3.05503  12.47088
  107   8.18587   0.00000   9.35696
  108   7.56274   3.13259   9.35696
  109   5.78827   5.78827   9.35696
  110   3.13258   7.56273   9.35696
  111  -0.00001   8.18587   9.35696
  112  -3.13259   7.56273   9.35696
  113  -5.78827   5.78826   9.35696
  114  -7.56274   3.13258   9.35696
  115  -8.18587  -0.00001   9.35696
  116  -7.56273  -3.13260   9.35696
  117  -5.78826  -5.78827   9.35696
  118  -3.13258  -7.56274   9.35696
  119   0.00001  -8.18587   9.35696
  120   3.13260  -7.56273   9.35696
  121   5.78828  -5.78826   9.35696
  122   7.56274  -3.13257   9.35696
  123   8.32780   0.00000   6.23968
  124   7.69386   3.18690   6.23968
  125   5.88862   5.88862   6.23968
  126   3.18690   7.69386   6.23968
  127  -0.00001   8.32780   6.23968
  128  -3.18690   7.69386   6.23968
  129  -5.88863   5.88862   6.23968
  130  -7.69386   3.18689   6.23968
  131  -8.32780  -0.00001   6.23968
  132  -7.69385  -3.18691   6.23968
  133  -5.88861  -5.88863   6.23968
  134  -3.18689  -7.69386   6.23968
  135   0.00001  -8.32780   6.23968
  136   3.18691  -7.69385   6.23968
  137   5.88863  -5.88861   6.23968
  138   7.69386  -3.18689   6.23968
  139   8.41188   0.00000   3.12031
  140   7.77154   3.21908   3.12031
  141   5.94807   5.94808   3.12031
  142   3.21907   7.77154   3.12031
  143  -0.00001   8.41188   3.12031
  144  -3.21908   7.77154   3.12031
  145  -5.94808   5.94807   3.12031
  146  -7.77154   3.21907   3.12031
  147  -8.41188  -0.00001   3.12031
  148  -7.77153  -3.21909   3.12031
  149  -5.94807  -5.94808   3.12031
  150  -3.21907  -7.77154   3.12031
  151   0.00001  -8.41188   3.12031
  152   3.21909  -7.77153   3.12031
  153   5.94808  -5.94807   3.12031
  154   7.77154  -3.21906   3.12031
  155   8.43973   0.00000  -0.00008
  156   7.79727   3.22973  -0.00008
  157   5.96777   5.96777  -0.00008
  158   3.22973   7.79727  -0.00008
  159  -0.00001   8.43973  -0.00008
  160  -3.22974   7.79727  -0.00008
  161  -5.96777   5.96777  -0.00008
  162  -7.79727   3.22973  -0.00008
  163  -8.43973  -0.00001  -0.00008
  164  -7.79726  -3.22975  -0.00008
  165  -5.96776  -5.96778  -0.00008
  166  -3.22973  -7.79727  -0.00008
  167   0.00001  -8.43973  -0.00008
  168   3.22975  -7.79726  -0.00008
  169   5.96778  -5.96776  -0.00008
  170   7.79727  -3.22972  -0.00008
  171   0.00000   0.00000 -38.43970
  172   2.55073   0.00000 -36.64208
  173   0.78821   2.42588 -36.64209
  174  -2.06357   1.49927 -36.64208
  175  -2.06357  -1.49927 -36.64209
  176   0.78821  -2.42588 -36.64208
  177   3.98977   0.00000 -33.87320
  178   2.82118   2.82119 -33.87320
  179  -0.00000   3.98977 -33.87320
  180  -2.82119   2.82118 -33.87320
  181  -3.98977  -0.00000 -33.87320
  182  -2.82118  -2.82119 -33.87321
  183   0.00001  -3.98977 -33.87321
  184   2.82119  -2.82118 -33.87320
  185   5.01269   0.00000 -30.92512
  186   4.05534   2.94637 -30.92512
  187   1.54900   4.76733 -30.92512
  188  -1.54900   4.76734 -30.92512
  189  -4.05534   2.94637 -30.92512
  190  -5.01269  -0.00000 -30.92512
  191  -4.05533  -2.94638 -30.92512
  192  -1.54900  -4.76734 -30.92512
  193   1.54901  -4.76733 -30.92512
  194   4.05534  -2.94637 -30.92512
  195   5.80410   0.00000 -27.90663
  196   4.88270   3.13792 -27.90663
  197   2.41110   5.27957 -27.90663
  198  -0.82600   5.74500 -27.90663
  199  -3.80086   4.38643 -27.90663
  200  -5.56897   1.63519 -27.90663
  201  -5.56897  -1.63520 -27.90663
  202  -3.80085  -4.38643 -27.90663
  203  -0.82600  -5.74501 -27.90663
  204   2.41111  -5.27957 -27.90664
  205   4.88270  -3.13791 -27.90663
  206   6.43877   0.00000 -24.85135
  207   5.57612   3.21938 -24.85135
  208   3.21937   5.57612 -24.85135
  209  -0.00001   6.43877 -24.85135
  210  -3.21938   5.57612 -24.85135
  211  -5.57612   3.21937 -24.85135
  212  -6.43877   0.00000 -24.85135
  213  -5.57612  -3.21938 -24.85135
  214  -3.21937  -5.57612 -24.85135
  215   0.00000  -6.43877 -24.85135
  216   3.21937  -5.57612 -24.85135
  217   5.57612  -3.21937 -24.85135
  218   6.95519   0.00000 -21.77387
  219   6.26639   3.01774 -21.77387
  220   4.33648   5.43777 -21.77387
  221   1.54767   6.78079 -21.77387
  222  -1.54767   6.78079 -21.77387
  223  -4.33648   5.43777 -21.77387
  224  -6.26639   3.01773 -21.77387
  225  -6.95519  -0.00001 -21.77387
  226  -6.26639  -3.01774 -21.77387
  227  -4.33647  -5.43777 -21.77387
  228  -1.54766  -6.78079 -21.77387
  229   1.54768  -6.78079 -21.77387
  230   4.33649  -5.43776 -21.77387
  231   6.26640  -3.01772 -21.77387
  232   7.37596   0.00000 -18.68186
  233   6.64548   3.20030 -18.68186
  234   4.59882   5.76674 -18.68186
  235   1.64130   7.19101 -18.68186
  236  -1.64130   7.19100 -18.68186
  237  -4.59882   5.76673 -18.68186
  238  -6.64549   3.20029 -18.68186
  239  -7.37596  -0.00001 -18.68186
  240  -6.64548  -3.20030 -18.68186
  241  -4.59881  -5.76674 -18.68186
  242  -1.64129  -7.19101 -18.68186
  243   1.64130  -7.19100 -18.68186
  244   4.59883  -5.76673 -18.68186
  245   6.64549  -3.20028 -18.68186
  246   7.71544   0.00000 -15.57988
  247   7.04838   3.13814 -15.57988
  248   5.16262   5.73367 -15.57988
  249   2.38419   7.33779 -15.57987
  250  -0.80649   7.67316 -15.57987
  251  -3.85771   6.68174 -15.57987
  252  -6.24190   4.53500 -15.57987
  253  -7.54682   1.60412 -15.57987
  254  -7.54682  -1.60413 -15.57988
  255  -6.24190  -4.53501 -15.57987
  256  -3.85770  -6.68174 -15.57987
  257  -0.80648  -7.67316 -15.57987
  258   2.38420  -7.33779 -15.57987
  259   5.16263  -5.73366 -15.57987
  260   7.04839  -3.13812 -15.57988
  261   7.98323   0.00000 -12.47088
  262   7.37552   3.05504 -12.47088
  263   5.64498   5.64498 -12.47088
  264   3.05504   7.37552 -12.47088
  265  -0.00001   7.98323 -12.47088
  266  -3.05504   7.37552 -12.47088
  267  -5.64498   5.64497 -12.47088
  268  -7.37552   3.05503 -12.47088
  269  -7.98323  -0.00001 -12.47088
  270  -7.37551  -3.05505 -12.47088
  271  -5.64497  -5.64498 -12.47088
  272  -3.05503  -7.37552 -12.47088
  273   0.00001  -7.98323 -12.47088
  274   3.05505  -7.37551 -12.47088
  275   5.64499  -5.64497 -12.47088
  276   7.37552  -3.05503 -12.47088
  277   8.18587   0.00000  -9.35696
  278   7.56273   3.13259  -9.35696
  279   5.78827   5.78827  -9.35696
  280   3.13258   7.56274  -9.35696
  281  -0.00001   8.18587  -9.35696
  282  -3.13259   7.56273  -9.35696
  283  -5.78827   5.78826  -9.35696
  284  -7.56274   3.13258  -9.35696
  285  -8.18587  -0.00001  -9.35696
  286  -7.56273  -3.13260  -9.35696
  287  -5.78826  -5.78827  -9.35696
  288  -3.13258  -7.56274  -9.35696
  289   0.00001  -8.18587  -9.35696
  290   3.13260  -7.56273  -9.35696
  291   5.78828  -5.78826  -9.35696
  292   7.56274  -3.13257  -9.35696
  293   8.32780   0.00000  -6.23968
  294   7.69386   3.18690  -6.23968
  295   5.88862   5.88862  -6.23968
  296   3.18690   7.69386  -6.23968
  297  -0.00001   8.32780  -6.23968
  298  -3.18690   7.69386  -6.23968
  299  -5.88863   5.88862  -6.23968
  300  -7.69386   3.18689  -6.23968
  301  -8.32780  -0.00001  -6.23968
  302  -7.69385  -3.18691  -6.23968
  303  -5.88861  -5.88863  -6.23968
  304  -3.18689  -7.69386  -6.23968
  305   0.00001  -8.32780  -6.23968
  306   3.18691  -7.69385  -6.23968
  307   5.88863  -5.88861  -6.23968
  308   7.69386  -3.18689  -6.23968
  309   8.41188   0.00000  -3.12031
  310   7.77154   3.21908  -3.12031
  311   5.94807   5.94808  -3.12031
  312   3.21907   7.77154  -3.12031
  313  -0.00001   8.41188  -3.12031
  314  -3.21908   7.77153  -3.12031
  315  -5.94808   5.94807  -3.12031
  316  -7.77154   3.21907  -3.12031
  317  -8.41188  -0.00001  -3.12031
  318  -7.77153  -3.21909  -3.12031
  319  -5.94807  -5.94808  -3.12031
  320  -3.21907  -7.77154  -3.12031
  321   0.00001  -8.41188  -3.12031
  322   3.21909  -7.77153  -3.12031
  323   5.94809  -5.94807  -3.12031
  324   7.77154  -3.21906  -3.12031
Y
-3.12031
  315  -5.94808   5.94807  -3.12031
  316  -7.77154   3.21907  -3.12031
  317  -8.41188  -0.00001  -3.12031
  318  -7.77153  -3.21909  -3.12031
  319  -5.94807  -5.94808  -3.12031
  320  -3.21907  -7.77154  -3.12031
  321 