
 ELIPSE:   A= 38.54539 B=  8.54539, NB = 15
   380  1.45462
    1   0.00000   0.00000  38.54539
    2   2.43292   0.00000  36.95021
    3   0.75181   2.31384  36.95021
    4  -1.96827   1.43003  36.95021
    5  -1.96826  -1.43003  36.95022
    6   0.75181  -2.31384  36.95021
    7   3.85083   0.00000  34.40990
    8   2.72294   2.72294  34.40990
    9  -0.00000   3.85083  34.40990
   10  -2.72294   2.72293  34.40990
   11  -3.85083  -0.00000  34.40990
   12  -2.72293  -2.72294  34.40990
   13   0.00001  -3.85083  34.40990
   14   2.72294  -2.72293  34.40990
   15   4.86669   0.00000  31.68379
   16   3.93722   2.86056  31.68379
   17   1.50388   4.62848  31.68379
   18  -1.50389   4.62848  31.68379
   19  -3.93722   2.86055  31.68379
   20  -4.86668  -0.00000  31.68378
   21  -3.93722  -2.86056  31.68379
   22  -1.50388  -4.62848  31.68378
   23   1.50389  -4.62848  31.68379
   24   3.93722  -2.86055  31.68379
   25   5.65847   0.00000  28.88437
   26   4.90036   2.82923  28.88437
   27   2.82922   4.90036  28.88437
   28  -0.00001   5.65847  28.88437
   29  -2.82923   4.90036  28.88437
   30  -4.90036   2.82922  28.88437
   31  -5.65847   0.00000  28.88437
   32  -4.90036  -2.82923  28.88437
   33  -2.82922  -4.90036  28.88437
   34   0.00000  -5.65847  28.88437
   35   2.82922  -4.90036  28.88437
   36   4.90036  -2.82922  28.88437
   37   6.29920   0.00000  26.04657
   38   5.57765   2.92737  26.04656
   39   3.57834   5.18412  26.04656
   40   0.75928   6.25326  26.04656
   41  -2.23372   5.88984  26.04657
   42  -4.71500   4.17713  26.04656
   43  -6.11614   1.50749  26.04656
   44  -6.11614  -1.50750  26.04656
   45  -4.71500  -4.17713  26.04656
   46  -2.23371  -5.88984  26.04656
   47   0.75928  -6.25326  26.04656
   48   3.57834  -5.18411  26.04656
   49   5.57765  -2.92736  26.04656
   50   6.82663   0.00000  23.18554
   51   6.15056   2.96195  23.18554
   52   4.25632   5.33726  23.18554
   53   1.51906   6.65546  23.18554
   54  -1.51907   6.65545  23.18554
   55  -4.25632   5.33725  23.18554
   56  -6.15056   2.96195  23.18554
   57  -6.82663  -0.00001  23.18554
   58  -6.15056  -2.96196  23.18554
   59  -4.25632  -5.33726  23.18554
   60  -1.51906  -6.65546  23.18554
   61   1.51907  -6.65545  23.18554
   62   4.25633  -5.33725  23.18554
   63   6.15057  -2.96194  23.18554
   64   7.26304   0.00000  20.30922
   65   6.63510   2.95414  20.30922
   66   4.85991   5.39748  20.30922
   67   2.24439   6.90754  20.30922
   68  -0.75920   7.22324  20.30922
   69  -3.63151   6.28996  20.30922
   70  -5.87590   4.26909  20.30922
   71  -7.10431   1.51006  20.30922
   72  -7.10431  -1.51007  20.30922
   73  -5.87590  -4.26909  20.30922
   74  -3.63151  -6.28996  20.30922
   75  -0.75919  -7.22324  20.30922
   76   2.24440  -6.90754  20.30922
   77   4.85992  -5.39746  20.30922
   78   6.63510  -2.95412  20.30922
   79   7.62270   0.00000  17.42230
   80   7.04243   2.91707  17.42230
   81   5.39004   5.39005  17.42230
   82   2.91707   7.04243  17.42230
   83  -0.00001   7.62270  17.42230
   84  -2.91708   7.04243  17.42230
   85  -5.39005   5.39004  17.42230
   86  -7.04244   2.91707  17.42230
   87  -7.62270  -0.00001  17.42230
   88  -7.04243  -2.91708  17.42229
   89  -5.39004  -5.39005  17.42230
   90  -2.91707  -7.04244  17.42230
   91   0.00001  -7.62270  17.42230
   92   2.91708  -7.04243  17.42229
   93   5.39005  -5.39004  17.42230
   94   7.04244  -2.91706  17.42230
   95   7.91524   0.00000  14.52780
   96   7.38071   2.85930  14.52781
   97   5.84941   5.33244  14.52781
   98   3.52811   7.08540  14.52780
   99   0.73032   7.88146  14.52780
  100  -2.16610   7.61305  14.52780
  101  -4.76998   6.31647  14.52780
  102  -6.72965   4.16681  14.52780
  103  -7.78044   1.45441  14.52780
  104  -7.78044  -1.45442  14.52780
  105  -6.72964  -4.16683  14.52780
  106  -4.76997  -6.31648  14.52780
  107  -2.16609  -7.61306  14.52780
  108   0.73034  -7.88145  14.52780
  109   3.52812  -7.08539  14.52780
  110   5.84942  -5.33243  14.52780
  111   7.38072  -2.85928  14.52780
  112   8.14733   0.00000  11.62784
  113   7.59713   2.94314  11.62784
  114   6.02093   5.48880  11.62784
  115   3.63156   7.29316  11.62784
  116   0.75174   8.11256  11.62784
  117  -2.22962   7.83629  11.62784
  118  -4.90985   6.50168  11.62784
  119  -6.92698   4.28900  11.62784
  120  -8.00858   1.49706  11.62784
  121  -8.00858  -1.49707  11.62784
  122  -6.92697  -4.28901  11.62784
  123  -4.90984  -6.50169  11.62784
  124  -2.22960  -7.83629  11.62784
  125   0.75175  -8.11256  11.62784
  126   3.63158  -7.29316  11.62784
  127   6.02094  -5.48879  11.62784
  128   7.59714  -2.94312  11.62784
  129   8.32369   0.00000   8.72395
  130   7.76158   3.00685   8.72395
  131   6.15125   5.60761   8.72395
  132   3.71017   7.45103   8.72395
  133   0.76801   8.28816   8.72395
  134  -2.27788   8.00591   8.72395
  135  -5.01613   6.64242   8.72395
  136  -7.07691   4.38183   8.72395
  137  -8.18194   1.52946   8.72395
  138  -8.18193  -1.52948   8.72395
  139  -7.07691  -4.38185   8.72395
  140  -5.01611  -6.64243   8.72395
  141  -2.27786  -8.00591   8.72395
  142   0.76802  -8.28816   8.72395
  143   3.71019  -7.45102   8.72395
  144   6.15127  -5.60759   8.72395
  145   7.76159  -3.00683   8.72396
  146   8.44755   0.00000   5.81735
  147   7.93807   2.88922   5.81735
  148   6.47117   5.42996   5.81735
  149   4.22375   7.31577   5.81735
  150   1.46689   8.31919   5.81735
  151  -1.46690   8.31919   5.81735
  152  -4.22376   7.31576   5.81735
  153  -6.47118   5.42996   5.81735
  154  -7.93807   2.88922   5.81735
  155  -8.44755  -0.00001   5.81735
  156  -7.93807  -2.88922   5.81735
  157  -6.47117  -5.42996   5.81735
  158  -4.22376  -7.31577   5.81735
  159  -1.46690  -8.31919   5.81736
  160   1.46689  -8.31919   5.81735
  161   4.22375  -7.31576   5.81735
  162   6.47117  -5.42996   5.81735
  163   7.93807  -2.88922   5.81735
  164   8.52106   0.00000   2.90905
  165   8.00715   2.91436   2.90905
  166   6.52749   5.47721   2.90905
  167   4.26051   7.37943   2.90905
  168   1.47966   8.39158   2.90905
  169  -1.47967   8.39158   2.90905
  170  -4.26052   7.37943   2.90905
  171  -6.52749   5.47721   2.90905
  172  -8.00715   2.91436   2.90905
  173  -8.52106  -0.00001   2.90905
  174  -8.00715  -2.91436   2.90905
  175  -6.52749  -5.47721   2.90905
  176  -4.26051  -7.37943   2.90905
  177  -1.47966  -8.39158   2.90905
  178   1.47966  -8.39158   2.90905
  179   4.26051  -7.37942   2.90905
  180   6.52748  -5.47721   2.90905
  181   8.00715  -2.91436   2.90905
  182   8.54543   0.00000  -0.00009
  183   8.03005   2.92270  -0.00009
  184   6.54616   5.49288  -0.00009
  185   4.27270   7.40054  -0.00009
  186   1.48389   8.41558  -0.00009
  187  -1.48390   8.41558  -0.00009
  188  -4.27271   7.40053  -0.00009
  189  -6.54616   5.49287  -0.00009
  190  -8.03005   2.92270  -0.00009
  191  -8.54543  -0.00001  -0.00009
  192  -8.03005  -2.92270  -0.00009
  193  -6.54616  -5.49288  -0.00009
  194  -4.27270  -7.40054  -0.00009
  195  -1.48389  -8.41558  -0.00009
  196   1.48389  -8.41558  -0.00009
  197   4.27270  -7.40053  -0.00009
  198   6.54615  -5.49288  -0.00009
  199   8.03005  -2.92270  -0.00009
  200   0.00000   0.00000 -38.54539
  201   2.43292   0.00000 -36.95021
  202   0.75181   2.31384 -36.95021
  203  -1.96827   1.43003 -36.95020
  204  -1.96826  -1.43003 -36.95021
  205   0.75181  -2.31384 -36.95020
  206   3.85083   0.00000 -34.40990
  207   2.72294   2.72294 -34.40989
  208  -0.00000   3.85083 -34.40989
  209  -2.72294   2.72293 -34.40989
  210  -3.85083  -0.00000 -34.40990
  211  -2.72293  -2.72294 -34.40989
  212   0.00001  -3.85083 -34.40989
  213   2.72294  -2.72293 -34.40989
  214   4.86669   0.00000 -31.68378
  215   3.93722   2.86056 -31.68378
  216   1.50388   4.62848 -31.68378
  217  -1.50389   4.62848 -31.68378
  218  -3.93722   2.86056 -31.68378
  219  -4.86668  -0.00000 -31.68378
  220  -3.93722  -2.86056 -31.68378
  221  -1.50388  -4.62848 -31.68378
  222   1.50389  -4.62848 -31.68378
  223   3.93722  -2.86055 -31.68378
  224   5.65847   0.00000 -28.88436
  225   4.90036   2.82923 -28.88436
  226   2.82922   4.90036 -28.88436
  227  -0.00001   5.65847 -28.88436
  228  -2.82923   4.90036 -28.88437
  229  -4.90036   2.82922 -28.88436
  230  -5.65847   0.00000 -28.88436
  231  -4.90036  -2.82923 -28.88436
  232  -2.82922  -4.90036 -28.88436
  233   0.00000  -5.65847 -28.88436
  234   2.82922  -4.90036 -28.88436
  235   4.90036  -2.82922 -28.88436
  236   6.29920   0.00000 -26.04656
  237   5.57765   2.92737 -26.04656
  238   3.57834   5.18412 -26.04656
  239   0.75928   6.25326 -26.04656
  240  -2.23372   5.88984 -26.04656
  241  -4.71500   4.17713 -26.04656
  242  -6.11614   1.50749 -26.04656
  243  -6.11614  -1.50750 -26.04656
  244  -4.71500  -4.17713 -26.04656
  245  -2.23371  -5.88984 -26.04656
  246   0.75928  -6.25326 -26.04656
  247   3.57834  -5.18411 -26.04656
  248   5.57765  -2.92736 -26.04656
  249   6.82663   0.00000 -23.18553
  250   6.15056   2.96195 -23.18553
  251   4.25632   5.33726 -23.18553
  252   1.51906   6.65546 -23.18553
  253  -1.51907   6.65546 -23.18553
  254  -4.25632   5.33725 -23.18553
  255  -6.15056   2.96195 -23.18553
  256  -6.82663  -0.00001 -23.18553
  257  -6.15056  -2.96196 -23.18553
  258  -4.25632  -5.33726 -23.18553
  259  -1.51906  -6.65546 -23.18553
  260   1.51907  -6.65545 -23.18553
  261   4.25633  -5.33725 -23.18554
  262   6.15057  -2.96194 -23.18554
  263   7.26304   0.00000 -20.30921
  264   6.63510   2.95414 -20.30921
  265   4.85991   5.39747 -20.30921
  266   2.24439   6.90754 -20.30922
  267  -0.75920   7.22324 -20.30921
  268  -3.63151   6.28996 -20.30921
  269  -5.87591   4.26909 -20.30921
  270  -7.10431   1.51006 -20.30921
  271  -7.10431  -1.51007 -20.30921
  272  -5.87590  -4.26909 -20.30921
  273  -3.63151  -6.28996 -20.30921
  274  -0.75919  -7.22324 -20.30921
  275   2.24440  -6.90754 -20.30921
  276   4.85992  -5.39746 -20.30921
  277   6.63510  -2.95412 -20.30921
  278   7.62270   0.00000 -17.42229
  279   7.04243   2.91707 -17.42229
  280   5.39004   5.39005 -17.42229
  281   2.91707   7.04243 -17.42229
  282  -0.00001   7.62270 -17.42229
  283  -2.91708   7.04243 -17.42229
  284  -5.39005   5.39004 -17.42229
  285  -7.04244   2.91707 -17.42229
  286  -7.62270  -0.00001 -17.42229
  287  -7.04243  -2.91708 -17.42229
  288  -5.39004  -5.39005 -17.42229
  289  -2.91707  -7.04244 -17.42229
  290   0.00001  -7.62270 -17.42229
  291   2.91708  -7.04243 -17.42229
  292   5.39005  -5.39004 -17.42229
  293   7.04244  -2.91706 -17.42229
  294   7.91524   0.00000 -14.52780
  295   7.38071   2.85930 -14.52780
  296   5.84941   5.33244 -14.52780
  297   3.52811   7.08540 -14.52780
  298   0.73032   7.88146 -14.52780
  299  -2.16610   7.61305 -14.52780
  300  -4.76998   6.31647 -14.52780
  301  -6.72965   4.16682 -14.52780
  302  -7.78044   1.45441 -14.52780
  303  -7.78044  -1.45442 -14.52780
  304  -6.72964  -4.16683 -14.52780
  305  -4.76997  -6.31648 -14.52780
  306  -2.16609  -7.61306 -14.52780
  307   0.73034  -7.88145 -14.52780
  308   3.52812  -7.08539 -14.52780
  309   5.84942  -5.33243 -14.52780
  310   7.38072  -2.85928 -14.52780
  311   8.14733   0.00000 -11.62784
  312   7.59713   2.94314 -11.62784
  313   6.02093   5.48880 -11.62784
  314   3.63156   7.29316 -11.62784
  315   0.75174   8.11256 -11.62784
  316  -2.22962   7.83629 -11.62784
  317  -4.90985   6.50168 -11.62784
  318  -6.92698   4.28900 -11.62784
  319  -8.00858   1.49706 -11.62784
  320  -8.00858  -1.49707 -11.62784
  321  -6.92697  -4.28901 -11.62784
  322  -4.90984  -6.50169 -11.62784
  323  -2.22960  -7.83629 -11.62784
  324   0.75175  -8.11256 -11.62784
  325   3.63158  -7.29316 -11.62784
  326   6.02094  -5.48879 -11.62784
  327   7.59714  -2.94312 -11.62784
  328   8.32369   0.00000  -8.72395
  329   7.76158   3.00685  -8.72395
  330   6.15125   5.60761  -8.72395
  331   3.71017   7.45103  -8.72395
  332   0.76801   8.28816  -8.72395
  333  -2.27788   8.00591  -8.72395
  334  -5.01613   6.64242  -8.72395
  335  -7.07691   4.38183  -8.72395
  336  -8.18193   1.52946  -8.72395
  337  -8.18193  -1.52948  -8.72395
  338  -7.07691  -4.38185  -8.72395
  339  -5.01611  -6.64243  -8.72395
  340  -2.27786  -8.00591  -8.72395
  341   0.76802  -8.28816  -8.72395
  342   3.71019  -7.45102  -8.72395
  343   6.15127  -5.60759  -8.72395
  344   7.76159  -3.00683  -8.72395
  345   8.44755   0.00000  -5.81735
  346   7.93807   2.88922  -5.81735
  347   6.47117   5.42996  -5.81735
  348   4.22375   7.31577  -5.81735
  349   1.46689   8.31919  -5.81735
  350  -1.46690   8.31919  -5.81735
  351  -4.22377   7.31576  -5.81735
  352  -6.47118   5.42996  -5.81735
  353  -7.93807   2.88922  -5.81735
  354  -8.44754  -0.00001  -5.81735
  355  -7.93807  -2.88922  -5.81735
  356  -6.47117  -5.42996  -5.81735
  357  -4.22376  -7.31577  -5.81735
  358  -1.46690  -8.31919  -5.81735
  359   1.46689  -8.31919  -5.81735
  360   4.22375  -7.31576  -5.81735
  361   6.47117  -5.42996  -5.81735
  362   7.93807  -2.88922  -5.81735
  363   8.52106   0.00000  -2.90905
  364   8.00715   2.91436  -2.90905
  365   6.52749   5.47721  -2.90905
  366   4.26051   7.37943  -2.90905
  367   1.47966   8.39158  -2.90905
  368  -1.47967   8.39158  -2.90905
  369  -4.26052   7.37942  -2.90905
  370  -6.52749   5.47721  -2.90905
  371  -8.00715   2.91436  -2.90905
  372  -8.52106  -0.00001  -2.90905
  373  -8.00715  -2.91436  -2.90905
  374  -6.52749  -5.47721  -2.90905
  375  -4.26051  -7.37943  -2.90905
  376  -1.47966  -8.39158  -2.90905
  377   1.47966  -8.39158  -2.90905
  378   4.26051  -7.37942  -2.90905
  379   6.52748  -5.47721  -2.90905
  380   8.00715  -2.91436  -2.90905
Y
-2.90905
  371  -8.00715   2.91436  -2.90905
  372  -8.52106  -0.00001  -2.9090