
 DISC PROPELLOR
   182  0.50000
    1     5.500     0.000     0.000
    2     6.500     0.000     0.000
    3     6.000     0.612     0.612
    4     5.000     0.612     0.612
    5     4.500    -0.000    -0.000
    6     5.000    -0.612    -0.612
    7     6.000    -0.612    -0.612
    8     7.500     0.000     0.000
    9     7.232     0.707     0.707
   10     6.500     1.225     1.225
   11     5.500     1.414     1.414
   12     4.500     1.225     1.225
   13     3.768     0.707     0.707
   14     3.500     0.000     0.000
   15     3.768    -0.707    -0.707
   16     4.500    -1.225    -1.225
   17     5.500    -1.414    -1.414
   18     6.500    -1.225    -1.225
   19     7.232    -0.707    -0.707
   20     8.500     0.000     0.000
   21     8.319     0.726     0.726
   22     7.798     1.364     1.364
   23     7.000     1.837     1.837
   24     6.021     2.089     2.089
   25     4.979     2.089     2.089
   26     4.000     1.837     1.837
   27     3.202     1.364     1.364
   28     2.681     0.726     0.726
   29     2.500    -0.000    -0.000
   30     2.681    -0.726    -0.726
   31     3.202    -1.364    -1.364
   32     4.000    -1.837    -1.837
   33     4.979    -2.089    -2.089
   34     6.021    -2.089    -2.089
   35     7.000    -1.837    -1.837
   36     7.798    -1.364    -1.364
   37     8.319    -0.726    -0.726
   38     9.500     0.000     0.000
   39     9.364     0.732     0.732
   40     8.964     1.414     1.414
   41     8.328     2.000     2.000
   42     7.500     2.449     2.449
   43     6.535     2.732     2.732
   44     5.500     2.828     2.828
   45     4.465     2.732     2.732
   46     3.500     2.449     2.449
   47     2.672     2.000     2.000
   48     2.036     1.414     1.414
   49     1.636     0.732     0.732
   50     1.500     0.000     0.000
   51     1.636    -0.732    -0.732
   52     2.036    -1.414    -1.414
   53     2.672    -2.000    -2.000
   54     3.500    -2.449    -2.449
   55     4.465    -2.732    -2.732
   56     5.500    -2.828    -2.828
   57     6.535    -2.732    -2.732
   58     7.500    -2.449    -2.449
   59     8.328    -2.000    -2.000
   60     8.964    -1.414    -1.414
   61     9.364    -0.732    -0.732
   62    10.500     0.000     0.000
   63    10.391     0.735     0.735
   64    10.068     1.438     1.438
   65     9.545     2.078     2.078
   66     8.846     2.627     2.627
   67     8.000     3.062     3.062
   68     7.045     3.362     3.362
   69     6.023     3.516     3.516
   70     4.977     3.516     3.516
   71     3.955     3.362     3.362
   72     3.000     3.062     3.062
   73     2.154     2.627     2.627
   74     1.455     2.078     2.078
   75     0.932     1.438     1.438
   76     0.609     0.735     0.735
   77     0.500    -0.000    -0.000
   78     0.609    -0.735    -0.735
   79     0.932    -1.438    -1.438
   80     1.455    -2.078    -2.078
   81     2.154    -2.627    -2.627
   82     3.000    -3.062    -3.062
   83     3.955    -3.362    -3.362
   84     4.977    -3.516    -3.516
   85     6.023    -3.516    -3.516
   86     7.045    -3.362    -3.362
   87     8.000    -3.062    -3.062
   88     8.846    -2.627    -2.627
   89     9.545    -2.078    -2.078
   90    10.068    -1.438    -1.438
   91    10.391    -0.735    -0.735
   92    -5.500     0.000     0.000
   93    -4.500     0.000     0.000
   94    -5.000     0.612    -0.612
   95    -6.000     0.612    -0.612
   96    -6.500    -0.000     0.000
   97    -6.000    -0.612     0.612
   98    -5.000    -0.612     0.612
   99    -3.500     0.000     0.000
  100    -3.768     0.707    -0.707
  101    -4.500     1.225    -1.225
  102    -5.500     1.414    -1.414
  103    -6.500     1.225    -1.225
  104    -7.232     0.707    -0.707
  105    -7.500     0.000     0.000
  106    -7.232    -0.707     0.707
  107    -6.500    -1.225     1.225
  108    -5.500    -1.414     1.414
  109    -4.500    -1.225     1.225
  110    -3.768    -0.707     0.707
  111    -2.500     0.000     0.000
  112    -2.681     0.726    -0.726
  113    -3.202     1.364    -1.364
  114    -4.000     1.837    -1.837
  115    -4.979     2.089    -2.089
  116    -6.021     2.089    -2.089
  117    -7.000     1.837    -1.837
  118    -7.798     1.364    -1.364
  119    -8.319     0.726    -0.726
  120    -8.500    -0.000     0.000
  121    -8.319    -0.726     0.726
  122    -7.798    -1.364     1.364
  123    -7.000    -1.837     1.837
  124    -6.021    -2.089     2.089
  125    -4.979    -2.089     2.089
  126    -4.000    -1.837     1.837
  127    -3.202    -1.364     1.364
  128    -2.681    -0.726     0.726
  129    -1.500     0.000     0.000
  130    -1.636     0.732    -0.732
  131    -2.036     1.414    -1.414
  132    -2.672     2.000    -2.000
  133    -3.500     2.449    -2.449
  134    -4.465     2.732    -2.732
  135    -5.500     2.828    -2.828
  136    -6.535     2.732    -2.732
  137    -7.500     2.449    -2.449
  138    -8.328     2.000    -2.000
  139    -8.964     1.414    -1.414
  140    -9.364     0.732    -0.732
  141    -9.500     0.000     0.000
  142    -9.364    -0.732     0.732
  143    -8.964    -1.414     1.414
  144    -8.328    -2.000     2.000
  145    -7.500    -2.449     2.449
  146    -6.535    -2.732     2.732
  147    -5.500    -2.828     2.828
  148    -4.465    -2.732     2.732
  149    -3.500    -2.449     2.449
  150    -2.672    -2.000     2.000
  151    -2.036    -1.414     1.414
  152    -1.636    -0.732     0.732
  153    -0.500     0.000     0.000
  154    -0.609     0.735    -0.735
  155    -0.932     1.438    -1.438
  156    -1.455     2.078    -2.078
  157    -2.154     2.627    -2.627
  158    -3.000     3.062    -3.062
  159    -3.955     3.362    -3.362
  160    -4.977     3.516    -3.516
  161    -6.023     3.516    -3.516
  162    -7.045     3.362    -3.362
  163    -8.000     3.062    -3.062
  164    -8.846     2.627    -2.627
  165    -9.545     2.078    -2.078
  166   -10.068     1.438    -1.438
  167   -10.391     0.735    -0.735
  168   -10.500    -0.000     0.000
  169   -10.391    -0.735     0.735
  170   -10.068    -1.438     1.438
  171    -9.545    -2.078     2.078
  172    -8.846    -2.627     2.627
  173    -8.000    -3.062     3.062
  174    -7.045    -3.362     3.362
  175    -6.023    -3.516     3.516
  176    -4.977    -3.516     3.516
  177    -3.955    -3.362     3.362
  178    -3.000    -3.062     3.062
  179    -2.154    -2.627     2.627
  180    -1.455    -2.078     2.078
  181    -0.932    -1.438     1.438
  182    -0.609    -0.735     0.735
N
0.,0.,0.
1
73    -8.000    -3.062     3.062
  174    -7.045    -3.362     3.362
  175    -6.023    -3.516     3.516
  176    -4.977   