 TWO THOUSAND RANDOM NUMBERS, RANGE 1-2047
 GENERATED ON CDC    FORMAT(10I5)
  614 1301  988 1611 1966 1715  690   11 1073  318
  916 1100 1805 1443 1063  598 1212 1026 1225  488
 1422 1250  583  969  175 1727  448 1970  159  442
  609  659 1957 1309  111  698  662  901 1976 1803
 1180 1173  878 1889  860  348  793 1631  886 1630
 1824 1221  742 1796 1284 1303  435 1766    8  439
 1920  605 1384  320  918 1678 1175 1014 1986 1983
 2034 1095 1868  259 1891  865  668  452 1243 1523
 1213  786 1529 1160 1977    8 1064 1094  770  651
 1322  252 1821  162 1086 1879  934   53 1286 1905
  175  270 1179 1193   19  415 1344  722  762 1384
  665  695 1738 1796 1571 1271 1109 2034 2041 1009
 1064  306  720  212  547 1780  504 1935 1494  994
 1744 1934 1987 1042  950 1826   20  675  926 1252
  355 1640 1944  252  355  238  568  290 1722 1969
  332  523  824  443  311  421 1597 1263 1320 1255
 1447 1888  371 1258  847 1056  347   96   36  563
  427  984  122  655  689 1296  690  764 1306 2019
  644  645   68 1990  281 1497  358 1149  509  807
  202 1573 1244  702 1484  532 1654  602 2012  749
  777  644 1999  454  374 1728  697  237 2047  464
  335  702 1738 1744  485 1503 1464 1766   69 1288
 1196  583   27  446   38 1028  476  402 2026 1068
 1745  930 1947 1383  300  964 1756 1490 1470  592
  581  219 1345 1817  453 1600 1172 1349 1047 1059
  654  487 2034 1434 1348  532 1960   67  378 1621
 1685  296  256  648  706  305 1548  873  282  702
  812  297 1705 1063 1112  480  622 1371  875 1065
 1595  586  424  867  867  239  753  535  862  513
  992 1667 1049   68  295   16  338 1790 1822 1721
 1283 1591  201 1643  721 1903 1274 1409 2026  622
  118 1889  252 1158  342  136  488  475  188  589
  872 1295 1558  169 1331 1141 1443 1707  466  609
  416 1638 1067 1949  667  835 1311  675  870  588
 1762  979 1480   58 1969 1745 1617  667  269 1117
  646 1581 1070 1972  579  840    2  170  766  201
 1555  615 1124  633 1823  337 1446  167  195  967
  371  302 1201 1446 1401 1692 1992  424 1468 1770
  554  741  674  488 1638  323  981 1730   39  810
 1363  814 1204 1026 1458 1367  389  107 1424 1865
 1461 1590  812  210  125 1738  124 1942 1066 1825
 1401 1802 1391  438 1766  135  769 1542  147  425
  199   81  155  945  641 1485  529 1320   19 1994
 1311 2025 1164 1854   79 1310  550 1369 1113   75
  146  362 1372 1896 1744 1452  163  621  747  143
 1673 1903 1138 1194 2004 1105  943 1340 1004  926
  109 1678  416 1032 1592   36  679  272 1820  623
 1990 1337 1211  667  324 1092 1232 1630 1903 1084
  696  108 1746  370  741 1644  780  694 1281 1309
 1042 1049  735  488  288 1786 1937 1408  334  770
 1297 1365 1571 1508 1901 1522 1039 1280  298  931
 1752 1559  552 1588 1355  618 1195 1623 1096 1028
 1217 1409  804   47 1529  591  916 1880  216 1027
  198  832  650 1552  462 1250  365  617  879 1502
  865 1658 1786  834 1937 1270 1308 1081 1187 2033
  848 1307  932 1289  978  657 1032 1047 1752  209
  265  659 2039 1292 1369 1869 1378 1091   78 1712
 1182   19 1318 1350 2025  550 1825  271  550   24
 1890  286   86 1837 1413  907 1541   84  629  865
 1422 1631 1297  460  526  507 1767 1961  970 1627
  287 1668  499   59  166  891    8 1200 1548 1107
 1872  295  119  290 1409  189  521 1561  740  147
  766  881  229 1240  747  225 1338 1969 1648  613
 1858  750  760  359  349  818  183 1182 1335  282
  400 1956  439  345 1419 1785 1875  757 1306 1132
  437  633 1744  357 1332 1502  145 2010 1608    4
  272 1896 1832  188  365  699  945  331  733  680
  229  775  474  475  184  194 1899 1814 1015  864
 1867 1963 1450  420  901  582  382  822 1750 1850
  287  885 1977  694 1212  870 1758  822 1249 2020
  831 1998 1794 1288  209 1056  734 1865  229  125
  359  521 1553  658 1151  241  510 1147  468  630
   31 1272 1571 1554  774  820 1718 1467 1696  957
 1300  348  615  929 2000  636 1213  916 1969  179
  909  322  631 1009  999  767 1538  921 1823 1186
 1173  281  759 1764 1131 1713 1262  217  958  101
 1810  413  667  878 1270  919 1172  471 1738  102
 1632  783  610  609  699  490   76 1234 1145 1217
 1639 1472  656  241  136  614  226  146   89  568
  968 1262  907 1057 1218  990 1324 1770 1831 1854
 1397  574  339 1932  591  766  341  978 1954 1597
 1510 1368 1648 1240  517 1274 1777  414  582 1881
 1678  365   78 1327 1577  906 1929  923 1619 1506
 1127 1936  720  532 1683 1439  143  768  668   46
  750 1386 1581  100 1864 2014 1157 1674 1920 1508
  512 1395  653  105  868 1813  382  363   58   43
  522 1140  394  960 1704  345 1306  149 1778 1294
  162   33 1909 1921  536 1445  683    9 1974  743
  198 1961  486 1226  574 1183 1464 1234  547  605
  732  902 1906   73 1101 1185 1168 1677 1793 1923
 1534 2026  675 1995 1598  273  833  665 1567 1933
  241  309 1169  950 1751  494 1413  527  869  354
   37  280  134  590 1079  546 1543 1791 1478 1836
  139 1937 1265 1838  843  767  880 2013 1230  487
 1779  682  967  203  448 1486   55  396  821 1459
 1970  374   85  751 1692   95 1918  668  410   40
 1786 1792 1045  169 1962  870 1504 1633 1426 1531
  287  292   20 1058  863 2022  510  175 1100   79
  998 1868 1958  192 1398 1443 1755  974 1709  596
 1089  715  503 1231  736 1157  612  402  588 1243
 1192 1637   80 1268  460 1294 1719  695  854  877
  384 1309  676  652  902  924  334 1695   84 1589
 1049 1387  328 1082  806 1135  705   33  866  507
    2  381  308  733 1950  922  861   17 1992  730
 1453 1080 1141 1463  902 1957 1835 1309 1428  910
  323 1139 1934  619  150  527  764 1586  173 1923
  619 1653 1998 1460  792  823  428 1492 1659 2030
 1416 1830 1046  122  782 1463   29  819  315  368
 1217 1109  443 1212  192 1165   36   42  828  953
   37 1006 1585 2041 1146  998   78 1535 1960 1577
 1193  378  197  992  526  600 1089 2029  461 1418
  325 1200  701 1643 1864  786  912  344   73 1816
   30  549 1927 1135 1940  928  599 1641  912  642
  851 1675 1650  242 1005  844 1166  912 1243  541
  507  352 1208 1545 1391  398  344 1048 1595  426
  753  721 1372  418  312  202  708 1793 1448  737
  718 1080  483 1119 1159  685 1453 1695 1798 1469
  286  798   35  476  703 1859 1325 1506 1689 1615
  355 1563 1450  478 1810  607  434 1737 1606 1006
 2028  505 1431 1932 1994  739  696 1844 1648 1877
 1073 2034  823  859 1482    1 1780  178 1290  865
  811  419  508 1728 1686 1241 1673 1752  625  492
 2004  909 1027  893  848    2 1369 1012 1231  692
  195  223  722  449 1700 1963   83 1913  769  377
  775  699 1973 1386 1304 1618 1085 1615  736  905
  450 1396 1830  216  317 1747  345 1984 1098 1842
 1359 2000 1175  694 1603  918  109 1684  176  707
 1813 1080   32 1928  345 1204 1422  174   62  770
 1422 1022 1902  212 1678  630 1342 2008  262  119
 1568 1933 1545 1498 1374  720  755 1143 1087 2027
  247 1727  317   22   63  997  654  262  907 1214
 1249  654  718 1347 1607 1662  384 1018 1226   22
 1415 1453  880 1826  670  612  785  111 1724 1322
 1645 1739 2003 1434  928 1580  517 1384 1230  874
 1528  442 1416  106 1509 1459  666 1298  247 1662
  880 1126  416   98 1026  394 1236 1588 1549 1877
 1302  174  719 1529  475  282  403  842 1664  893
  821 1006 1483 1997  509 1351  327  557 1396  747
 1458  159  526 1760 1354 1048 2013 1146  728 1437
 1497  853 1844  544  119 1699  195 1097  922 1579
  182 1817 1514 1906  810 1050 1193  214  674  156
 1240 1037   91 1498 1088 1341  819 1344  294 1739
 1874 1066  707 1095 2040 2042  599  378  109 1156
  570  501 1302  984 1665  995 1151   31  930 1003
  706 2031  199  630 1933 1350 1189  912 1566  252
 1766 1506  868  957  611  601  970 1204 1211  562
  481  487 1975 1323  198  624 1318  719 1887 1146
 1177  764  346 1383 1324  201  944 1972   11  859
 1569 1613  180  375  649 1788 1789  706 1106 1217
 1957 1378 1053 1814  170 1265  211 1163 1721  604
  851 1807  948  259 1196 1859  176 1888  195 1320
 1908 1810 1477  150  821 1460   71 1830  448 1234
   12  500 1547  191  712  108  893 1214  321  514
  957 1185 1674 1160 1335  710 1291 1240   95  949
 1534  441  263  493 1797  906 1411  966 2003 1355
 2026 1897 1473 1084  502 1470  712  648 1729  604
 1018 1905   54 1366 1116 1341  536  624 1100 1017
   59  565  848  455 2002 1063   43  109 1908  186
 1415 1756  712 1733  990 1991 1403 1680 1203   55
 1644 1627 1946 1586 1109 1521 1469 1399 1906  926
  259  974  167  621 1225 1437  629  919  148 1220
  189  714  576 1442  661  691  939  130  159 1408
 1314 1984 2029  218 1572 1459 1555   23  897  276
  212 1975 1456 1281  182 1429  986 1133  175  170
 1355  599  247 1277  152  787 1088 1320   98  760
 1037 1713  742 1939 1322  683  909 1587  932 1653
  654  652 1394  693  967 1869 1366 1924 1657 1703
 1984 1982 1418  158  136  306 1026 1793  522  301
  553  658  184 1088  795  596 1621  740 1068 1236
 1741 1015  483 1364   58   69  659 1139 1373  506
 1058 1979 1468 1756 1819 1926  609  135  452  435
 1798  563 1251 1338 1111 1211  793  581  679  199
  779  278  283  346  643  931  704  331  513  134
  632  591  192 1844  938 2000  658  921 1709  537
  978  347 1407  965  751 1112  705 1032   73 1046
 2044  523   20  947  243  295  325 1942  787  447
  324 1946 1786  386 1384  304 1685 1703 1907  905
 1612   50 1421  740   52  413  952  820 1068 1691
 1497  269  327 1418 1569 1743 1934  521  632 1974
 1133 1782  352  219  132 1704 1796 1603 1905 1160
   43 1816 1858  968  601 1579 1662   19 1587  694
   75 1820   78  153 1007  581  236 1943 1992 1918
 1909 1753  707 1600  909 1782 1942  951  721  685
  486 1771 1525 1885  500 1642 1565 1426  845 1264
 1841  646 1606 1629 1784  309 1032  723  734  314
 1497  244 1543 1896  314 1004  900 1517 1020 1208
  198 1275  505  826 1171  110 1874  641 1945  243
 1803  160  920 1932  416 1473  836  188 1899 1325
  702  313 2027 1851  436  517  883  681 1440 1607
 1563  340  979 1024  149 1732 1523 1131 2010  505
 1192 1013 1119 1990 1659 2001 1002 1010 1519 1042
 1966 1745  319 1321 1932   91 1775 1932  449  841
  233 1440 1309  194   10 1076 1781  796 1452 2019
  897  838   84 1988 1996 1324  785  960  875 1029
  542 1585  770 1363 1650  452 1029  463   28 1657
   56 1251 1274 1176  511   19 1691 1133  235 1744
 1116 1947  626 1227  727   30  563 1047  652 1219
 1683 1783 1609 1684  999  838 1811  872 1424  276
 1151  939  157 1368  968  548 1920  741 1983  511
 1548  648  744 1978 1722 1697  884  973 1587  761
 1633 1426 1531
  287  292   20 1058  863 2022  510  175 1100   79
  998 186