
 30 S MODEL - YELLOW,SHORT DIS DEL, ADDED PT,CENTERED FROM 10 ITER
   168   0.25000
  814  -1.77069  -0.03864  -3.78468
  715  -0.84669  -0.10664  -3.67268
  927  -1.09669   0.94936  -3.67068
  658  -0.41469   0.78336  -3.60568
  701  -1.75769  -1.05164  -3.48068
  816  -0.83669   1.79936  -3.27468
  649  -0.38269   0.19236  -3.12368
  919  -2.35769  -0.69164  -3.08668
  657   0.12331   1.64536  -3.08468
  640  -1.07369  -0.53764  -3.07868
  648   0.04231   0.94036  -2.79768
  624  -1.84869  -1.33464  -2.76768
  928  -1.89069   0.33536  -2.74068
  639  -0.74069  -0.09164  -2.67468
  933  -1.69069   1.11436  -2.46568
  915  -2.75169  -1.48264  -2.46168
  656   0.47831   2.26536  -2.40568
 2031  -1.67769  -0.78264  -2.33868
  630  -1.40469  -0.48864  -2.28568
  709  -0.33769  -3.39764  -2.25868
  710  -0.40969  -2.34864  -2.22268
  609   0.13731  -3.36764  -2.20568
  647   0.58531   1.55336  -2.16268
  705  -0.11269   2.92836  -2.13368
  711  -0.24169  -1.46564  -2.08768
  623  -1.78969  -1.04964  -2.08468
  941  -1.43169   1.77836  -2.05968
  924  -2.40669  -0.41864  -2.04168
  901  -0.77769  -4.08264  -2.04068
  638  -0.09769   0.29236  -2.03068
  902  -1.28969  -3.37864  -2.02868
  614   0.26631  -2.25264  -1.99868
  920  -2.72869  -1.07564  -1.94568
  916  -2.82569  -1.66364  -1.93368
  903  -1.33969  -2.41064  -1.91168
  929  -2.11669   0.42336  -1.75168
  943  -1.06769   2.48036  -1.66668
 2021  -1.88669  -0.58864  -1.64668
  655   0.64431   2.86236  -1.62568
  629   0.32231   0.04136  -1.59968
 2030  -2.28069  -1.02664  -1.59868
  917  -2.87869  -1.81464  -1.46168
  646   1.03931   2.21236  -1.44668
  637   0.73831   1.03436  -1.42768
  604   0.87131  -4.07964  -1.41868
  934  -1.93469   1.08136  -1.41868
  608   0.88331  -3.20864  -1.40768
  921  -2.90569  -1.15364  -1.40368
  618   0.52031  -1.40964  -1.35768
  706   0.19231   3.46636  -1.32768
  622   0.43531  -0.53264  -1.32368
  613   0.80631  -2.21464  -1.31168
  925  -2.64669  -0.66464  -1.29968
  944  -0.90069   2.94736  -1.27368
 2001  -1.39569   0.02236  -1.23668
 1040   0.07731  -4.66164  -1.22668
 1041  -0.80769  -4.34064  -1.19268
  803  -1.35669  -2.05864  -1.17068
  905  -1.77169  -3.38764  -1.16868
  904  -1.57369  -4.17164  -1.13868
  906  -1.72269  -2.64564  -1.03568
  654   1.09431   3.39836  -0.94268
  918  -2.87869  -1.82864  -0.86068
  922  -2.88469  -1.27164  -0.85868
  930  -2.61669   0.00236  -0.80968
  628   0.97431   0.58836  -0.80668
  645   1.38531   2.70936  -0.80468
  945  -0.75969   3.40036  -0.79268
  636   1.28131   1.56836  -0.73768
  707   0.45131   3.93936  -0.70468
  617   1.15931  -1.20864  -0.66268
 2010  -2.09769  -0.28564  -0.63768
  607   1.23731  -3.11964  -0.61968
  942  -1.80369   1.48536  -0.60868
  952  -1.41269   2.21436  -0.60068
  612   1.25131  -2.12864  -0.57468
  621   1.08131  -0.19764  -0.56568
  603   1.32831  -4.00764  -0.53168
  807  -1.15969  -2.11264  -0.50068
  907  -1.59769  -4.26464  -0.44568
 1030   0.41331  -4.59464  -0.40368
 1031  -0.56369  -4.53764  -0.38468
  926  -2.85169  -0.78864  -0.36868
  935  -2.27669   0.68136  -0.35768
  908  -1.64369  -3.65864  -0.32968
  909  -1.57669  -2.86964  -0.25468
 2000  -1.38669   0.53236  -0.18768
  946  -0.46569   3.80336  -0.16368
  811  -1.76969  -2.10464  -0.16068
  653   1.45331   3.93536  -0.14868
  708   0.68231   4.43136  -0.06368
  627   1.61931   1.02636  -0.05168
  953  -1.20569   2.62436  -0.01768
  644   1.93631   3.12936   0.00232
  635   1.73331   1.96636   0.03032
  616   1.41331  -1.10164   0.08532
  931  -2.44469  -0.18364   0.18632
  611   1.60431  -2.02464   0.21132
  958  -1.57569   1.66836   0.22132
  606   1.98331  -2.94964   0.29132
  620   1.53831   0.01936   0.29232
  602   1.87631  -3.84564   0.30032
  936  -2.00169   0.75636   0.32632
 1020   0.88731  -4.40264   0.43032
  910  -1.18869  -4.36664   0.44332
  947  -0.36969   4.12136   0.46532
 1021  -0.14669  -4.46164   0.47632
  912  -1.23369  -2.87764   0.53332
  911  -1.33669  -3.80664   0.57332
  959  -1.29169   2.10836   0.57532
  954  -0.91469   3.17736   0.61332
  652   1.63031   4.39036   0.77632
  626   1.97931   1.16936   0.82432
  615   1.66531  -1.01264   0.83232
  937  -1.37769   1.04336   0.86132
  643   2.10531   3.43236   0.86332
  610   1.86031  -1.85864   0.98832
  634   2.10231   2.27336   0.99932
  601   2.22531  -3.70964   1.05332
  619   1.79431   0.07836   1.06732
  660   1.18131   4.85836   1.10932
  605   2.24731  -2.73864   1.18832
  948  -0.21369   4.44436   1.23032
  955  -0.61869   3.65736   1.24932
  938  -1.20469   1.00636   1.25732
 1010   1.28331  -4.08364   1.31732
  960  -0.93869   2.32936   1.34032
 1011   0.32431  -4.19264   1.53832
 1000   1.52531  -3.89464   1.55332
  521   1.10331  -0.42864   1.55732
  625   2.13931   1.27636   1.59132
  520   1.11231  -1.43564   1.65132
  914  -0.58569  -3.00164   1.65532
  510   0.11231  -0.85164   1.65732
  505  -0.78369  -3.76764   1.65832
  633   2.25831   2.41036   1.73532
  642   2.17731   3.54136   1.74332
  659   0.84731   4.93636   1.75032
  509   0.03131  -1.70464   1.75132
  961  -0.67669   2.95636   1.75732
  651   1.61631   4.59636   1.77532
  963  -0.80469   1.60736   1.88232
  949  -0.03569   4.60136   1.94032
  956  -0.44469   3.88836   1.95532
  964  -0.64669   2.21136   2.00632
  519   1.28831  -2.14264   2.03132
  522   1.33031   0.34736   2.03232
 1001   0.82031  -3.94864   2.03332
  939  -0.55669   0.82336   2.07632
  511   0.13031   0.00336   2.13532
  508  -0.04869  -2.42564   2.22832
  518   1.41731  -3.19364   2.31532
  526   1.72331   3.80836   2.31732
  962  -0.45269   3.04936   2.32032
  507   0.06731  -3.41364   2.41632
  965  -0.28369   1.67936   2.46832
  525   1.74831   3.04236   2.50632
  523   1.52731   1.21136   2.50732
  512   0.16331   0.84036   2.51432
  524   1.66631   2.02436   2.60032
  517   1.04331   4.60136   2.60632
  950   0.34831   4.53836   2.65732
  502  -0.10169   2.45536   2.70632
  503   0.22031   3.47836   2.79932
  514   0.50231   2.51936   2.89132
  513   0.37731   1.59836   2.89232
  516   0.97631   3.90336   2.98432
  515   0.77631   3.19036   3.07932
Y
-.031494,.013307,-.021261
1
84036   2.51432
  524   1.66631   2.02436   2.60032
  517   1.04331   4.60136   2.60632
  950   0.34831   4.53836   2.65732
  502  -0.10169   2.45536   2.70632
  503   0.22031   3.47836 