
 50 S MODEL - RED,SET FOR TRANS, CENTER FROM 8 ITER
   189   0.25000
  367    -5.227     2.211    -1.387
  380    -5.024     1.663    -0.358
  351    -5.345     1.618    -1.886
  368    -5.122     1.577    -1.062
  225    -4.741     1.925    -0.446
  352    -5.295     0.683    -1.583
  369    -5.004     0.568    -0.671
  381    -4.490     0.984     0.308
  233    -4.221     1.791     0.565
  353    -5.015    -0.093    -1.156
  388    -4.169     0.635     1.171
  370    -4.698    -0.096    -0.298
  241    -3.733     1.812     1.515
  248    -3.337     1.839     2.468
  235    -3.910     0.082     1.587
  242    -3.530     0.988     2.059
  227    -4.181    -0.505     0.853
  371    -4.444    -0.851     0.124
  354    -4.656    -0.795    -0.776
  201    -4.879    -0.143    -2.139
  441    -3.906     1.926    -0.680
  395    -3.119     0.779     3.066
  390    -3.654    -0.783     2.023
  259    -2.674     1.895     3.302
  383    -3.939    -1.414     1.284
  396    -3.233    -0.103     2.717
  249    -2.760     1.053     3.011
  355    -4.289    -1.348    -0.533
  372    -4.090    -1.630     0.383
  202    -4.433    -0.854    -1.774
  394    -2.373     0.987     3.858
  391    -3.262    -1.649     2.486
  116    -1.974     2.060     4.011
  393    -2.536     0.125     3.539
  384    -3.513    -2.277     1.658
  434    -2.668     1.590     1.382
  244    -2.695    -0.904     3.202
  442    -3.148     1.246    -0.394
  373    -3.625    -2.405     0.774
  356    -3.798    -2.017    -0.182
  203    -3.808    -1.489    -1.404
  427    -1.863     2.048     2.665
  115    -1.452     1.678     4.453
  255    -1.879     0.034     4.114
  261    -1.510     0.878     4.357
  387    -2.388    -1.816     3.398
  251    -1.984    -0.709     3.813
  327    -3.658    -0.821    -2.323
  385    -2.908    -2.950     2.154
  213    -3.328    -2.665     0.182
  374    -3.134    -3.078     1.138
  386    -2.532    -2.612     2.885
  204    -3.373    -2.111    -1.028
  423    -0.946     2.111     3.772
  114    -0.751     1.754     4.679
  262    -0.873     0.806     4.695
  435    -1.679     1.294     1.145
  256    -1.122    -0.233     4.424
  328    -3.148    -1.581    -2.109
  375    -2.602    -3.541     1.474
  379    -1.361    -1.317     4.079
  214    -2.701    -3.296     0.531
  443    -2.028     1.073    -0.719
  378    -1.608    -2.287     3.566
  428    -0.984     1.572     2.402
  239    -1.796    -2.946     3.027
  376    -2.119    -3.630     2.221
  205    -2.649    -2.772    -0.709
  263    -0.155     0.793     4.949
  329    -2.680    -2.115    -1.775
  258    -0.340     0.069     4.847
  113     0.032     1.507     4.864
  359    -2.069    -3.767     0.960
  320    -2.314    -0.465    -2.807
  365    -0.535    -1.485     4.319
  436    -0.799     1.260     0.695
  364    -0.624    -2.042     4.004
  206    -2.040    -3.256    -0.331
  318    -1.793     1.749    -3.635
  363    -0.828    -2.717     3.587
  424     0.165     1.754     3.316
  319    -1.869     0.769    -3.320
  362    -1.009    -3.269     3.105
  360    -1.533    -4.014     1.742
  232    -1.247    -3.709     2.471
  266    -1.515     2.652    -3.962
  330    -2.040    -2.658    -1.424
  321    -2.051    -1.389    -2.637
  444    -0.831     1.351    -1.144
  429    -0.015     1.275     1.839
  112     1.012     1.458     4.957
  314    -1.652    -0.277    -3.452
  422     0.892     0.476     4.859
  322    -1.573    -1.943    -2.261
  312    -1.342     1.691    -4.538
  313    -1.423     0.716    -4.233
  437     0.039     1.671     0.089
  331    -1.357    -3.257    -0.973
  448    -0.162     2.989    -2.907
  315    -1.173    -1.143    -3.206
  111     1.796     1.628     4.848
  323    -1.003    -2.582    -1.806
  402     1.707     1.386     4.663
  430     0.773     1.296     1.233
  449    -0.143     3.298    -3.836
  425     1.277     1.391     2.696
  332    -0.647    -3.699    -0.339
  117     1.790     0.591     4.790
  307    -0.671     1.163    -4.742
  333    -0.402    -4.131     0.588
  308    -0.783    -0.092    -4.185
  445     0.324     1.505    -1.557
   41     1.339    -1.148     4.146
   29     1.706    -0.308     4.438
  316    -0.613    -1.932    -2.612
  324    -0.482    -3.185    -1.345
   53     1.207    -2.004     3.634
  334     0.300    -4.050     1.848
  438     1.079     1.932    -0.532
  446     0.573     2.067    -2.659
  309    -0.256    -0.708    -3.706
  317    -0.060    -2.438    -2.177
  447     0.833     2.639    -3.259
  401     2.641     1.159     4.381
  349     1.323    -2.839     2.892
  325     0.194    -3.586    -0.769
   42     0.594     2.269    -4.652
   64     1.172    -3.508     2.172
  326     0.458    -4.111     0.033
   22     2.621     0.087     4.139
   28     2.365    -0.747     3.887
   40     2.088    -1.760     3.348
  397     0.460    -2.821    -1.683
  426     2.463     1.346     1.958
  439     1.810     1.855    -0.960
   30     0.620     1.040    -4.637
   44     0.496    -0.173    -4.090
  310     0.792    -1.883    -2.524
   31     1.112     0.673    -4.006
   45     0.989    -0.587    -3.413
   52     2.240    -2.395     2.593
   32     1.386     0.327    -3.092
   27     2.836    -1.043     3.294
  398     1.163    -3.363    -1.071
   21     3.222    -0.242     3.317
   12     3.581     0.787     3.423
   63     1.844    -3.715     0.802
  311     1.427    -2.354    -2.000
   46     1.604    -0.977    -2.674
   39     2.883    -1.702     2.557
  107     2.738     1.816    -1.229
  106     3.539     1.660     1.753
   33     2.041    -0.101    -2.527
   11     3.939     1.113     2.655
  105     3.488     1.619     0.370
   26     3.561    -0.865     2.539
   47     2.123    -1.488    -2.167
   51     2.924    -2.475     1.541
   20     3.856     0.117     2.444
  108     3.990     1.170     1.641
   34     2.589    -0.760    -2.153
   38     3.383    -1.733     1.523
   48     2.477    -1.850    -1.664
  104     3.674     1.593    -0.914
   19     4.095     0.239     1.424
   25     3.898    -0.712     1.491
   50     3.220    -2.273     0.309
   49     2.919    -2.129    -0.903
   18     4.022     0.770     0.369
   35     3.071    -0.935    -1.687
  303     3.244     1.049    -2.937
   36     3.405    -1.222    -0.954
   37     3.688    -1.464     0.269
   24     4.025    -0.400     0.266
   43     3.512    -0.118    -1.827
  103     3.948     1.608    -2.072
   17     4.141     1.010    -1.176
   23     3.935    -0.053    -1.055
  306     3.677     0.146    -2.502
  302     3.621     0.903    -3.775
   16     4.391     0.697    -2.130
  102     4.436     1.679    -2.920
  305     4.176     0.409    -3.385
  301     4.140     0.988    -4.486
   15     4.816     0.869    -2.840
  101     4.807     1.718    -3.907
  304     4.607     0.466    -4.212
   14     5.202     1.030    -3.670
   13     5.018     0.937    -4.613
Y
-.059956,-.094102,.092138
0
0.903    -3.775
   16     4.391     0.697    -2.130
  102     4.436     1.679    -2.920
  305     4.176     0.409    -3.385
  301     4.140     0.988    -4.486
   15     4.816     0.869    -2.