
 70S RIB MODEL INTERIOR PTS. REMOVED, CENTERED FROM 17 ITER
   303   0.25000
  814   1.46080  -0.32670   5.05335
  715   2.34560  -0.32178   4.75485
  927   1.98037  -1.34104   4.67002
  658   2.65039  -1.22588   4.48180
  701   1.52888   0.71647   4.88712
  816   2.05641  -2.14141   4.12035
  649   2.65290  -0.57344   4.08435
  919   0.82439   0.47227   4.58780
  657   2.97052  -2.04305   3.74963
  640   2.05508   0.21200   4.28390
  648   2.91515  -1.29797   3.58024
  624   1.32987   1.11064   4.25244
  928   1.09148  -0.52787   4.01914
  639   2.24697  -0.19528   3.76305
  933   1.14137  -1.27139   3.60883
  915   0.40635   1.37977   4.16934
  656   3.10870  -2.58220   2.93507
  630   1.56809   0.31142   3.58037
  709   2.93603   3.09167   3.70118
  710   2.73816   2.06930   3.54600
  609   3.38445   3.02950   3.54373
  647   3.24591  -1.85295   2.76875
  705   2.40254  -3.14427   2.71282
  711   2.77309   1.20489   3.26476
  623   1.21746   0.92752   3.54104
  941   1.23575  -1.88684   3.07376
  901   2.54278   3.83733   3.67327
  638   2.69971  -0.53171   2.95098
  902   1.96098   3.18897   3.68066
  614   3.34020   1.95062   3.17111
  903   1.77746   2.25669   3.45275
  943   1.43067  -2.55069   2.52376
  655   3.04515  -3.06735   2.06630
  629   3.05088  -0.25524   2.47554
  646   3.46852  -2.43345   1.89200
  637   3.30720  -1.24368   2.09084
  604   4.02292   3.78717   2.71544
  608   3.93232   2.92927   2.58943
  618   3.36210   1.19454   2.38621
  706   2.47575  -3.57918   1.79660
  622   3.17149   0.34245   2.25809
  613   3.72381   1.97049   2.38433
  944   1.46056  -2.96609   2.04660
  905   1.32012   3.36860   2.95220
  904   1.59701   4.12896   2.98202
  906   1.25583   2.65311   2.71676
  654   3.28454  -3.53121   1.23833
  628   3.46361  -0.73071   1.49607
  645   3.61945  -2.85620   1.13115
  636   3.63588  -1.71252   1.23632
  707   2.54861  -3.97375   1.07596
  617   3.82146   1.04653   1.54935
  607   4.10865   2.93002   1.73822
  612   3.99928   1.95877   1.56333
  621   3.60988   0.07125   1.34125
  603   4.28174   3.81076   1.74830
  807   1.63538   2.16020   2.00825
  907   1.44535   4.32710   2.32773
  926  -0.19061   1.01959   2.07295
  908   1.30771   3.75117   2.14675
  909   1.26712   2.97905   1.95755
  946   1.56292  -3.67981   0.76666
  653   3.41305  -3.97162   0.32219
  708   2.58827  -4.38186   0.34150
  627   3.88974  -1.10377   0.56902
  644   3.94556  -3.19571   0.17631
  635   3.87611  -2.02777   0.34338
  616   3.90641   1.03205   0.75605
  611   4.17326   1.94451   0.71233
  606   4.63249   2.83591   0.67300
  620   3.85773  -0.05243   0.38347
  602   4.62960   3.72958   0.80326
  910   1.67701   4.52664   1.39150
  947   1.49366  -3.90667   0.09536
  912   1.44381   3.07631   1.12126
  911   1.44231   4.00684   1.22492
  652   3.34736  -4.29590  -0.67106
  626   4.04801  -1.14350  -0.37575
  615   3.99179   1.03527  -0.03354
  643   3.90267  -3.37910  -0.73359
  610   4.24750   1.87602  -0.11714
  634   4.00563  -2.21591  -0.71468
  601   4.80278   3.67919  -0.01907
  619   3.94466  -0.01572  -0.43020
  660   2.78964  -4.66866  -0.95772
  605   4.68540   2.74054  -0.28028
  948   1.45486  -4.12309  -0.72127
  521   3.23189   0.61693  -0.69071
  625   4.03762  -1.14711  -1.16722
  520   3.33770   1.62286  -0.65342
  510   2.29578   1.13358  -0.51968
  633   3.99419  -2.25339  -1.47915
  642   3.78355  -3.36010  -1.61585
  659   2.32682  -4.62041  -1.51706
  509   2.29618   1.99547  -0.48293
  651   3.10974  -4.34729  -1.66275
  949   1.46768  -4.18616  -1.46787
  519   3.51400   2.36198  -0.96795
  522   3.26833  -0.09589  -1.30025
  939   1.36769  -0.39718  -0.99856
  511   2.11898   0.36127  -1.09738
  508   2.20545   2.78485  -0.83458
  518   3.70355   3.42971  -1.13487
  526   3.19578  -3.49802  -2.10895
  507   2.39432   3.77718  -0.91382
  965   1.45647  -1.20515  -1.54793
  525   3.27029  -2.71664  -2.19831
  523   3.26549  -0.89274  -1.91474
  512   1.97877  -0.40947  -1.58005
  524   3.28865  -1.69200  -2.13999
  517   2.38446  -4.17803  -2.34533
  950   1.70497  -4.04888  -2.23708
  503   1.67386  -2.97168  -2.20995
  514   2.04006  -2.03664  -2.23562
  513   2.02411  -1.11791  -2.09047
  516   2.32381  -3.42733  -2.60685
  515   2.19204  -2.69310  -2.56360
 2000   1.04712  -0.38042   1.41152
 2010   0.53929   0.41886   2.10639
 2020   0.43100   0.75661   2.74902
 2030   0.63913   1.02012   3.17286
 2001   1.30747  -0.03497   2.49593
 2011   1.05308   0.36470   2.84347
 2021   0.98198   0.54746   3.07791
 2031   1.34661   0.61659   3.72859
 1001   3.26560   4.18251  -0.63536
 1000   4.04203   3.99673  -0.32892
 1011   2.91007   4.39082  -0.01744
 1010   3.87547   4.16817  -0.02372
 1021   2.69551   4.53624   1.14777
 1020   3.70382   4.37591   0.96134
 1031   2.47101   4.51708   2.08159
 1030   3.43254   4.48689   1.89720
 1041   2.37292   4.22202   2.89152
 1040   3.23932   4.46110   2.78423
  367  -0.40577   2.17315   4.74082
  380  -0.78314   1.06412   4.56814
  351  -1.05946   2.59998   4.66159
  368  -0.96276   1.75757   4.54857
  225  -0.47421   1.15449   4.33750
  352  -1.92200   2.17201   4.45642
  369  -1.87280   1.22582   4.27410
  381  -1.25078   0.25925   3.99799
  353  -2.56608   1.61765   4.07950
  388  -1.42581  -0.67233   3.73042
  370  -2.40713   0.73703   3.88847
  241  -0.15063  -0.90430   3.60328
  248   0.06518  -1.88336   3.35510
  235  -1.85875  -1.18417   3.41904
  242  -0.84570  -1.57112   3.30644
  227  -2.56622  -0.50871   3.45811
  371  -3.03726   0.19365   3.53983
  354  -3.12507   1.11167   3.63484
  201  -2.68664   2.56580   3.80379
  395  -0.84971  -2.63722   3.00149
  390  -2.59410  -1.75618   3.04729
  259   0.35714  -2.77144   2.83789
  383  -3.34734  -1.07983   3.08965
  396  -1.76682  -2.39727   2.87732
  249  -0.50890  -2.58559   2.70361
  355  -3.55285   0.75862   3.19594
  372  -3.68519  -0.20360   3.06774
  202  -3.23631   2.06307   3.27051
  394  -0.39663  -3.47145   2.43040
  391  -3.29552  -2.37043   2.54728
  116   0.74964  -3.52524   2.29151
  393  -1.30222  -3.25333   2.36272
  384  -4.04738  -1.60953   2.54571
  244  -2.37032  -3.04009   2.25318
  373  -4.28943  -0.74213   2.50713
  356  -4.05279   0.27052   2.62589
  203  -3.67196   1.54625   2.58122
  115   0.54364  -4.06811   1.76463
  255  -1.18186  -3.90401   1.78473
  261  -0.25492  -4.07274   1.63909
  387  -3.16459  -3.38683   1.78904
  251  -1.95629  -3.69431   1.68845
  327  -3.08689   2.52318   2.45251
  385  -4.51137  -2.25339   1.88460
  213  -4.53675  -0.22580   2.08364
  374  -4.79263  -1.24424   1.93842
  386  -4.02194  -2.97044   1.69049
  204  -4.13631   1.04588   2.07935
  114   0.79996  -4.35828   1.13248
  262  -0.14512  -4.48528   1.05289
  256  -1.23646  -4.32849   1.03674
  328  -3.68478   2.15641   1.82650
  375  -5.08569  -1.69487   1.37081
  379  -2.37675  -4.10530   0.99284
  214  -4.96918  -0.72210   1.38977
  378  -3.42657  -3.70036   0.95730
  239  -4.16448  -3.23499   0.92639
  376  -4.98482  -2.49542   0.98545
  205  -4.58014   0.56457   1.28167
  263   0.03231  -4.81630   0.38835
  329  -4.06178   1.70525   1.30536
  258  -0.72234  -4.79054   0.40071
  113   0.75693  -4.65889   0.34723
  359  -5.23765  -1.27562   0.73600
  320  -2.48851   2.90065   1.15970
  365  -2.32788  -4.45414   0.18914
  364  -2.92021  -4.20750   0.11503
  206  -4.87155   0.06128   0.64083
  318  -0.31101   3.95219   1.00988
  363  -3.66440  -3.86305   0.11358
  319  -1.24526   3.51994   0.91900
  362  -4.29068  -3.44084   0.10672
  360  -5.27427  -2.13826   0.27170
  232  -4.83751  -2.84850   0.15749
  266   0.59276   4.36319   0.88696
  330  -4.40565   1.21752   0.61836
  321  -3.30627   2.58176   0.73294
  112   0.94152  -4.86365  -0.60033
  314  -2.22340   3.48817   0.46975
  422  -0.04735  -4.88357  -0.70477
  322  -3.69500   2.08569   0.20345
  312  -0.36027   4.78467   0.43831
  313  -1.29066   4.36442   0.35190
  331  -4.78493   0.61879  -0.10888
  315  -2.92864   3.07962  -0.14364
  111   1.27245  -4.82018  -1.33892
  323  -4.13788   1.49052  -0.42183
  402   0.99796  -4.65949  -1.32893
  332  -4.98636  -0.14198  -0.80343
  117   0.25980  -4.89927  -1.56013
  307  -0.74062   4.84300  -0.35092
  333  -5.25183  -1.13988  -1.00640
  308  -1.92431   4.14075  -0.43292
  445   0.14877   1.63883  -0.81016
   41  -1.59530  -4.44413  -1.57796
   29  -0.66762  -4.66136  -1.71660
  316  -3.50434   2.32849  -0.77197
  324  -4.55618   0.89966  -0.99171
   53  -2.50759  -4.03785  -1.70061
  334  -4.88284  -2.44817  -1.49749
  438   0.84142   0.60219  -1.31181
  446   0.63427   2.77275  -1.08210
  309  -2.35177   3.52883  -1.00823
  317  -3.82324   1.77201  -1.35522
  401   0.96034  -4.51393  -2.31980
  349  -3.36821  -3.42975  -2.09089
  325  -4.73075   0.20414  -1.65255
   42   0.62671   4.76170  -1.33029
   64  -4.12610  -2.79206  -2.18343
  326  -5.09594  -0.68443  -1.91093
   22  -0.10871  -4.41507  -2.56069
   28  -1.00081  -4.24895  -2.52219
   40  -2.10200  -3.82045  -2.54240
  397  -4.02507   1.17748  -1.87355
  439   0.88692   0.93426  -2.09475
   30  -0.55677   4.58195  -1.61427
   44  -1.70295   3.89557  -1.67607
  310  -3.12956   2.09433  -2.11150
   31  -0.73491   3.85697  -2.08192
   45  -1.92162   3.11954  -2.14909
   52  -2.76207  -3.17697  -2.92629
   32  -0.91306   2.88050  -2.29655
   27  -1.24312  -3.75508  -3.12214
  398  -4.32714   0.42559  -2.58561
   21  -0.37762  -3.71359  -3.32366
   12   0.71234  -3.72193  -3.43925
   63  -4.31771  -1.54206  -3.06535
  311  -3.38713   1.44590  -2.75422
   46  -2.08276   2.27235  -2.72633
   39  -1.94822  -3.12011  -3.40710
  107   1.03113   1.09203  -3.03824
  106   1.37427  -1.95589  -3.44181
   33  -1.11967   2.19495  -2.94421
   11   1.02887  -2.96064  -3.82220
  105   1.17787  -0.59187  -3.58889
   26  -0.98515  -3.06659  -3.89010
   47  -2.40762   1.64821  -3.26845
   51  -2.79396  -2.22547  -3.74877
   20   0.02285  -2.87491  -3.98058
  108   0.98942  -1.95952  -3.99752
   34  -1.59565   1.67923  -3.56377
   38  -1.97401  -2.15973  -4.03890
   48  -2.62534   1.06637  -3.61933
  104   1.06061   0.64993  -3.94901
   19   0.08802  -1.87984  -4.32581
   25  -0.87078  -2.05026  -4.32677
   50  -2.66037  -1.01603  -4.16074
   49  -2.71610   0.23042  -4.00322
   18   0.47584  -0.76159  -4.28546
   35  -1.60644   1.14390  -4.00487
  303   0.22407   2.61959  -3.92321
   36  -1.73223   0.34760  -4.28909
   37  -1.77516  -0.92127  -4.44789
   24  -0.66790  -0.81535  -4.54961
   43  -0.72998   1.34236  -4.27781
  103   1.01594   1.76314  -4.36848
   17   0.57352   0.78010  -4.56102
   23  -0.49017   0.54282  -4.56870
  306  -0.50777   2.02375  -4.47461
  302   0.08067   3.38485  -4.43318
   16   0.22686   1.65222  -4.99900
  102   1.10623   2.55528  -4.94260
  305  -0.23231   2.87412  -5.02193
  301   0.20563   4.04047  -5.01418
   15   0.41560   2.32764  -5.47116
  101   1.12427   3.49315  -5.42803
  304  -0.16598   3.65070  -5.53989
   14   0.57210   3.12505  -5.92322
Y
0,0,0
0
  306  -0.50777   2.02375  -4.47461
  302   0.08067   3.38485  -4.43318
   16   0.22686   1.65222  -4.99900
  102   1.10623   2.55528  -4.94260
  305  -0.23231   2.87412  -5.02193
  301   0.20563   4.04047  -5.