
 RIBOSOME MODEL - YELLOW,SHORT DIS DEL, ADDED PTS, SET FOR BATCH
   168   0.10
  814   198.900    93.584    38.405
  715   199.824    93.516    38.517
  927   199.574    94.572    38.519
  658   200.256    94.406    38.584
  701   198.913    92.571    38.709
  816   199.834    95.422    38.915
  649   200.288    93.815    39.066
  919   198.313    92.931    39.103
  657   200.794    95.268    39.105
  640   199.597    93.085    39.111
  648   200.713    94.563    39.392
  624   198.822    92.288    39.422
  928   198.780    93.958    39.449
  639   199.930    93.531    39.515
  933   198.980    94.737    39.724
  915   197.919    92.140    39.728
  656   201.149    95.888    39.784
 2031   198.993    92.840    39.851
  630   199.266    93.134    39.904
  709   200.333    90.225    39.931
  710   200.261    91.274    39.967
  609   200.808    90.255    39.984
  647   201.256    95.176    40.027
  705   200.558    96.551    40.056
  711   200.429    92.157    40.102
  623   198.881    92.573    40.105
  941   199.239    95.401    40.130
  924   198.264    93.204    40.148
  901   199.893    89.540    40.149
  638   200.573    93.915    40.159
  902   199.381    90.244    40.161
  614   200.937    91.370    40.191
  920   197.942    92.547    40.244
  916   197.845    91.959    40.256
  903   199.331    91.212    40.278
  929   198.554    94.046    40.438
  943   199.603    96.103    40.523
 2021   198.784    93.034    40.543
  655   201.315    96.485    40.564
  629   200.993    93.664    40.590
 2030   198.390    92.596    40.591
  917   197.792    91.808    40.728
  646   201.710    95.835    40.743
  637   201.409    94.657    40.762
  604   201.542    89.543    40.771
  934   198.736    94.704    40.771
  608   201.554    90.414    40.782
  921   197.765    92.469    40.786
  618   201.191    92.213    40.832
  706   200.863    97.089    40.862
  622   201.106    93.090    40.866
  613   201.477    91.408    40.878
  925   198.024    92.958    40.890
  944   199.770    96.570    40.916
 2001   199.275    93.645    40.953
 1040   200.748    88.961    40.963
 1041   199.863    89.282    40.997
  803   199.314    91.564    41.019
  905   198.899    90.235    41.021
  904   199.097    89.451    41.051
  906   198.948    90.977    41.154
  654   201.765    97.021    41.247
  918   197.792    91.794    41.329
  922   197.786    92.351    41.331
  930   198.054    93.625    41.380
  628   201.645    94.211    41.383
  645   202.056    96.332    41.385
  945   199.911    97.023    41.397
  636   201.952    95.191    41.452
  707   201.122    97.562    41.485
  617   201.830    92.414    41.527
 2010   198.573    93.337    41.552
  607   201.908    90.503    41.570
  942   198.867    95.108    41.581
  952   199.258    95.837    41.589
  612   201.922    91.494    41.615
  621   201.752    93.425    41.624
  603   201.999    89.615    41.658
  807   199.511    91.510    41.689
  907   199.073    89.358    41.744
 1030   201.084    89.028    41.786
 1031   200.107    89.085    41.805
  926   197.819    92.834    41.821
  935   198.394    94.304    41.832
  908   199.027    89.964    41.860
  909   199.094    90.753    41.935
 2000   199.284    94.155    42.002
  946   200.205    97.426    42.026
  811   198.901    91.518    42.029
  653   202.124    97.558    42.041
  708   201.353    98.054    42.126
  627   202.290    94.649    42.138
  953   199.465    96.247    42.172
  644   202.607    96.752    42.192
  635   202.404    95.589    42.220
  616   202.084    92.521    42.275
  931   198.226    93.439    42.376
  611   202.275    91.598    42.401
  958   199.095    95.291    42.411
  606   202.654    90.673    42.481
  620   202.209    93.642    42.482
  602   202.547    89.777    42.490
  936   198.669    94.379    42.516
 1020   201.558    89.220    42.620
  910   199.482    89.256    42.633
  947   200.301    97.744    42.655
 1021   200.524    89.161    42.666
  912   199.437    90.745    42.723
  911   199.334    89.816    42.763
  959   199.379    95.731    42.765
  954   199.756    96.800    42.803
  652   202.301    98.013    42.966
  626   202.650    94.792    43.014
  615   202.336    92.610    43.022
  937   199.293    94.666    43.051
  643   202.776    97.055    43.053
  610   202.531    91.764    43.178
  634   202.773    95.896    43.189
  601   202.896    89.913    43.243
  619   202.465    93.701    43.257
  660   201.852    98.481    43.299
  605   202.918    90.884    43.378
  948   200.457    98.067    43.420
  955   200.052    97.280    43.439
  938   199.466    94.629    43.447
 1010   201.954    89.539    43.507
  960   199.732    95.952    43.530
 1011   200.995    89.430    43.728
 1000   202.196    89.728    43.743
  521   201.774    93.194    43.747
  625   202.810    94.899    43.781
  520   201.783    92.187    43.841
  914   200.085    90.621    43.845
  510   200.783    92.771    43.847
  505   199.887    89.855    43.848
  633   202.929    96.033    43.925
  642   202.848    97.164    43.933
  659   201.518    98.559    43.940
  509   200.702    91.918    43.941
  961   199.994    96.579    43.947
  651   202.287    98.219    43.965
  963   199.866    95.230    44.072
  949   200.635    98.224    44.130
  956   200.226    97.511    44.145
  964   200.024    95.834    44.196
  519   201.959    91.480    44.221
  522   202.001    93.970    44.222
 1001   201.491    89.674    44.223
  939   200.114    94.446    44.266
  511   200.801    93.626    44.325
  508   200.622    91.197    44.418
  518   202.088    90.429    44.505
  526   202.394    97.431    44.507
  962   200.218    96.672    44.510
  507   200.738    90.209    44.606
  965   200.387    95.302    44.658
  525   202.419    96.665    44.696
  523   202.198    94.834    44.697
  512   200.834    94.463    44.704
  524   202.337    95.647    44.790
  517   201.714    98.224    44.796
  950   201.019    98.161    44.847
  502   200.569    96.078    44.896
  503   200.891    97.101    44.989
  514   201.173    96.142    45.081
  513   201.048    95.221    45.082
  516   201.647    97.526    45.174
  515   201.447    96.813    45.269
N
200.67069,93.62264,42.18968
0
 -999                                     END
790
  517   201.714    98.224    44.796
  950   201.019    98.161    44.847
  502   200.569    96.078    44.896
  503   200.891    97.101    44