
 TORUS: LARGE R=  2.00000,  SMALL R=  1.00000
   184  0.30086
    1   2.67386   0.00000   0.56543
    2   2.15275   0.00000   0.86629
    3   1.56017   0.00000   0.76180
    4   1.17339   0.00000   0.30086
    5   1.17339   0.00000  -0.30086
    6   1.56017   0.00000  -0.76180
    7   2.15275   0.00000  -0.86629
    8   2.67386   0.00000  -0.56543
    9   2.87966   0.00000   0.00000
   10   2.60178   0.61663   0.56543
   11   2.38944   1.20002   0.56543
   12   2.04829   1.71872   0.56543
   13   1.59672   2.14476   0.56543
   14   1.05906   2.45518   0.56543
   15   0.46431   2.63324   0.56543
   16  -0.15547   2.66934   0.56543
   17  -0.76687   2.56153   0.56543
   18  -1.33693   2.31563   0.56543
   19  -1.83491   1.94489   0.56543
   20  -2.23397   1.46931   0.56543
   21  -2.51260   0.91451   0.56543
   22  -2.65578   0.31041   0.56543
   23  -2.65578  -0.31042   0.56543
   24  -2.51260  -0.91451   0.56543
   25  -2.23397  -1.46931   0.56543
   26  -1.83491  -1.94489   0.56543
   27  -1.33693  -2.31563   0.56543
   28  -0.76687  -2.56153   0.56543
   29  -0.15547  -2.66934   0.56543
   30   0.46431  -2.63324   0.56543
   31   1.05906  -2.45518   0.56543
   32   1.59672  -2.14476   0.56543
   33   2.04829  -1.71872   0.56543
   34   2.38945  -1.20002   0.56543
   35   2.60178  -0.61663   0.56543
   36   2.06555   0.60650   0.86629
   37   1.81101   1.16386   0.86629
   38   1.40975   1.62694   0.86629
   39   0.89429   1.95821   0.86629
   40   0.30637   2.13084   0.86629
   41  -0.30637   2.13084   0.86629
   42  -0.89429   1.95821   0.86629
   43  -1.40975   1.62694   0.86629
   44  -1.81101   1.16387   0.86629
   45  -2.06555   0.60650   0.86629
   46  -2.15276   0.00000   0.86629
   47  -2.06555  -0.60650   0.86629
   48  -1.81101  -1.16386   0.86629
   49  -1.40975  -1.62694   0.86629
   50  -0.89429  -1.95821   0.86629
   51  -0.30637  -2.13084   0.86629
   52   0.30637  -2.13084   0.86629
   53   0.89428  -1.95821   0.86629
   54   1.40975  -1.62694   0.86629
   55   1.81101  -1.16387   0.86629
   56   2.06555  -0.60650   0.86629
   57   1.44141   0.59705   0.76180
   58   1.10321   1.10321   0.76180
   59   0.59705   1.44141   0.76180
   60   0.00000   1.56018   0.76180
   61  -0.59705   1.44141   0.76180
   62  -1.10321   1.10321   0.76180
   63  -1.44141   0.59705   0.76180
   64  -1.56018   0.00000   0.76180
   65  -1.44141  -0.59705   0.76180
   66  -1.10321  -1.10321   0.76180
   67  -0.59705  -1.44141   0.76180
   68   0.00000  -1.56018   0.76180
   69   0.59705  -1.44141   0.76180
   70   1.10321  -1.10321   0.76180
   71   1.44141  -0.59705   0.76180
   72   1.01619   0.58670   0.30086
   73   0.58670   1.01619   0.30086
   74  -0.00000   1.17340   0.30086
   75  -0.58670   1.01619   0.30086
   76  -1.01619   0.58670   0.30086
   77  -1.17340  -0.00000   0.30086
   78  -1.01619  -0.58670   0.30086
   79  -0.58670  -1.01619   0.30086
   80   0.00000  -1.17340   0.30086
   81   0.58670  -1.01619   0.30086
   82   1.01619  -0.58670   0.30086
   83   1.01619   0.58670  -0.30086
   84   0.58670   1.01619  -0.30086
   85  -0.00000   1.17340  -0.30086
   86  -0.58670   1.01619  -0.30086
   87  -1.01619   0.58670  -0.30086
   88  -1.17340  -0.00000  -0.30086
   89  -1.01619  -0.58670  -0.30086
   90  -0.58670  -1.01619  -0.30086
   91   0.00000  -1.17340  -0.30086
   92   0.58670  -1.01619  -0.30086
   93   1.01619  -0.58670  -0.30086
   94   1.44141   0.59705  -0.76180
   95   1.10321   1.10321  -0.76180
   96   0.59705   1.44141  -0.76180
   97   0.00000   1.56018  -0.76180
   98  -0.59705   1.44141  -0.76180
   99  -1.10321   1.10321  -0.76180
  100  -1.44141   0.59705  -0.76180
  101  -1.56018   0.00000  -0.76180
  102  -1.44141  -0.59705  -0.76180
  103  -1.10321  -1.10321  -0.76180
  104  -0.59705  -1.44141  -0.76180
  105   0.00000  -1.56018  -0.76180
  106   0.59705  -1.44141  -0.76180
  107   1.10321  -1.10321  -0.76180
  108   1.44141  -0.59705  -0.76180
  109   2.06555   0.60650  -0.86629
  110   1.81101   1.16386  -0.86629
  111   1.40975   1.62694  -0.86629
  112   0.89428   1.95821  -0.86629
  113   0.30637   2.13084  -0.86629
  114  -0.30637   2.13084  -0.86629
  115  -0.89428   1.95821  -0.86629
  116  -1.40975   1.62694  -0.86629
  117  -1.81101   1.16387  -0.86629
  118  -2.06555   0.60650  -0.86629
  119  -2.15276   0.00000  -0.86629
  120  -2.06555  -0.60650  -0.86629
  121  -1.81101  -1.16386  -0.86629
  122  -1.40975  -1.62694  -0.86629
  123  -0.89429  -1.95821  -0.86629
  124  -0.30637  -2.13084  -0.86629
  125   0.30637  -2.13084  -0.86629
  126   0.89428  -1.95821  -0.86629
  127   1.40975  -1.62694  -0.86629
  128   1.81101  -1.16387  -0.86629
  129   2.06555  -0.60650  -0.86629
  130   2.60178   0.61663  -0.56543
  131   2.38944   1.20002  -0.56543
  132   2.04829   1.71872  -0.56543
  133   1.59672   2.14476  -0.56543
  134   1.05906   2.45518  -0.56543
  135   0.46431   2.63324  -0.56543
  136  -0.15547   2.66934  -0.56543
  137  -0.76687   2.56153  -0.56543
  138  -1.33693   2.31563  -0.56543
  139  -1.83491   1.94489  -0.56543
  140  -2.23397   1.46931  -0.56543
  141  -2.51260   0.91451  -0.56543
  142  -2.65578   0.31041  -0.56543
  143  -2.65578  -0.31042  -0.56543
  144  -2.51260  -0.91451  -0.56543
  145  -2.23397  -1.46931  -0.56543
  146  -1.83491  -1.94489  -0.56543
  147  -1.33693  -2.31563  -0.56543
  148  -0.76687  -2.56153  -0.56543
  149  -0.15547  -2.66934  -0.56543
  150   0.46431  -2.63324  -0.56543
  151   1.05906  -2.45518  -0.56543
  152   1.59672  -2.14476  -0.56543
  153   2.04829  -1.71872  -0.56543
  154   2.38944  -1.20002  -0.56543
  155   2.60178  -0.61663  -0.56543
  156   2.81673   0.59871   0.00000
  157   2.63070   1.17126   0.00000
  158   2.32969   1.69262   0.00000
  159   1.92687   2.14000   0.00000
  160   1.43983   2.49386   0.00000
  161   0.88986   2.73872   0.00000
  162   0.30101   2.86389   0.00000
  163  -0.30101   2.86389   0.00000
  164  -0.88987   2.73872   0.00000
  165  -1.43983   2.49386   0.00000
  166  -1.92687   2.14000   0.00000
  167  -2.32969   1.69262   0.00000
  168  -2.63070   1.17126   0.00000
  169  -2.81673   0.59872   0.00000
  170  -2.87967   0.00000   0.00000
  171  -2.81673  -0.59871   0.00000
  172  -2.63070  -1.17126   0.00000
  173  -2.32969  -1.69262   0.00000
  174  -1.92687  -2.14000   0.00000
  175  -1.43983  -2.49386   0.00000
  176  -0.88986  -2.73872   0.00000
  177  -0.30101  -2.86389   0.00000
  178   0.30101  -2.86389   0.00000
  179   0.88986  -2.73872   0.00000
  180   1.43983  -2.49386   0.00000
  181   1.92687  -2.14000   0.00000
  182   2.32969  -1.69262   0.00000
  183   2.63070  -1.17126   0.00000
  184   2.81673  -0.59872   0.00000
N    8
0.,0.,0.
0
1.43983  -2.49386