
  RIBONUCLEASE-S                                            
   376  1.40
   2          11.875 -11.841  18.700
   4          17.600  -6.100  20.100
   4          16.200  -5.292  22.386
   5          17.335 -11.832  19.600
   5          17.335  -8.056  22.270
   5          15.700 -10.888  22.270
   6          19.570  -8.700  18.200
   9          20.100 -10.900  15.200
   9          15.750 -13.411  15.200
   9          18.650 -13.411  15.200
   9          18.650 -10.063  12.832
   9          17.200 -12.574  12.832
  13           8.300  -5.700  17.600
  13           9.700  -8.125  17.600
  13          11.100  -7.317  19.886
  13          11.100  -7.317  15.314
  14          14.200  -7.688  13.430
  15          18.670  -4.900  15.700
  15          17.035  -3.956  18.370
  21          10.800  -3.624  13.720
  23           7.230  -2.500  18.800
  24          12.935  -2.356  22.570
  24           9.665  -2.356  22.570
  24          11.300  -5.188  22.570
  30           6.365  -2.932  15.000
  30           6.365   0.844  12.330
  35          12.635   3.444  21.170
  35          11.000   0.612  21.170
  40          15.000  -2.788  20.070
  47           8.230  -1.600  10.700
  49          10.850  -5.911   9.500
  49          13.750  -5.911   9.500
  49          10.850  -2.563   7.132
  68          19.800   3.800  18.000
  68          18.400   1.375  18.000
  68          18.400   4.608  20.286
  68          17.000   2.183  20.286
  74          20.035   1.544  15.670
  74          18.400  -1.288  15.670
  80          15.975  -6.241  11.500
  80          19.025  -6.241  11.500
 120          23.400  10.412  17.070
 125          27.900  18.300  12.200
 125          26.500  20.725  12.200
 125          23.700  20.725  12.200
 125          26.500  19.108   9.914
 127          28.100  14.900   9.600
 127          26.700  12.475   9.600
 127          26.700  15.708   7.314
 131          27.700  21.725  15.600
 131          27.700  20.108  17.886
 133          24.135  21.932  15.900
 134          23.300  14.983  18.586
 138          30.900  18.108  17.386
 139          29.135  17.044  20.170
 139          25.865  17.044  20.170
 139          27.500  14.212  20.170
 144          31.200  13.708  16.086
 145          33.670  15.400  13.400
 145          32.035  18.232  13.400
 145          32.035  16.344  10.730
 150          31.270  10.800  12.500
 150          29.635   7.968  12.500
 150          29.635  11.744   9.830
 151          29.435  12.144  18.670
 151          26.165  12.144  18.670
 151          27.800   9.312  18.670
 152          35.365   0.768   0.700
 153          39.625   0.559  -0.200
 153          39.625   4.080  -2.690
 153          38.100   1.439  -2.690
 156          40.870   4.800   1.500
 156          37.600   2.912   4.170
 157          38.100   8.125   2.200
 157          38.100   6.508   4.486
 162          32.065   0.068  -2.900
 162          35.335   0.068  -2.900
 162          35.335   3.844  -5.570
 162          33.700   1.012  -5.570
 163          31.100   4.308  -5.586
 167          31.800  10.525  -0.800
 168          34.135   8.344  -2.170
 169          35.100   9.525   0.900
 171          31.425   7.080  -4.290
 176          27.425   6.380  -6.990
 182          28.235  12.632   0.700
 187          27.480  12.537   4.500
 188          29.760   9.800   3.100
 200          29.770   2.700  -1.500
 210          32.780   1.463   3.400
 212          32.825   7.041   4.400
 212          29.775   7.041   4.400
 212          32.825   5.280   6.890
 219          28.850   6.300   7.600
 219          27.225   9.115   7.600
 219          27.225   7.238  10.254
 236          31.270  -0.900   0.700
 236          29.635   0.044   3.370
 237          24.600  -0.900  -0.800
 237          28.950  -0.063  -3.168
 241          26.300  -0.692  11.286
 242          30.370   0.500   7.600
 242          28.735   3.332   7.600
 242          28.735   1.444  10.270
 247          23.300  -0.592  11.986
 251          27.150   4.100  10.800
 252          23.300   3.176  13.780
 254          25.325   7.080  13.990
 254          22.275   7.080  13.990
 261          24.725  -4.420  11.190
 261          23.200  -7.061  11.190
 262          17.950  -5.600   8.800
 279          24.025  -4.420  -1.090
 282          25.935  -9.732   2.900
 283          28.370  -5.700   3.100
 285          23.465  -8.932   5.600
 285          26.735  -8.932   5.600
 286          28.800  -5.300   6.600
 286          27.350  -4.463   8.968
 286          25.900  -6.974   8.968
 290          17.100 -11.825   0.500
 290          18.500 -11.017  -1.786
 291          18.365 -12.632   3.000
 294          20.300  -8.392   7.186
 294          17.500  -8.392   7.186
 294          18.900 -10.817   7.186
 304          11.250  -7.400   3.700
 304          12.775 -10.041   3.700
 304          15.825 -10.041   3.700
 304          14.300  -9.161   6.190
 304          14.300  -9.161   1.210
 305          14.175  -4.620   6.290
 309          14.500  -6.025  -2.300
 319          11.065  -2.632   2.400
 319          12.700  -1.688   5.070
 326           8.630  -0.200  -2.500
 326          11.900  -2.088  -5.170
 327          11.565  -3.732  -2.100
 331          10.700   3.100   1.100
 334           9.030   6.200  -0.400
 348          12.165  10.144  -0.870
 376          25.150  12.700   6.600
 385          21.200  19.300  10.800
 386          19.200  21.925  12.700
 386          19.200  20.308  14.986
 391          20.335  19.332  18.500
 391          20.335  17.444  21.170
 391          18.700  14.612  21.170
 400          21.170   8.600  19.500
 400          19.535   9.544  22.170
 400          17.900   6.712  22.170
 400          19.535   9.544  16.830
 405          17.135  16.344  24.070
 405          13.865  16.344  24.070
 411          14.620  19.412  14.420
 413          16.800  21.625  17.800
 413          14.000  21.625  17.800
 413          16.800  20.008  20.086
 428          15.425  12.180  23.790
 429          15.025   6.559  21.200
 429          11.975  10.080  23.690
 429          13.500   7.439  18.710
 430           9.500  13.812  21.970
 434          12.035  19.932  19.500
 434          12.035  18.044  22.170
 434           8.765  18.044  22.170
 451           0.100  18.300  19.600
 451           1.500  19.108  21.886
 452           6.335  13.468  21.300
 452           6.335  17.244  23.970
 452           3.065  17.244  23.970
 452           4.700  14.412  23.970
 457           2.000  21.308  19.286
 461          10.325  22.841  15.500
 462           7.575  19.780  19.690
 470          -0.335  22.444   8.630
 471           0.250  25.411  11.700
 471           3.150  23.737   9.332
 475          -3.300  20.025  11.900
 475          -4.700  17.600  11.900
 475          -3.300  18.408   9.614
 476          -3.535  19.632  14.800
 478          -4.925  15.880  17.290
 480          -5.270  15.100  10.500
 484          -2.635  16.744   6.830
 491          -5.835  15.732   7.300
 491          -2.565  13.844   4.630
 491          -5.835  13.844   4.630
 495          -3.800  10.108   4.014
 501          -4.100   8.108   1.514
 501          -2.700   5.683   1.514
 502           2.135   4.668   3.900
 503          -0.535   9.344   0.130
 505           1.465  12.032   1.200
 506           4.250   6.089  -0.100
 506           4.250   9.437  -2.468
 506           1.350   9.437  -2.468
 506           2.800   6.926  -2.468
 510          -8.300   5.900   5.100
 510          -6.900   3.475   5.100
 510          -5.500   4.283   2.814
 513          -1.300   2.239   4.310
 514          -3.625   1.659   8.800
 514          -0.575   1.659   8.800
 515          -7.535  11.232   5.900
 515          -7.535   9.344   3.230
 518         -10.200   8.600   7.900
 518          -8.800   6.175   7.900
 518          -8.800   9.408  10.186
 523          -5.935   3.768   9.800
 526          -1.375   1.659  11.600
 527          -7.050   5.900  12.900
 527          -5.525   3.259  12.900
 527          -5.525   6.780  15.390
 531          -4.900  11.508  16.586
 533          -7.535  14.132  12.500
 533          -9.170  11.300  12.500
 533          -7.535  12.244  15.170
 533          -7.535  12.244   9.830
 541          -1.925   2.759  14.800
 542           0.600   5.339  11.510
 560          -3.000  12.900  18.200
 560          -1.600  13.708  20.486
 568           1.050  20.000   8.000
 575          11.500  20.108  13.386
 579           9.200  26.925   9.800
 579           6.400  26.925   9.800
 580           8.935  26.632  13.000
 587           1.700  25.725  16.900
 587           0.300  23.300  16.900
 587           4.500  24.108  19.186
 587           1.700  24.108  19.186
 593          14.200  26.725  11.000
 593          14.200  25.108  13.286
 597          16.000  24.425   9.700
 597          16.000  22.808  11.986
 600          15.600  26.025   7.100
 600          12.800  26.025   7.100
 614          23.200  17.700   7.200
 629          24.300  13.000   3.000
 636          16.200  15.625  -0.400
 650          15.535  11.432  -4.600
 653           9.575   4.159  -5.800
 653          12.625   4.159  -5.800
 653          12.625   7.680  -8.290
 653          11.100   5.039  -8.290
 654           9.775  11.441  -4.800
 654           8.250   8.800  -4.800
 654           9.775   9.680  -7.290
 662          16.000  -4.325  -5.400
 667          15.000   1.100 -10.200
 669          21.935   6.144 -11.470
 671          14.730   1.800 -12.900
 672          16.675   5.441 -11.800
 674          21.700   4.325 -13.900
 674          18.900   2.708 -16.186
 674          20.300   0.283 -16.186
 679          23.835   1.344 -15.370
 680          26.100  -0.500 -12.400
 680          24.700  -2.925 -12.400
 680          23.300  -2.117 -14.686
 684          16.400  -3.300  -9.500
 691          25.170  -5.400 -10.500
 692          22.735  -5.256 -14.070
 692          21.100  -8.088 -14.070
 694          15.230  -6.400 -11.900
 694          16.865  -9.232 -11.900
 695          17.150  -2.789 -13.000
 695          20.050  -4.463 -15.368
 695          17.150  -4.463 -15.368
 695          18.600  -6.974 -15.368
 699          20.600 -11.025  -7.200
 699          22.000 -10.217  -9.486
 700          17.230  -7.100  -5.100
 707          25.600 -10.400  -1.000
 707          21.400 -12.825  -1.000
 707          24.200 -12.825  -1.000
 707          22.800 -12.017   1.286
 712          27.435  -6.756  -1.930
 713          23.965 -12.032  -5.100
 713          27.235 -12.032  -5.100
 714          24.700 -10.888  -9.170
 715          27.735  -1.168  -6.200
 715          27.735  -3.056  -3.530
 718          26.100  -1.692  -9.786
 721          30.550  -6.900  -7.800
 721          29.025  -9.541  -7.800
 721          29.025  -6.020  -5.310
 721          29.025  -6.020 -10.290
 721          27.500  -8.661 -10.290
 733          26.970   2.100  -8.200
 733          25.335   3.044 -10.870
 737          24.400   6.608  -7.986
 753          21.035  12.644 -10.270
 754          16.550  13.711  -8.100
 754          15.100  11.200  -8.100
 754          16.550  12.037 -10.468
 754          18.000   9.526 -10.468
 758          24.000  13.108  -6.486
 760          24.635   9.344  -5.870
 761          26.300  10.800  -2.600
 761          24.900  13.225  -2.600
 766          21.035  17.032  -4.100
 766          21.035  15.144  -6.770
 768          15.700  15.300  -3.600
 768          17.100  16.108  -5.886
 772          17.800  18.808  -3.586
 774          23.735  14.168   0.000
 775          25.260  18.500   0.400
 776          23.025  19.680   3.990
 777          23.325  21.941  -0.400
 777          23.325  20.180  -2.890
 777          20.275  20.180  -2.890
 782          15.165  20.044  -2.470
 787          14.965  24.732   4.500
 789          22.150  22.300   4.900
 789          20.625  24.941   4.900
 789          20.625  23.180   7.390
 789          17.575  23.180   7.390
 790          19.825  22.680   0.510
 790          16.775  22.680   0.510
 796          12.300  17.612  -0.670
 797          13.335  21.744  -0.970
 798          12.135  23.932   2.700
 807           9.280  26.537   6.700
 807           6.120  26.537   6.700
 807           4.540  23.800   6.700
 807           9.280  24.712   4.120
 807           6.120  24.712   4.120
 825           2.265  18.332   5.700
 825           0.630  15.500   5.700
 848           1.165   1.268  17.500
 848           4.435   1.268  17.500
 852           0.400   0.975  14.800
 852           1.800   1.783  12.514
 853           5.935   1.268  22.000
 854           2.175   1.959  20.700
 856           1.000   6.100  22.900
 860           5.600   1.775  26.300
 861           2.465   2.168  26.500
 863           2.175  10.041  27.000
 863           0.650   7.400  27.000
 864           5.725   6.880  31.290
 864           2.675   6.880  31.290
 864           4.200   4.239  31.290
 868           8.300   3.975  23.000
 869           9.835  11.332  25.000
 869           6.565  11.332  25.000
 870          12.570   7.400  25.200
 871          10.335   3.368  26.000
 871          10.335   7.144  28.670
 871           7.065   7.144  28.670
 871           8.700   4.312  28.670
 882           0.820  11.612  23.280
 883          -3.000   9.800  18.200
 883          -1.600   7.375  18.200
 904           7.000   1.512  18.870
 909           4.330   4.300   9.800
 913          10.925   4.380   4.110
 913           9.400   1.739   4.110
 914           6.820   1.363   7.300
 918           8.000   5.183   3.914
 921          10.200   7.976   3.120
 926           5.600   6.912   3.630
 933           4.400   4.875   6.700
 938           4.365  12.244   0.230
 942           5.300  15.508   0.114
 944          11.200  14.108  -0.586
 944           8.400  14.108  -0.586
 944           9.800  11.683  -0.586
 948          10.400  19.708  -1.386
 948           7.600  19.708  -1.386
 948           9.000  17.283  -1.386
 950           2.030  17.300   2.900
 950           3.665  18.244   0.230
 951           4.865  22.332   3.200
-999
2           5.300  15.508   0.114
 944          11.200  14.108  -0.586
 944           8.400  14.108  -0.586
 944           9.800  11.683  -0.586
 948          10.400  19.708  -1.386
 948           7.600  19.708  -1.