36
1.1,1.61727
1.125,1.5947373
1.15,1.5732188
1.175,1.5526829
1.2,1.5330753
1.225,1.5143418
1.275,1.4792913
1.3,1.4628781
1.325,1.4471475
1.35,1.4320575
1.375,1.4175712
1.4,1.4036548
1.425,1.3902724
1.45,1.377395
1.475,1.364994
1.5,1.3530433
1.525,1.341518
1.55,1.3303947
1.575,1.3196532
1.6,1.3092726
1.625,1.2992344
1.65,1.2895221
1.675,1.2801187
1.7,1.27101
1.725,1.2621807
1.75,1.2536193
1.775,1.2453119
1.8,1.2372473
1.825,1.2294155
1.85,1.2218049
1.875,1.214408
1.9,1.2072131
1.925,1.2002139
1.95,1.1934017
1.975,1.1867683
2.,1.1803078
1.425,1.3902724
1.45,1.377395
1.475,1.364994
1.5,1.3530433
1.525,1.341518
1.55,1.3303947
1.575,1.3196532
1.6,1.3092726
1.625,1.2992344
1.65,1.2895221
1.675,1.2801187
1.7,1.27101