 C - UA   N=  1    (PARALELL   5-15-80)               INVERS
   12
 0.99999892     0.00000000     0.00000000     0.00000000     0.00000000    
 0.00000000     0.00000000     0.00000000     0.00000000     0.00000000    
 0.00000000     0.00000000    
 0.00000000     -8.9999878     0.00000000     -35.999971     0.00000000    
 -144.00005     0.00000000     -575.99925     0.00000000     -2303.9984    
 0.00000000     0.00000000    
 0.00000000     0.00000000    -0.76293957E-04 0.00000000    -0.10986340E-02
 0.00000000    -0.24414074E-02 0.00000000    -0.23437511E-01 0.00000000    
  103679.95     0.00000000    
 0.00000000      23.999977     0.00000000      447.99923     0.00000000    
  4223.9999     0.00000000      30719.989     0.00000000      194559.99    
 0.00000000      933121.56    
 0.00000000     0.00000000     -539.99888     0.00000000     -8639.9722    
 0.00000000     -86399.757     0.00000000     -691198.82     0.00000000    
  840961.21     0.00000000    
 0.00000000     -15.999990     0.00000000     -960.00301     0.00000000    
  41128.820     0.00000000      965935.46     0.00000000      12144196.    
 0.00000000      17599564.    
 0.00000000     0.00000000      287.99951     0.00000000      58367.860    
 0.00000000      795151.11     0.00000000      5443972.3     0.00000000    
 -2833318.1     0.00000000    
 0.00000000     0.00000000     0.00000000     -32399.952     0.00000000    
 -335878.49     0.00000000     -3766998.0     0.00000000     -65197253.    
 0.00000000    -0.16510987E+10
 0.00000000     0.00000000     -3071.9971     0.00000000      84991.621    
 0.00000000      79918.015     0.00000000      10321915.     0.00000000    
-0.47045499E+09 0.00000000    
 0.00000000     0.00000000     0.00000000     -51840.126     0.00000000    
  8346661.3     0.00000000     0.18717068E+09 0.00000000     0.18953144E+10
 0.00000000     0.40271878E+10
 0.00000000     0.00000000      255.99986     0.00000000      746112.70    
 0.00000000     -65614175.     0.00000000    -0.24231618E+10 0.00000000    
-0.43983674E+11 0.00000000    
 0.00000000     0.00000000     0.00000000     -126719.89     0.00000000    
  6082174.7     0.00000000    -0.13812881E+09 0.00000000    -0.21057790E+10
 0.00000000     0.18736624E+11
71