
 C - UA=UB   N=  1  (PARALELL 5-15-80)                INVERS
   10
          1.000          3.000          9.000         23.000         57.000
        134.999        312.998        710.995       1592.986       3526.965
          0.000         -9.000        -27.000       -116.999       -314.998
       -980.993      -2474.978      -6740.935     -16298.820     -41300.502
          0.000         -4.000        -24.000       -108.000       -400.003
      -1332.010      -4104.038     -11964.110     -33408.332     -90180.933
          0.000         24.000        287.999       1959.991       8591.959
      36407.819     124927.305     430533.467    1307751.327    4009275.562
          0.000          0.000       -523.998      -3095.979     -22355.827
     -90911.115    -417559.693   -1433574.650   -5330464.673  -16547811.819
          0.000        -16.000          0.000      -2399.999     -31183.973
    -145351.223    -936934.027   -3328037.598  -15752593.350  -49560013.527
          0.000          0.000        287.999      16783.942     201455.036
    1506519.645    8658522.377   43459772.637  189016959.999  775302757.581
          0.000          0.000       1279.998     -25487.924    -313102.197
   -2125908.432  -15546548.060  -78642088.351 -406638299.771-1755683605.547
          0.000          0.000      -3071.991      10944.002     111167.439
    -563333.607  -16180561.427 -132827669.030 -908109718.744-4887099587.216
          0.000          0.000       4607.986     -34176.210     186237.718
   15865317.238  127592368.175 1127297527.530 6938242732.16439736395223.271
 -2125908.432  -15546548.060  -78642088.351 -406638299.771-1755683605.547
          0.000          0.000      -3071.991      10944.002     111167.439
    -563333.607  -16180561.427 -132827669.030 -908109718.744-4887099587.216
          0.000          0.000       4607.986     -34176.210     186237.718
   