
    9
    -0.66667     0.00000    -0.22222     0.00000    -0.07407
     0.00000    -0.02469     0.00000    -0.00823     0.00000
     1.50000     0.00000     2.00000     0.00000     2.16667
     0.00000     2.22222     0.00000    -0.22222     0.00000
    -0.14815     0.00000    -0.07406     0.00000    -0.03290
     0.00000    -0.01369     0.00000     2.00000     0.00000
     0.00002     0.00000    -6.66670     0.00000   -17.77794
     0.00000    -0.07407     0.00000    -0.07406     0.00000
     9.32556     0.00000    38.09757     0.00000    95.61145
     0.00000     2.16667     0.00000    -6.66670     0.00000
   -69.14721     0.00000  -270.26636     0.00000    -0.02469
     0.00000    -0.03290     0.00000    38.09757     0.00000
   201.81306     0.00000   670.40588     0.00000     2.22222
     0.00000   -17.77792     0.00000  -270.26632     0.00000
 -1141.97517     0.00000    -0.00823     0.00000    -0.01369
     0.00000    95.61137     0.00000   670.40584     0.00000
  2344.67685
-69.14721     0.00000  -270.26636     0.00000    -0.02469
     0.00000    -0.03290     0.00000    38.09757     0.00000
   201.81306    