
 C - UB   N=  1  (PARALELL 5-15-80)                   INVERS
   11
-0.33333295     0.00000000    -0.44444394     0.00000000    -0.59259140    
 0.00000000    -0.79012215     0.00000000     -1.0534965     0.00000000    
 -1.4046603    
 0.00000000      2.9999959     0.00000000      15.999972     0.00000000    
  69.333255     0.00000000      284.44409     0.00000000      635.25831    
 0.00000000    
-0.44444394     0.00000000     -1.1851817     0.00000000     -2.3699349    
 0.00000000     -4.2117929     0.00000000     -7.0166027     0.00000000    
 -16139.197    
 0.00000000      15.999972     0.00000000     0.39672863E-03 0.00000000    
 -853.33359     0.00000000     -9102.2098     0.00000000     -146488.72    
 0.00000000    
-0.59259140     0.00000000     -2.3699349     0.00000000      1193.6777    
 0.00000000      19505.923     0.00000000      195811.56     0.00000000    
  1193912.6    
 0.00000000      69.333231     0.00000000     -853.33192     0.00000000    
 -35403.275     0.00000000     -553503.03     0.00000000     -6524461.5    
 0.00000000    
-0.79012215     0.00000000     -4.2114269     0.00000000      19505.935    
 0.00000000      413311.71     0.00000000      5491946.9     0.00000000    
  62344348.    
 0.00000000      284.44433     0.00000000     -9102.2050     0.00000000    
 -553503.39     0.00000000     -9355027.6     0.00000000     -76396858.    
 0.00000000    
 -1.0534965     0.00000000     -7.0146501     0.00000000      195811.74    
 0.00000000      5491951.7     0.00000000      76830148.     0.00000000    
 0.78694701E+09
 0.00000000      635.25807     0.00000000     -146488.72     0.00000000    
 -6524453.1     0.00000000     -76396679.     0.00000000      24675172.    
 0.00000000    
 -1.4046603     0.00000000     -16139.191     0.00000000      1193912.6    
 0.00000000      62344348.     0.00000000     0.78694713E+09 0.00000000    
-0.17090868E+10
