 C - UA   N=   1  M=   0  (PARALLEL  1-14-80)         INVERS
   10
     1.00000     1.50000     2.25000     2.87500     3.56250
     4.21875     4.89062     5.55469     6.22266     6.88867
     0.00000    -2.25000    -3.37500    -7.31250    -9.84375
   -15.32812   -19.33594   -26.33203   -31.83398   -40.33301
     0.00000    -0.50000    -1.50000    -3.37500    -6.25004
   -10.40634   -16.03146   -23.36754   -32.62558   -44.03406
     0.00000     1.50000     9.00000    30.62500    67.12503
   142.21899   244.00055   420.44667   638.55701   978.83815
     0.00000     0.00000    -8.18750   -24.18747   -87.32804
  -177.56242  -407.77739  -699.99632 -1301.40024 -2020.02679
     0.00000    -0.25000     0.00000    -9.37504   -60.90647
  -141.94502  -457.48896  -812.51245 -1922.93298 -3024.92087
     0.00000     0.00000     1.12500    32.78129   196.73459
   735.61020  2113.91314  5305.19387 11536.79252 23660.61643
     0.00000     0.00000     2.50000   -24.89066  -152.88293
  -519.02514 -1897.79072 -4799.99142-12409.78299-26790.01913
     0.00000     0.00000    -3.00000     5.34378    27.14072
   -68.76649  -987.58799 -4053.59971-13856.73543-37285.85115
     0.00000     0.00000     2.25000    -8.34379    22.73433
   968.34794  3893.84100 17201.34125 52935.12041151583.98401
660.61643
     0.00000     0.00000     2.50000   -24.89066  -152.88293
  -519.02514 -1897.79072 -4799.99142-12409.78299-26790.01913
     0.00000     0.00000    -3.00000     5.34378    27.14072
   -68.76649  -987.58799 -405