
 C - UB   N=   1  M=   0  (PERPENDICULAR  5-15-80)    INVERS
   13
-0.33333325     0.00000000      1.7777788     0.00000000     -9.4814848    
 0.00000000      50.567972     0.00000000     -269.69569     0.00000000    
  1438.3816     0.00000000     -7671.3454    
 0.00000000      2.9999989     0.00000000      79.999995     0.00000000    
  1109.3336     0.00000000      18659.549     0.00000000      293698.48    
 0.00000000     -3663543.4     0.00000000    
  1.7777788     0.00000000     -18.962961     0.00000000      151.70371    
 0.00000000     -1078.7588     0.00000000      7193.5009     0.00000000    
 -46024.012     0.00000000    -0.56594407E+09
 0.00000000      79.999995     0.00000000    -0.97656261E-03 0.00000000    
  64170.634     0.00000000      320400.11     0.00000000      2446640.7    
 0.00000000    -0.12656277E+10 0.00000000    
 -9.4814848     0.00000000      151.70395     0.00000000     -7762.1877    
 0.00000000      1357875.4     0.00000000      67518115.    -0.10171186E+09
 0.29447907E+10 0.10849261E+10-0.68006122E+11
 0.00000000      1109.3336     0.00000000      64170.634     0.00000000    
  7287840.8     0.00000000     0.20078957E+09 0.00000000     0.55944752E+10
 0.80215883E+09-0.29518026E+12 0.50029647E+11
  50.567972     0.00000000     -1078.7588     0.00000000      1357876.0    
 0.00000000     -27910220.     0.00000000    -0.12314635E+09-0.13167828E+11
 0.16733580E+11 0.14494776E+12-0.99619722E+13
 0.00000000      18659.555     0.00000000      320399.70     0.00000000    
 0.20078915E+09 0.00000000     0.47423911E+10 0.00000000     0.16099309E+12
 0.58766674E+11-0.20587468E+14 0.74408996E+13
 -269.69569     0.00000000      7193.2506     0.00000000      67518043.    
 0.00000000    -0.12314224E+09 0.00000000     0.23376363E+12 0.29794740E+13
 0.11926764E+13-0.29237502E+14-0.49066478E+15
 0.00000000      293698.31     0.00000000      2446681.8     0.00000000    
 0.55944883E+10 0.00000000     0.16236466E+12 0.00000000     0.91226994E+12
 0.19674563E+14-0.14217370E+16-0.18372625E+16
  1438.3816     0.00000000     -46024.012    -0.16078168E+09 0.25379443E+10
 0.61278390E+11-0.45584177E+11 0.12885022E+13 0.16682296E+14 0.18694919E+15
 0.24724310E+15-0.27214366E+16-0.32930386E+17
 0.00000000     -3663543.4     0.00000000    -0.12656277E+10 0.28940701E+10
-0.28785663E+12-0.10104012E+13-0.19246041E+14-0.57007586E+14-0.16611218E+16
-0.69123947E+16-0.67272865E+17-0.71810185E+17
 -7671.3454     0.00000000    -0.56594419E+09 0.17150056E+10-0.63666355E+11
-0.67580652E+12-0.93533492E+13-0.60791158E+13-0.66725528E+15-0.16290599E+16
-0.30710136E+17 0.53526544E+17 0.49140846E+18
