
 C - UA   N=   1  M=   0  (PERPENDICULAR  5-15-80)    INVERS
   14
 0.99999976     0.00000000     0.00000000     0.00000000     0.00000000    
 0.00000000     0.00000000     0.00000000     0.00000000     0.00000000    
 0.00000000     0.00000000     0.00000000     0.00000000    
 0.00000000     -8.9999938     0.00000000     -287.99986     0.00000000    
 -4607.9981     0.00000000     -73727.965     0.00000000     -1179648.0    
 0.00000000     -18874365.     0.00000000     0.00000000    
 0.00000000     0.00000000    -0.76293957E-04 0.00000000    -0.29296886E-02
 0.00000000    -0.12500011     0.00000000     -1.5000009     0.00000000    
 -64.000010     0.00000000     0.16986936E+10 0.00000000    
 0.00000000     -95.999920     0.00000000     -511.99889     0.00000000    
  73727.977     0.00000000      3538942.9     0.00000000     0.11114913E+09
 0.36490428E+09 0.14596194E+10 0.00000000     0.47393584E+11
 0.00000000     0.00000000     -1728.0000     0.00000000     -55295.979    
 0.00000000     -7962615.4     0.00000000    -0.38220578E+09 0.00000000    
-0.13212066E+11-0.22271746E+10-0.46393084E+11-0.21018475E+12
 0.00000000     -255.99986     0.00000000     -81919.908     0.00000000    
 -6881272.7     0.00000000    -0.35232144E+09 0.00000000    -0.13841205E+11
-0.11148542E+12-0.14693969E+11-0.48582613E+11 0.10647326E+14
 0.00000000     0.00000000     -57600.009     0.00000000     -3883005.3    
 0.00000000    -0.32315784E+09 0.00000000    -0.86444580E+10 0.00000000    
 0.24523848E+11 0.32846260E+12 0.26820820E+14 0.64193487E+14
 0.00000000     0.00000000     0.00000000     -331776.38     0.00000000    
 -38928425.     0.00000000     0.28789359E+09 0.00000000    -0.14841359E+12
 0.18519562E+12-0.18511444E+14 0.18453466E+14 0.32155573E+15
 0.00000000     0.00000000     -1130495.6     0.00000000    -0.11508119E+09
 0.00000000    -0.16517168E+11 0.00000000    -0.91197097E+12 0.00000000    
-0.38130378E+14-0.34429401E+14 0.12585484E+16-0.17871421E+15
 0.00000000     0.00000000     0.00000000     -18579471.     0.00000000    
-0.32275176E+10 0.00000000    -0.88268887E+11 0.00000000    -0.11933881E+14
-0.21205347E+13-0.92738986E+15 0.14188653E+16 0.47852718E+17
 0.00000000     0.00000000     -18808835.     0.00000000    -0.23873442E+10
 0.30859565E+10-0.48559135E+12 0.74343681E+12-0.32804423E+14-0.18668246E+15
-0.15647399E+16-0.19545209E+17 0.10386514E+18 0.14188641E+17
 0.00000000     0.00000000     0.00000000    -0.59513235E+09-0.19126027E+10
-0.15483909E+12-0.46066975E+12-0.10416656E+14-0.62815415E+14-0.23330080E+15
-0.10306900E+17 0.24775379E+17 0.47398090E+18 0.21892660E+19
 0.00000000     0.00000000     0.00000000     0.00000000     0.35120451E+11
 0.34426808E+11 0.75965261E+13 0.86438167E+13 0.89007794E+15 0.11850005E+16
 0.66945683E+17 0.25881189E+18 0.36733496E+19 0.58336114E+19
 0.00000000     0.00000000     0.00000000     0.42089796E+10 0.00000000    
 0.97091972E+12-0.74742424E+12 0.16817504E+15-0.18862962E+15 0.13833039E+17
 0.29259181E+17 0.93915021E+18 0.29394125E+19 0.23127365E+20
