
 C - UA=UB   N=   1  M=   0  (PERPENDICULAR  5-15-80) INVERS
   12
                    1.000                    3.000                    9.000                   43.000                  176.999
                  674.997                 2712.987                10970.941                43712.741               174545.876
               699172.149              2796918.168
                    0.000                   -9.000                  -27.000                 -368.999                -1250.993
                -8792.957               -32282.787              -190591.840              -712461.587             -3833550.481
            -14550097.253            -73923910.423
                    0.000                   16.000                   96.000                  431.998                 2239.982
                11087.897                50975.241               232171.767              1049446.044              4663311.944
             20497190.953             89468602.067
                    0.000                  -96.000                  144.001                 1216.003                10608.005
               140255.831              1369164.785             10738914.102             64587882.876            432063182.567
           2654685770.490          14499125557.944
                    0.000                    0.000                -1471.999                -8063.982               -88127.808
              -547582.484            -10526369.228            -48601493.406           -587067292.424          -2628289738.176
         -25124523079.997        -109923045995.559
                    0.000                 -255.999                13823.977                19455.855               761597.253
             -1653513.837             64715539.013            105399665.233           2726982398.637           4809605103.492
         -31132580471.142        -121033065011.846
                    0.000                    0.000               -57599.908              -286206.890             -4891372.394
            -15326068.041           -369999547.295          -2090662279.225         -17118765068.062         -88347303640.426
        -478129747416.216       -1468386766696.111
                    0.000                    0.000               286719.405              1880056.270             18366401.033
             82861500.042           2752887537.423          18432462369.247         162950187653.056         801521248793.751
        6002053706380.497       11403639553588.346
                    0.000                    0.000             -1130493.477             -3022818.595           -107716235.930
            255542725.050         -12913599527.721         -54089520697.014       -1010882496141.772       -2638938020940.719
      -15020875471856.646      -21631111828328.055
                    0.000                    0.000              4718581.288             18972582.244            167607587.935
          -1911028203.591          59464560962.330         369752212654.666        4111789147493.062       13939021403009.838
       86458559123988.598     -249255237984312.975
                    0.000                    0.000            -18808805.376             19464371.497          -2926630743.926
          21757557147.120         268355356390.173        3236792724886.247        8235477373314.465       76974780833953.235
     1363602538656688.047    -2999748868722822.764
                    0.000                    0.000             75497260.608              8845608.023           2233913763.893
         -97568269660.337       -1204000854211.158      -12025123801727.575     -106924350231222.135     -570483063015498.096
   -11468617324945623.667     6239249185157190.458
     76974780833953.235
     1363602538656688.047    -2999748868722822.764
                    