 C - UA=UB   DIFFERENCE BETWEEN INVERSE PARALLEL & PERPENDICULAR   
   10
 0.00000000      3.0000013      27.000010      141.00009      735.00120    
  3644.9718      17318.892      80036.437      364091.75      1631261.7    
 0.00000000     -27.000010     -189.00012     -1502.9859     -8828.9439    
 -53990.590     -284514.42     -1535088.4     -7632534.5     -38458186.    
 0.00000000     -48.000013     -480.00013     -3887.9990     -27840.185    
 -181585.31     -1101609.4     -6357797.3     -35259592.    -0.18935394E+09
 0.00000000      480.00013      9071.9676      124223.53      1089164.0    
  9180144.0      62593626.     0.43012744E+09 0.26136875E+10 0.15989941E+11
 0.00000000     0.00000000     -32063.877     -388221.38     -5634965.8    
 -45998930.    -0.41705477E+09-0.28873598E+10-0.21246528E+11-0.13293147E+12
 0.00000000     -768.00107     -13823.992     -633855.81     -16727799.    
-0.14718627E+09-0.19835573E+10-0.13737052E+11-0.13177233E+12-0.81680059E+12
 0.00000000     0.00000000      131327.80      8879588.8     0.21118146E+09
 0.31006795E+10 0.35835313E+11 0.35811328E+12 0.31139743E+13 0.25493478E+14
 0.00000000     0.00000000      368639.64     -27979701.    -0.65959990E+09
-0.87905836E+10-0.13011032E+12-0.13069057E+13-0.13487690E+14-0.11586213E+15
 0.00000000     0.00000000     -2015227.0      25436156.     0.56305837E+09
-0.48703718E+10-0.25218892E+12-0.42984098E+13-0.58503019E+14-0.63792335E+15
 0.00000000     0.00000000      4718576.6    -0.15895843E+09 0.13580530E+10
 0.26184844E+12 0.41214841E+13 0.73508822E+14 0.90529739E+15 0.10402727E+17
.87905836E+10-0.13011032E+12-0.13069057E+13-0.13487690E+14-0.11586213E+15
 0.00000000     0.00000000     -2015227.0      25436156.     0.56305837E+09
-0.48703718E+10-0.25218892E+12-0.42984098E+13-0.58503019E+14-0.63792335E+15
 0.00000000     0.00000000      4718576.6    -0.15895843E+09 0.13580530E+1