
 D - UA=UB   N=   1  M=  +-1                          INVERS
   12
  19261664.     0.00000000     0.00000000     0.00000000     0.00000000    
 0.00000000     0.00000000     0.00000000     0.00000000     0.00000000    
 0.00000000     0.00000000    
 0.00000000    -0.13912522E+15 0.00000000     0.00000000     0.00000000    
 0.00000000     0.00000000     0.00000000     0.00000000     0.00000000    
 0.00000000     0.00000000    
 0.00000000     0.10434395E+15 0.66990518E+21 0.10434395E+15-0.10434395E+15
 0.10434395E+15-0.10434395E+15 0.10434395E+15-0.10434395E+15 0.10434395E+15
-0.34781277E+15 0.17390739E+14
 0.00000000     0.00000000    -0.10048580E+22-0.24191838E+28-0.10048580E+22
 0.10048580E+22-0.10048580E+22 0.10048580E+22-0.10048580E+22 0.10048580E+22
-0.10048580E+22 0.33495241E+22
 0.00000000     0.34781312E+14 0.37682151E+21 0.54431629E+28 0.69887721E+34
 0.54431629E+28-0.54431617E+28 0.54431593E+28-0.54431593E+28 0.54431593E+28
-0.54431593E+28 0.54431521E+28
 0.00000000     0.00000000    -0.33495265E+21-0.40823698E+28-0.20966327E+35
-0.16824370E+41-0.20966309E+35 0.20966297E+35-0.20966297E+35 0.20966285E+35
-0.20966279E+35 0.20966279E+35
 0.00000000     0.00000000     0.25121444E+21 0.28349792E+28 0.23587119E+35
 0.63091313E+41 0.34714901E+47 0.63091278E+41-0.63091278E+41 0.63091242E+41
-0.63091170E+41 0.63091123E+41
 0.00000000     0.00000000     0.15651589E+15-0.27215814E+28-0.18782329E+35
-0.94637048E+41-0.15621727E+48-0.62674129E+53-0.15621685E+48 0.15621685E+48
-0.15621668E+48 0.15621656E+48
 0.00000000     0.00000000     0.41868954E+20 0.10205912E+28 0.17936027E+35
 0.92008101E+41 0.29290711E+48 0.32903927E+54 0.10057616E+60 0.32903861E+54
-0.32903838E+54 0.32903772E+54
 0.00000000     0.00000000     0.15651589E+15-0.45359420E+27-0.11793541E+35
-0.89707922E+41-0.34497952E+48-0.74033820E+54-0.60345637E+60-0.14525485E+66
-0.60345494E+60 0.60345423E+60
 0.00000000     0.00000000    -0.15651583E+15 0.34019517E+27 0.55691516E+34
 0.74970149E+41 0.36003124E+48 0.10351026E+55 0.15840739E+61 0.98047077E+66
 0.19070428E+72 0.98046624E+66
 0.00000000     0.00000000     0.15651589E+15 0.30145704E+22-0.39311581E+34
-0.46003937E+41-0.34233462E+48-0.11876249E+55-0.25772601E+61-0.29414135E+67
-0.14302825E+73-0.22950309E+78
