
 C - UB   N=  1  (PARALELL 5-15-80)                         
    9
 -3.0000042     0.00000000      4.0000039     0.00000000     0.00000000    
 0.00000000     0.00000000     0.00000000     0.00000000    
 0.00000000     -27.000027     0.00000000     -72.000038     0.00000000    
 -288.00034     0.00000000     -1152.0028     0.00000000    
  4.0000039     0.00000000     -243.00009     0.00000000     -1620.0035    
 0.00000000     -9072.0129     0.00000000     -46656.048    
 0.00000000     -72.000038     0.00000000     -1515.0028     0.00000000    
 -14752.030     0.00000000     -108912.16     0.00000000    
 0.00000000     0.00000000     -1620.0035     0.00000000     -26163.029    
 0.00000000     -269100.54     0.00000000     -2208675.7    
 0.00000000     -288.00034     0.00000000     -14752.030     0.00000000    
 -142752.23     0.00000000     -787711.73     0.00000000    
 0.00000000     0.00000000     -9072.0129     0.00000000     -269100.54    
 0.00000000     -2840403.3     0.00000000     -17256778.    
 0.00000000     -1152.0028     0.00000000     -108912.22     0.00000000    
 -787712.21     0.00000000      5731338.2     0.00000000    
 0.00000000     0.00000000     -46656.060     0.00000000     -2208675.7    
 0.00000000     -17256790.     0.00000000     0.10171794E+09
