
 C - UB   N=   1  M=   0  (PERPENDICULAR  5-15-80)          
   11
 -3.0000013     0.00000000     -16.000020     0.00000000     0.00000000    
 0.00000000     0.00000000     0.00000000     0.00000000     0.00000000    
 0.00000000    
 0.00000000     -27.000010     0.00000000     -1008.0009     0.00000000    
 -18432.015     0.00000000     -294912.09     0.00000000     -4718594.5    
 0.00000000    
 -16.000020     0.00000000     -243.00009     0.00000000     -16848.009    
 0.00000000     -580608.36     0.00000000     -14598160.     0.00000000    
-0.31850516E+09
 0.00000000     -1008.0009     0.00000000     -19083.011     0.00000000    
 -967088.10     0.00000000     -22600728.     0.00000000    -0.50110471E+09
 0.00000000    
 0.00000000     0.00000000     -16848.009     0.00000000     -766179.20    
 0.00000000     -43912106.     0.00000000    -0.17860811E+10 0.91540670E+09
-0.60161185E+11
 0.00000000     -18432.015     0.00000000     -967088.10     0.00000000    
 -95203852.     0.00000000    -0.36340904E+10 0.00000000    -0.12493139E+12
 0.92578780E+10
 0.00000000     0.00000000     -580608.36     0.00000000     -43912106.    
 0.00000000    -0.27027589E+10 0.00000000    -0.13451999E+12 0.12827485E+12
-0.55235993E+13
 0.00000000     -294912.21     0.00000000     -22600728.     0.00000000    
-0.36340892E+10 0.00000000    -0.16144388E+12 0.00000000    -0.67474400E+13
 0.22303134E+13
 0.00000000     0.00000000     -14598160.     0.00000000    -0.17860805E+10
 0.00000000    -0.13451999E+12 0.00000000    -0.92156040E+13-0.25525116E+14
-0.35380238E+15
 0.00000000     -4718594.5     0.00000000    -0.50110507E+09 0.00000000    
-0.12493139E+12 0.00000000    -0.67597818E+13 0.00000000    -0.33208036E+15
-0.56004750E+15
 0.00000000     0.00000000    -0.31850516E+09 0.14470356E+10-0.56499552E+11
-0.53607094E+12-0.49236786E+13-0.17438101E+14-0.48734426E+15-0.21045857E+16
-0.21262323E+17
