 C - UA=UB   N=   1  M=   0  (PERPENDICULAR  5-15-80) SUM   
   12
  1.0000014     -3.0000013     0.00000000     -16.000020     0.00000000    
 0.00000000     0.00000000     0.00000000     0.00000000     0.00000000    
 0.00000000     0.00000000    
 0.00000000      9.0000009     -27.000010      288.00010     -1008.0009    
  4608.0029     -18432.015      73728.036     -294912.09      1179649.2    
 -4718594.5      18874377.    
 0.00000000     -16.000020      81.000030     -243.00009      5184.0007    
 -16848.009      165888.13     -580608.36      3981315.4     -14598160.    
  84934723.    -0.31850516E+09
 0.00000000      96.000015     -1008.0009      1241.0008     -19083.011    
 -3744.0097     -967088.10     -179712.11     -22600728.      2318336.3    
-0.86600923E+09 0.16935831E+10
 0.00000000     0.00000000      3456.0012     -16848.009      126369.05    
 -766179.20      8654979.4     -43912106.     0.34865975E+09-0.17860811E+10
 0.12075775E+11-0.64502286E+11
 0.00000000      256.00010     -18432.015      136352.12     -967088.10    
  10548400.     -95203852.     0.59069490E+09-0.36340904E+10 0.26222473E+11
-0.13445866E+11 0.52048826E+12
 0.00000000     0.00000000      71424.055     -580608.36      6303167.3    
 -43912106.     0.55188179E+09-0.27027589E+10 0.23962795E+11-0.13451999E+12
 0.90655982E+12-0.39153885E+13
 0.00000000     0.00000000     -294912.21      2011393.9     -22600728.    
 0.19707936E+09-0.36340892E+10 0.13607496E+11-0.16144388E+12 0.89157152E+12
-0.69326353E+13 0.47776281E+14
 0.00000000     0.00000000      1179648.6     -14598160.     0.16821032E+09
-0.17860805E+10 0.22163563E+11-0.13451999E+12 0.13090986E+13-0.92156040E+13
 0.36975842E+14-0.30148810E+15
 0.00000000     0.00000000     -4718594.5      53084170.    -0.50110507E+09
 0.81204974E+10-0.12493139E+12 0.68422532E+12-0.67597818E+13 0.53517377E+14
-0.32995969E+15 0.25563031E+16
 0.00000000     0.00000000      18874394.    -0.31850516E+09 0.51742315E+10
-0.59585535E+11 0.16274434E+12-0.56671178E+13 0.35338383E+14-0.30066174E+15
 0.10500389E+16-0.16574037E+16
 0.00000000     0.00000000     -75497472.     0.11890864E+10-0.14580196E+11
 0.26273965E+12-0.14282375E+13 0.19851380E+14-0.16002666E+15 0.11938703E+16
-0.48955249E+16-0.18898636E+17
63