 TWO SPHERES BY THE METHOD OF REFLECTIONS - PARALLEL
   10
  1.0000008     0.00000000     0.00000000     0.00000000     0.00000000    
 0.00000000     0.00000000     0.00000000     0.00000000     0.00000000    
 0.00000000      2.2500008     0.00000000      2.2500008     0.00000000    
  2.2500008     0.00000000      2.2500014     0.00000000      2.2500008    
 0.00000000     0.00000000      5.0625014     0.00000000      10.125011    
 0.00000000      15.187507     0.00000000      20.250010     0.00000000    
 0.00000000     -1.5000009     0.00000000      4.3906271     0.00000000    
  17.671889     0.00000000      38.343769     0.00000000      66.406261    
 0.00000000     0.00000000      1.6875010     0.00000000      21.128916    
 0.00000000      74.390637     0.00000000      177.53916     0.00000000    
 0.00000000     0.25000011     0.00000000      18.937510     0.00000000    
  55.468761     0.00000000      90.468764     0.00000000      85.781300    
 0.00000000     0.00000000      2.2500020     0.00000000      41.800796    
 0.00000000      116.27352     0.00000000      115.62907     0.00000000    
 0.00000000     0.00000000     0.00000000      20.250010     0.00000000    
  14.765626     0.00000000     -255.09381     0.00000000     -1386.9851    
 0.00000000     0.00000000      2.2499990     0.00000000      69.863271    
 0.00000000      126.11728     0.00000000     -564.20302     0.00000000    
 0.00000000     0.00000000     0.00000000      25.312513     0.00000000    
 -45.000010     0.00000000     -1050.1885     0.00000000     -5780.7505    
   10
 0.00000000     -1.5000009     0.00000000     0.50000011     0.00000000    
 0.00000000     0.00000000     0.00000000     0.00000000     0.00000000    
 0.00000000     0.00000000     -3.3750009     0.00000000     -2.2500008    
 0.00000000     -2.2500014     0.00000000     -2.2500002     0.00000000    
 0.00000000     0.50000011     0.00000000     -7.5937497     0.00000000    
 -12.656259     0.00000000     -17.718762     0.00000000     -22.781258    
 0.00000000     0.00000000     -2.2500008     0.00000000     -11.835944    
 0.00000000     -28.812503     0.00000000     -53.179681     0.00000000    
 0.00000000     0.00000000     0.00000000     -12.656259     0.00000000    
 -51.099622     0.00000000     -131.39659     0.00000000     -269.61332    
 0.00000000     0.00000000     -2.2500008     0.00000000     -28.812509    
 0.00000000     -69.703102     0.00000000     -96.156227     0.00000000    
 0.00000000     0.00000000     0.00000000     -17.718762     0.00000000    
 -131.39659     0.00000000     -346.72862     0.00000000     -526.63457    
 0.00000000     0.00000000     -2.2500020     0.00000000     -53.179693    
 0.00000000     -96.156263     0.00000000      174.90649     0.00000000    
 0.00000000     0.00000000     0.00000000     -22.781264     0.00000000    
 -269.61338     0.00000000     -526.63493     0.00000000      776.04508    
 0.00000000     0.00000000     -2.2500008     0.00000000     -84.937512    
 0.00000000     -60.625016     0.00000000      1501.8761     0.00000000    
.00000000     -96.156263     0.00000000      174.90649     0.00000000    
 0.00000000     0.00000000     0.00000000     -22.781264     0.00000000    
 -269.61338     0.00000000     -526.63493     0.00000000      776.04508    
 0.00000000     0.00000000     -2.2500008     0.00000000     -84.937512    
 