 D - UB   N=   1  M=   1  (SCALE = X*1.5/4**(I+J-2))
   12
 0.00000000E+00 0.00000000E+00 0.00000000E+00 0.00000000E+00 0.00000000E+00 
 0.00000000E+00 0.00000000E+00 0.00000000E+00 0.00000000E+00 0.00000000E+00 
 0.00000000E+00 0.00000000E+00
 0.00000000E+00 -4.0000000     0.00000000E+00 0.00000000E+00 0.00000000E+00 
 0.00000000E+00 0.00000000E+00 0.00000000E+00 0.00000000E+00 0.00000000E+00 
 0.00000000E+00 0.00000000E+00
 0.00000000E+00 0.00000000E+00 -36.000000     0.00000000E+00 -768.00000 
 0.00000000E+00 -12288.002     0.00000000E+00 -196608.06     0.00000000E+00 
 -3145728.5     -39845896.
 0.00000000E+00 0.00000000E+00 0.00000000E+00 -324.00000     0.00000000E+00 
 -17280.000     0.00000000E+00 -497664.09     0.00000000E+00 -11501570. 
  7077882.0    -0.26895978E+09
 0.00000000E+00 0.00000000E+00 -1152.0000     0.00000000E+00 -103268.00 
 0.00000000E+00 -3755008.0     0.00000000E+00-0.12052480E+09 0.00000000E+00 
-0.34625295E+10-0.61329905E+10
 0.00000000E+00 0.00000000E+00 0.00000000E+00 -20736.000     0.00000000E+00 
 -1500804.0     0.00000000E+00 -56753280.     0.00000000E+00-0.13727235E+10 
 0.56258248E+10-0.46025773E+11
 0.00000000E+00 0.00000000E+00 -18432.002     0.00000000E+00 -2540928.3 
 0.00000000E+00 -92648112.     0.00000000E+00-0.40179277E+10 0.00000000E+00 
-0.15646622E+12-0.61987521E+12
 0.00000000E+00 0.00000000E+00 0.00000000E+00 -663552.06     0.00000000E+00 
 -87704080.     0.00000000E+00-0.67217213E+10 0.00000000E+00-0.32600847E+12 
-0.25107568E+13-0.32211526E+13
 0.00000000E+00 0.00000000E+00 -294912.03     0.00000000E+00 -55904268. 
 0.00000000E+00-0.21742331E+10 0.00000000E+00-0.16169045E+12 0.00000000E+00 
-0.85053554E+13-0.45743444E+14
 0.00000000E+00 0.00000000E+00 0.00000000E+00 -15925250.     0.00000000E+00 
-0.31216435E+10 0.00000000E+00-0.33544123E+12 0.00000000E+00-0.19751496E+14 
-0.19162151E+15-0.19545374E+15
 0.00000000E+00 0.00000000E+00 -4718593.0     0.00000000E+00-0.11669014E+10 
 0.00000000E+00-0.64158962E+11 0.00000000E+00-0.91434590E+13 0.00000000E+00 
-0.96034610E+15-0.23329771E+16
 0.00000000E+00 0.00000000E+00 0.00000000E+00-0.33973869E+09 0.16944987E+10 
-0.90845897E+11-0.74824679E+11-0.12297871E+14-0.71060402E+14-0.83570024E+15 
-0.15716335E+17-0.24109039E+17
4E+15
 0.