 D - UB   N=   1  M=  -1  (SCALE = X*1.5/4**(I+J-2)
   12
 0.00000000E+00 0.00000000E+00 0.00000000E+00 0.00000000E+00 0.00000000E+00 
 0.00000000E+00 0.00000000E+00 0.00000000E+00 0.00000000E+00 0.00000000E+00 
 0.00000000E+00 0.00000000E+00
 0.00000000E+00 -8.0000000     0.00000000E+00 0.00000000E+00 0.00000000E+00 
 0.00000000E+00 0.00000000E+00 0.00000000E+00 0.00000000E+00 0.00000000E+00 
 0.00000000E+00 0.00000000E+00
 0.00000000E+00 0.00000000E+00 -72.000000     0.00000000E+00 -1536.0000 
 0.00000000E+00 -24576.000     0.00000000E+00 -393216.06     0.00000000E+00 
 -6291455.5     -79691792.
 0.00000000E+00 0.00000000E+00 0.00000000E+00 -648.00000     0.00000000E+00 
 -34560.000     0.00000000E+00 -995328.13     0.00000000E+00 -23003140. 
  14155767.    -0.53791949E+09
 0.00000000E+00 0.00000000E+00 -2304.0000     0.00000000E+00 -206536.00 
 0.00000000E+00 -7510017.0     0.00000000E+00-0.24104963E+09 0.00000000E+00 
-0.69250591E+10-0.12265982E+11
 0.00000000E+00 0.00000000E+00 0.00000000E+00 -41472.000     0.00000000E+00 
 -3001608.0     0.00000000E+00-0.11350656E+09 0.00000000E+00-0.27454464E+10 
 0.11251650E+11-0.92051554E+11
 0.00000000E+00 0.00000000E+00 -36864.004     0.00000000E+00 -5081856.5 
 0.00000000E+00-0.18529624E+09 0.00000000E+00-0.80358543E+10 0.00000000E+00 
-0.31293243E+12-0.12397504E+13
 0.00000000E+00 0.00000000E+00 0.00000000E+00 -1327104.1     0.00000000E+00 
-0.17540816E+09 0.00000000E+00-0.13443443E+11 0.00000000E+00-0.65201694E+12 
-0.50215135E+13-0.64423041E+13
 0.00000000E+00 0.00000000E+00 -589824.06     0.00000000E+00-0.11180854E+09 
 0.00000000E+00-0.43484662E+10 0.00000000E+00-0.32338090E+12 0.00000000E+00 
-0.17010716E+14-0.91486905E+14
 0.00000000E+00 0.00000000E+00 0.00000000E+00 -31850500.     0.00000000E+00 
-0.62432870E+10 0.00000000E+00-0.67088246E+12 0.00000000E+00-0.39502987E+14 
-0.38324302E+15-0.39090752E+15
 0.00000000E+00 0.00000000E+00 -9437186.0     0.00000000E+00-0.23338028E+10 
 0.00000000E+00-0.12831792E+12 0.00000000E+00-0.18286918E+14 0.00000000E+00 
-0.19206922E+16-0.46659542E+16
 0.00000000E+00 0.00000000E+00 0.00000000E+00-0.67947738E+09 0.33889974E+10 
-0.18169179E+12-0.14964939E+12-0.24595743E+14-0.14212080E+15-0.16714003E+16 
-0.31432671E+17-0.48218073E+17
2E+15
