
 D - UA   N=   1  M=  -1                              SUM   
   12
 0.00000000     0.00000000     0.00000000     0.00000000     0.00000000    
 0.00000000     0.00000000     0.00000000     0.00000000     0.00000000    
 0.00000000     0.00000000    
 0.00000000     0.00000000     0.00000000     0.00000000     0.00000000    
 0.00000000     0.00000000     0.00000000     0.00000000     0.00000000    
 0.00000000     0.00000000    
 0.00000000     -24.000012     0.00000000     -384.00012     0.00000000    
 -6144.0026     0.00000000     -98304.021     0.00000000     -1572864.6    
  14680063.     -83886098.    
 0.00000000     0.00000000     -216.00008     0.00000000     -10368.007    
 0.00000000     -276480.19     0.00000000     -6193152.6     0.00000000    
-0.12740218E+09-0.94371867E+09
 0.00000000     -128.00014     0.00000000     -22424.018     0.00000000    
 -1302400.8     0.00000000     -50509846.     0.00000000    -0.15831869E+10
-0.99681580E+10-0.37371277E+10
 0.00000000     0.00000000     -8064.0006     0.00000000     -754776.12    
 0.00000000     -22898316.     0.00000000    -0.43283873E+09 0.00000000    
-0.73993086E+09-0.17940729E+12
 0.00000000     0.00000000     0.00000000     -134784.10     0.00000000    
 -12212002.     0.00000000    -0.69949793E+09 0.00000000    -0.26510304E+11
-0.53840756E+11-0.56792700E+12
 0.00000000     0.00000000     -147456.16     0.00000000     -26217865.    
 0.00000000    -0.16850626E+10 0.00000000    -0.99862682E+11 0.00000000    
-0.62385034E+13-0.11520940E+14
 0.00000000     0.00000000     0.00000000     -4644867.1     0.00000000    
-0.70165216E+09 0.00000000    -0.56863808E+11 0.00000000    -0.24117869E+13
-0.31356447E+13-0.49295645E+14
 0.00000000     0.00000000     -2359296.6     0.00000000    -0.60233342E+09
 0.00000000    -0.53648078E+11 0.00000000    -0.46387892E+13 0.00000000    
-0.35551214E+15-0.70731747E+15
 0.00000000     0.00000000     0.00000000    -0.11678528E+09 0.00000000    
-0.26349365E+11 0.00000000    -0.30191349E+13 0.00000000    -0.18399494E+15
-0.15854507E+16-0.26824831E+16
 0.00000000     0.00000000     -37748777.     0.00000000    -0.12766557E+11
 0.77762389E+10-0.15162211E+13 0.35199123E+13-0.17600375E+15 0.27850586E+14
-0.22806590E+17-0.59322953E+17
