 D - UA   N=   1  M=   1  (SCALE = X*1.5/4**(I+J-2))
   12
 0.00000000E+00 0.00000000E+00 0.00000000E+00 0.00000000E+00 0.00000000E+00 
 0.00000000E+00 0.00000000E+00 0.00000000E+00 0.00000000E+00 0.00000000E+00 
 0.00000000E+00 0.00000000E+00
 0.00000000E+00 0.00000000E+00 0.00000000E+00 0.00000000E+00 0.00000000E+00 
 0.00000000E+00 0.00000000E+00 0.00000000E+00 0.00000000E+00 0.00000000E+00 
 0.00000000E+00 0.00000000E+00
 0.00000000E+00  12.000000     0.00000000E+00  192.00000     0.00000000E+00 
  3072.0005     0.00000000E+00  49152.000     0.00000000E+00  786432.00 
 -7340026.0      41943048.
 0.00000000E+00 0.00000000E+00  108.00000     0.00000000E+00  5184.0000 
 0.00000000E+00  138240.03     0.00000000E+00  3096576.8     0.00000000E+00 
  63701004.     0.47185926E+09
 0.00000000E+00  64.000000     0.00000000E+00  11212.000     0.00000000E+00 
  651200.00     0.00000000E+00  25254912.     0.00000000E+00 0.79159302E+09 
 0.49840783E+10 0.18685627E+10
 0.00000000E+00 0.00000000E+00  4032.0000     0.00000000E+00  377388.00 
 0.00000000E+00  11449152.     0.00000000E+00 0.21641934E+09 0.00000000E+00 
 0.36996582E+09 0.89703588E+11
 0.00000000E+00 0.00000000E+00 0.00000000E+00  67392.000     0.00000000E+00 
  6105996.0     0.00000000E+00 0.34974896E+09 0.00000000E+00 0.13255144E+11 
 0.26920372E+11 0.28396342E+12
 0.00000000E+00 0.00000000E+00  73728.008     0.00000000E+00  13108930. 
 0.00000000E+00 0.84253094E+09 0.00000000E+00 0.49931338E+11 0.00000000E+00 
 0.31192504E+13 0.57604634E+13
 0.00000000E+00 0.00000000E+00 0.00000000E+00  2322432.3     0.00000000E+00 
 0.35082608E+09 0.00000000E+00 0.28431899E+11 0.00000000E+00 0.12058924E+13 
 0.15678217E+13 0.24647813E+14
 0.00000000E+00 0.00000000E+00  1179648.0     0.00000000E+00 0.30116662E+09 
 0.00000000E+00 0.26824030E+11 0.00000000E+00 0.23193932E+13 0.00000000E+00 
 0.17775593E+15 0.35365871E+15
 0.00000000E+00 0.00000000E+00 0.00000000E+00  58392584.     0.00000000E+00 
 0.13174680E+11 0.00000000E+00 0.15095667E+13 0.00000000E+00 0.91997394E+14 
 0.79272480E+15 0.13412407E+16
 0.00000000E+00 0.00000000E+00  18874372.     0.00000000E+00 0.63832730E+10 
-0.38881196E+10 0.75810996E+12-0.17599551E+13 0.88001825E+14-0.13925284E+14 
 0.11403288E+17 0.29661465E+17
1E+15