 D - UA   N=   1  M=  -1
   12
 0.00000000E+00 0.00000000E+00 0.00000000E+00 0.00000000E+00 0.00000000E+00 
 0.00000000E+00 0.00000000E+00 0.00000000E+00 0.00000000E+00 0.00000000E+00 
 0.00000000E+00 0.00000000E+00
 0.00000000E+00 0.00000000E+00 0.00000000E+00 0.00000000E+00 0.00000000E+00 
 0.00000000E+00 0.00000000E+00 0.00000000E+00 0.00000000E+00 0.00000000E+00 
 0.00000000E+00 0.00000000E+00
 0.00000000E+00  24.000000     0.00000000E+00  384.00000     0.00000000E+00 
  6144.0000     0.00000000E+00  98304.000     0.00000000E+00  1572863.8 
 -14680052.      83886096.
 0.00000000E+00 0.00000000E+00  216.00000     0.00000000E+00  10368.000 
 0.00000000E+00  276480.06     0.00000000E+00  6193152.0     0.00000000E+00 
 0.12740201E+09 0.94371853E+09
 0.00000000E+00  128.00000     0.00000000E+00  22424.000     0.00000000E+00 
  1302400.0     0.00000000E+00  50509828.     0.00000000E+00 0.15831860E+10 
 0.99681567E+10 0.37371254E+10
 0.00000000E+00 0.00000000E+00  8064.0000     0.00000000E+00  754776.00 
 0.00000000E+00  22898304.     0.00000000E+00 0.43283869E+09 0.00000000E+00 
 0.73992960E+09 0.17940719E+12
 0.00000000E+00 0.00000000E+00 0.00000000E+00  134784.00     0.00000000E+00 
  12211992.     0.00000000E+00 0.69949792E+09 0.00000000E+00 0.26510289E+11 
 0.53840749E+11 0.56792685E+12
 0.00000000E+00 0.00000000E+00  147456.02     0.00000000E+00  26217860. 
 0.00000000E+00 0.16850620E+10 0.00000000E+00 0.99862684E+11 0.00000000E+00 
 0.62385008E+13 0.11520926E+14
 0.00000000E+00 0.00000000E+00 0.00000000E+00  4644864.5     0.00000000E+00 
 0.70165216E+09 0.00000000E+00 0.56863797E+11 0.00000000E+00 0.24117848E+13 
 0.31356431E+13 0.49295626E+14
 0.00000000E+00 0.00000000E+00  2359296.0     0.00000000E+00 0.60233325E+09 
 0.00000000E+00 0.53648060E+11 0.00000000E+00 0.46387859E+13 0.00000000E+00 
 0.35551186E+15 0.70731743E+15
 0.00000000E+00 0.00000000E+00 0.00000000E+00 0.11678517E+09 0.00000000E+00 
 0.26349359E+11 0.00000000E+00 0.30191334E+13 0.00000000E+00 0.18399479E+15 
 0.15854496E+16 0.26824820E+16
 0.00000000E+00 0.00000000E+00  37748744.     0.00000000E+00 0.12766546E+11 
-0.77762391E+10 0.15162201E+13-0.35199102E+13 0.17600365E+15-0.27850585E+14 
 0.22806577E+17 0.59322926E+17
3E+15
 0.00000000E+00 0.00000000E