 D - UA   N=   1  M=  -1  (SCALE = X*1.5/4**(I+J-2))
 0.00000000E+00 0.00000000E+00 0.00000000E+00 0.00000000E+00 0.00000000E+00 
 0.00000000E+00 0.00000000E+00 0.00000000E+00 0.00000000E+00 0.00000000E+00 
 0.00000000E+00 0.00000000E+00
 0.00000000E+00 0.00000000E+00 0.00000000E+00 0.00000000E+00 0.00000000E+00 
 0.00000000E+00 0.00000000E+00 0.00000000E+00 0.00000000E+00 0.00000000E+00 
 0.00000000E+00 0.00000000E+00
 0.00000000E+00  24.000000     0.00000000E+00  384.00000     0.00000000E+00 
  6144.0000     0.00000000E+00  98304.000     0.00000000E+00  1572863.8 
 -14680052.      83886096.
 0.00000000E+00 0.00000000E+00  216.00000     0.00000000E+00  10368.000 
 0.00000000E+00  276480.06     0.00000000E+00  6193152.0     0.00000000E+00 
 0.12740201E+09 0.94371853E+09
 0.00000000E+00  128.00000     0.00000000E+00  22424.000     0.00000000E+00 
  1302400.0     0.00000000E+00  50509828.     0.00000000E+00 0.15831860E+10 
 0.99681567E+10 0.37371254E+10
 0.00000000E+00 0.00000000E+00  8064.0000     0.00000000E+00  754776.00 
 0.00000000E+00  22898304.     0.00000000E+00 0.43283869E+09 0.00000000E+00 
 0.73992960E+09 0.17940719E+12
 0.00000000E+00 0.00000000E+00 0.00000000E+00  134784.00     0.00000000E+00 
  12211992.     0.00000000E+00 0.69949792E+09 0.00000000E+00 0.26510289E+11 
 0.53840749E+11 0.56792685E+12
 0.00000000E+00 0.00000000E+00  147456.02     0.00000000E+00  26217860. 
 0.00000000E+00 0.16850620E+10 0.00000000E+00 0.99862684E+11 0.00000000E+00 
 0.62385008E+13 0.11520926E+14
 0.00000000E+00 0.00000000E+00 0.00000000E+00  4644864.5     0.00000000E+00 
 0.70165216E+09 0.00000000E+00 0.56863797E+11 0.00000000E+00 0.24117848E+13 
 0.31356431E+13 0.49295626E+14
 0.00000000E+00 0.00000000E+00  2359296.0     0.00000000E+00 0.60233325E+09 
 0.00000000E+00 0.53648060E+11 0.00000000E+00 0.46387859E+13 0.00000000E+00 
 0.35551186E+15 0.70731743E+15
 0.00000000E+00 0.00000000E+00 0.00000000E+00 0.11678517E+09 0.00000000E+00 
 0.26349359E+11 0.00000000E+00 0.30191334E+13 0.00000000E+00 0.18399479E+15 
 0.15854496E+16 0.26824820E+16
 0.00000000E+00 0.00000000E+00  37748744.     0.00000000E+00 0.12766546E+11 
-0.77762391E+10 0.15162201E+13-0.35199102E+13 0.17600365E+15-0.27850585E+14 
 0.22806577E+17 0.59322926E+17
 D - UB   N=   1  M=  -1
 0.00000000E+00 0.00000000E+00 0.00000000E+00 0.00000000E+00 0.00000000E+00 
 0.00000000E+00 0.00000000E+00 0.00000000E+00 0.00000000E+00 0.00000000E+00 
 0.00000000E+00 0.00000000E+00
 0.00000000E+00 -8.0000000     0.00000000E+00 0.00000000E+00 0.00000000E+00 
 0.00000000E+00 0.00000000E+00 0.00000000E+00 0.00000000E+00 0.00000000E+00 
 0.00000000E+00 0.00000000E+00
 0.00000000E+00 0.00000000E+00 -72.000000     0.00000000E+00 -1536.0000 
 0.00000000E+00 -24576.000     0.00000000E+00 -393216.06     0.00000000E+00 
 -6291455.5     -79691792.
 0.00000000E+00 0.00000000E+00 0.00000000E+00 -648.00000     0.00000000E+00 
 -34560.000     0.00000000E+00 -995328.13     0.00000000E+00 -23003140. 
  14155767.    -0.53791949E+09
 0.00000000E+00 0.00000000E+00 -2304.0000     0.00000000E+00 -206536.00 
 0.00000000E+00 -7510017.0     0.00000000E+00-0.24104963E+09 0.00000000E+00 
-0.69250591E+10-0.12265982E+11
 0.00000000E+00 0.00000000E+00 0.00000000E+00 -41472.000     0.00000000E+00 
 -3001608.0     0.00000000E+00-0.11350656E+09 0.00000000E+00-0.27454464E+10 
 0.11251650E+11-0.92051554E+11
 0.00000000E+00 0.00000000E+00 -36864.004     0.00000000E+00 -5081856.5 
 0.00000000E+00-0.18529624E+09 0.00000000E+00-0.80358543E+10 0.00000000E+00 
-0.31293243E+12-0.12397504E+13
 0.00000000E+00 0.00000000E+00 0.00000000E+00 -1327104.1     0.00000000E+00 
-0.17540816E+09 0.00000000E+00-0.13443443E+11 0.00000000E+00-0.65201694E+12 
-0.50215135E+13-0.64423041E+13
 0.00000000E+00 0.00000000E+00 -589824.06     0.00000000E+00-0.11180854E+09 
 0.00000000E+00-0.43484662E+10 0.00000000E+00-0.32338090E+12 0.00000000E+00 
-0.17010716E+14-0.91486905E+14
 0.00000000E+00 0.00000000E+00 0.00000000E+00 -31850500.     0.00000000E+00 
-0.62432870E+10 0.00000000E+00-0.67088246E+12 0.00000000E+00-0.39502987E+14 
-0.38324302E+15-0.39090752E+15
 0.00000000E+00 0.00000000E+00 -9437186.0     0.00000000E+00-0.23338028E+10 
 0.00000000E+00-0.12831792E+12 0.00000000E+00-0.18286918E+14 0.00000000E+00 
-0.19206922E+16-0.46659542E+16
 0.00000000E+00 0.00000000E+00 0.00000000E+00-0.67947738E+09 0.33889974E+10 
-0.18169179E+12-0.14964939E+12-0.24595743E+14-0.14212080E+15-0.16714003E+16 
-0.31432671E+17-0.48218073E+17

+15
 0.00000000E+00 0.00000000E+00 -9437186.0     0.00 0.00000000E+00 
 0.00000000E+00 0.00000000E+00 0.00000000E+00 0.00000000E+00 0.00000000E+00 
 0.00000000E+00 0.00000000E+00
 0.00000000E+00  1.5000000     0.00000000E+00  48.000000     0.00000000E+00 
  768.00000     0.00000000E+00  12288.002     0.00000000E+00  196608.00 
 0.00000000E+00  3145727.8
 0.00000000E+00 0.00000000E+00  13.500000     0.00000000E+00  864.00000 
 0.00000000E+00  27648.004     0.00000000E+00  663552.06     0.00000000E+00 
  14155778.     0.00000000E+00
 0.00000000E+00  22.400002     0.00000000E+00  240.96667     0.00000000E+00 
 -5539.1992     0.00000000E+00 -265881.56     0.00000000E+00 -7023550.0 
-0.10947132E+09 0.28226365E+09
 0.00000000E+00 0.00000000E+00  633.60004     0.00000000E+00  23211.902 
 0.00000000E+00  1437580.9     0.00000000E+00  55200168.     0.00000000E+00 
 0.17128394E+10-0.72351731E+09
 0.00000000E+00  76.800003     0.00000000E+00  34166.402     0.00000000E+00 
  2711512.0     0.00000000E+00 0.14626586E+09 0.00000000E+00 0.62024566E+10 
 0.33445620E+11 0.85205074E+11
 0.00000000E+00 0.00000000E+00  14054.401     0.00000000E+00  1386150.5 
 0.00000000E+00 0.10340196E+11 0.75909908E+13
 0.00000000E+00 0.00000000E+00  235929.63     0.00000000E+00  39535340. 
 0.00000000E+00 0.45048325E+10 0.00000000E+00 0.26067626E+12 0.00000000E+00 
 0.12837427E+14 0.87190458E+13
 0.00000000E+00 0.00000000E+00 0.00000000E+00  10085992.     0.00000000E+00 
 0.16169649E+10 0.00000000E+00 0.13989496E+12 0.00000000E+00 0.99586849E+13 
 0.63615625E+12 0.51939130E+15
 0.00000000E+00 0.00000000E+00  3774874.5     0.00000000E+00 0.88751814E+09 
-0.51432650E+09 0.14078806E+12-0.12390625E+12 0.10761004E+14 0.31113752E+14 
 0.68843756E+15 0.32674852E+16
 0.00000000E+00 0.00000000E+00 0.00000000E+00 0.22932358E+09 0.31876717E+09 
 0.55244337E+11 0.67520442E+11 0.64674763E+13 0.79426738E+13 0.41351717E+15 
 0.30969356E+16 0.13744976E+17
10761004E+14 0.31113752E+14 
 0.68843756E+15 0.32674852E+16
 0.00000000E+00 0.00000000E+00 0.00000000E+00 0.22932358E+09 0.31876717E+09 
 0.55244337E+11 0.67520442E+11 0.64674763E+13 0.79426738E+13 0.41351717E+15 
 0.30969356E+16 0.13744976E+17
0E+15
 0.00000000E+00 0.00000000E+00  3774874.5     0.00000000E+00 0.88751814E+09 
-0.51432650E+09 0.14078806E+12-0.12390625E+12 0.