 D - UA   N=   1  M=   1
 0.00000000E+00 0.00000000E+00 0.00000000E+00 0.00000000E+00 0.00000000E+00 
 0.00000000E+00 0.00000000E+00 0.00000000E+00 0.00000000E+00 0.00000000E+00 
 0.00000000E+00 0.00000000E+00
 0.00000000E+00 0.00000000E+00 0.00000000E+00 0.00000000E+00 0.00000000E+00 
 0.00000000E+00 0.00000000E+00 0.00000000E+00 0.00000000E+00 0.00000000E+00 
 0.00000000E+00 0.00000000E+00
 0.00000000E+00  12.000000     0.00000000E+00  192.00000     0.00000000E+00 
  3072.0005     0.00000000E+00  49152.000     0.00000000E+00  786432.00 
 -7340026.0      41943048.
 0.00000000E+00 0.00000000E+00  108.00000     0.00000000E+00  5184.0000 
 0.00000000E+00  138240.03     0.00000000E+00  3096576.8     0.00000000E+00 
  63701004.     0.47185926E+09
 0.00000000E+00  64.000000     0.00000000E+00  11212.000     0.00000000E+00 
  651200.00     0.00000000E+00  25254912.     0.00000000E+00 0.79159302E+09 
 0.49840783E+10 0.18685627E+10
 0.00000000E+00 0.00000000E+00  4032.0000     0.00000000E+00  377388.00 
 0.00000000E+00  11449152.     0.00000000E+00 0.21641934E+09 0.00000000E+00 
 0.36996582E+09 0.89703588E+11
 0.00000000E+00 0.00000000E+00 0.00000000E+00  67392.000     0.00000000E+00 
  6105996.0     0.00000000E+00 0.34974896E+09 0.00000000E+00 0.13255144E+11 
 0.26920372E+11 0.28396342E+12
 0.00000000E+00 0.00000000E+00  73728.008     0.00000000E+00  13108930. 
 0.00000000E+00 0.84253094E+09 0.00000000E+00 0.49931338E+11 0.00000000E+00 
 0.31192504E+13 0.57604634E+13
 0.00000000E+00 0.00000000E+00 0.00000000E+00  2322432.3     0.00000000E+00 
 0.35082608E+09 0.00000000E+00 0.28431899E+11 0.00000000E+00 0.12058924E+13 
 0.15678217E+13 0.24647813E+14
 0.00000000E+00 0.00000000E+00  1179648.0     0.00000000E+00 0.30116662E+09 
 0.00000000E+00 0.26824030E+11 0.00000000E+00 0.23193932E+13 0.00000000E+00 
 0.17775593E+15 0.35365871E+15
 0.00000000E+00 0.00000000E+00 0.00000000E+00  58392584.     0.00000000E+00 
 0.13174680E+11 0.00000000E+00 0.15095667E+13 0.00000000E+00 0.91997394E+14 
 0.79272480E+15 0.13412407E+16
 0.00000000E+00 0.00000000E+00  18874372.     0.00000000E+00 0.63832730E+10 
-0.38881196E+10 0.75810996E+12-0.17599551E+13 0.88001825E+14-0.13925284E+14 
 0.11403288E+17 0.29661465E+17
 D - UB   N=   1  M=   1
 0.00000000E+00 0.00000000E+00 0.00000000E+00 0.00000000E+00 0.00000000E+00 
 0.00000000E+00 0.00000000E+00 0.00000000E+00 0.00000000E+00 0.00000000E+00 
 0.00000000E+00 0.00000000E+00
 0.00000000E+00 -4.0000000     0.00000000E+00 0.00000000E+00 0.00000000E+00 
 0.00000000E+00 0.00000000E+00 0.00000000E+00 0.00000000E+00 0.00000000E+00 
 0.00000000E+00 0.00000000E+00
 0.00000000E+00 0.00000000E+00 -36.000000     0.00000000E+00 -768.00000 
 0.00000000E+00 -12288.002     0.00000000E+00 -196608.06     0.00000000E+00 
 -3145728.5     -39845896.
 0.00000000E+00 0.00000000E+00 0.00000000E+00 -324.00000     0.00000000E+00 
 -17280.000     0.00000000E+00 -497664.09     0.00000000E+00 -11501570. 
  7077882.0    -0.26895978E+09
 0.00000000E+00 0.00000000E+00 -1152.0000     0.00000000E+00 -103268.00 
 0.00000000E+00 -3755008.0     0.00000000E+00-0.12052480E+09 0.00000000E+00 
-0.34625295E+10-0.61329905E+10
 0.00000000E+00 0.00000000E+00 0.00000000E+00 -20736.000     0.00000000E+00 
 -1500804.0     0.00000000E+00 -56753280.     0.00000000E+00-0.13727235E+10 
 0.56258248E+10-0.46025773E+11
 0.00000000E+00 0.00000000E+00 -18432.002     0.00000000E+00 -2540928.3 
 0.00000000E+00 -92648112.     0.00000000E+00-0.40179277E+10 0.00000000E+00 
-0.15646622E+12-0.61987521E+12
 0.00000000E+00 0.00000000E+00 0.00000000E+00 -663552.06     0.00000000E+00 
 -87704080.     0.00000000E+00-0.67217213E+10 0.00000000E+00-0.32600847E+12 
-0.25107568E+13-0.32211526E+13
 0.00000000E+00 0.00000000E+00 -294912.03     0.00000000E+00 -55904268. 
 0.00000000E+00-0.21742331E+10 0.00000000E+00-0.16169045E+12 0.00000000E+00 
-0.85053554E+13-0.45743444E+14
 0.00000000E+00 0.00000000E+00 0.00000000E+00 -15925250.     0.00000000E+00 
-0.31216435E+10 0.00000000E+00-0.33544123E+12 0.00000000E+00-0.19751496E+14 
-0.19162151E+15-0.19545374E+15
 0.00000000E+00 0.00000000E+00 -4718593.0     0.00000000E+00-0.11669014E+10 
 0.00000000E+00-0.64158962E+11 0.00000000E+00-0.91434590E+13 0.00000000E+00 
-0.96034610E+15-0.23329771E+16
 0.00000000E+00 0.00000000E+00 0.00000000E+00-0.33973869E+09 0.16944987E+10 
-0.90845897E+11-0.74824679E+11-0.12297871E+14-0.71060402E+14-0.83570024E+15 
-0.15716335E+17-0.24109039E+17
4E+15
 0.00000000E+00 0.00000000E+00 -4718593.0     0.00000000E+00-0.11669014E+10 
 0