 D - UA   N=   1  M=  +-1                             SUM   
   12
 0.00000000     0.00000000     0.00000000     0.00000000     0.00000000    
 0.00000000     0.00000000     0.00000000     0.00000000     0.00000000    
 0.00000000     0.00000000    
 0.00000000     0.00000000     0.00000000     0.00000000     0.00000000    
 0.00000000     0.00000000     0.00000000     0.00000000     0.00000000    
 0.00000000     0.00000000    
 0.00000000    -0.56250011     0.00000000    -0.56250011     0.00000000    
-0.56250023     0.00000000    -0.56250011     0.00000000    -0.56250011    
  1.3124996     -1.8750017    
 0.00000000     0.00000000    -0.31640636     0.00000000    -0.94921886    
 0.00000000     -1.5820330     0.00000000     -2.2148454     0.00000000    
 -2.8476583     -5.2734398    
 0.00000000    -0.18750017     0.00000000     -2.0529806     0.00000000    
 -7.4523937     0.00000000     -18.063741     0.00000000     -35.386973    
 -55.701434     -5.2207064    
 0.00000000     0.00000000    -0.73828136     0.00000000     -4.3188643    
 0.00000000     -8.1890726     0.00000000     -9.6747004     0.00000000    
 -1.0336720     -62.657260    
 0.00000000     0.00000000     0.00000000    -0.77124035     0.00000000    
 -4.3673491     0.00000000     -15.635007     0.00000000     -37.034457    
 -18.803679     -49.586558    
 0.00000000     0.00000000    -0.84375047     0.00000000     -9.3762385    
 0.00000000     -37.664091     0.00000000     -139.50669     0.00000000    
 -544.69287     -251.47747    
 0.00000000     0.00000000     0.00000000     -1.6611343     0.00000000    
 -15.683162     0.00000000     -79.437816     0.00000000     -210.57671    
 -68.444454     -269.00482    
 0.00000000     0.00000000    -0.84375011     0.00000000     -13.463211    
 0.00000000     -74.945485     0.00000000     -405.01958     0.00000000    
 -1940.0197     -964.95234    
 0.00000000     0.00000000     0.00000000     -2.6103538     0.00000000    
 -36.809641     0.00000000     -263.60511     0.00000000     -1004.0545    
 -2162.9387     -914.88885    
 0.00000000     0.00000000    -0.84375071     0.00000000     -17.834669    
  2.7158212     -132.38358      76.832163     -960.44671      37.994933    
 -7778.4252     -5058.1777    
95