 D - UA=UB   N=   1  M=  +-1                          SUM   
   12
 0.00000000     0.00000000     0.00000000     0.00000000     0.00000000    
 0.00000000     0.00000000     0.00000000     0.00000000     0.00000000    
 0.00000000     0.00000000    
 0.00000000     0.75000059     0.00000000     0.00000000     0.00000000    
 0.00000000     0.00000000     0.00000000     0.00000000     0.00000000    
 0.00000000     0.00000000    
 0.00000000    -0.56250035     0.42187529    -0.56250035     0.56250035    
-0.56250035     0.56250035    -0.56250035     0.56250059    -0.56250035    
  1.8750005    -0.93750488E-01
 0.00000000     0.00000000    -0.31640648     0.23730504    -0.94921886    
 0.79101598     -1.5820342      1.4238303     -2.2148472      2.0566427    
 -3.1640660     -2.2675800    
 0.00000000    -0.18750029     0.84375047     -2.0529812      4.7272372    
 -7.4523961      10.743182     -18.063753      21.551531     -35.386985    
 -17.004656      11.914694    
 0.00000000     0.00000000    -0.73828136     0.94921886     -4.3188661    
  4.2938375     -8.1890726      10.148292     -9.6747004      15.341407    
 -16.752064     -30.508649    
 0.00000000     0.00000000     0.84375047    -0.77124059      7.2696578    
 -4.3673497      16.566795     -15.635025      44.903862     -37.034463    
  90.486788      58.657991    
 0.00000000     0.00000000    -0.84375047      1.8984407     -9.3762385    
  15.682739     -37.664103      75.121104     -139.50675      227.71447    
 -106.25690     -110.85563    
 0.00000000     0.00000000     0.84375047     -1.6611355      9.9964654    
 -15.683168      24.298971     -79.437780      112.93971     -210.57677    
  302.86359      230.23653    
 0.00000000     0.00000000    -0.84375047      2.8476595     -13.463228    
  34.887111     -74.945485      234.30317     -405.01976      862.26642    
  151.32457     -431.65981    
 0.00000000     0.00000000     0.84375047     -2.6103556      13.041156    
 -36.809653      44.814538     -263.60523      399.16479     -1004.0557    
  457.35162      676.48506    
 0.00000000     0.00000000    -0.84375083      3.7968778     -22.569060    
  66.170966     -119.31753      613.70503     -184.89819      2318.1915    
  2942.0244     -946.85637    
65