 D - UB   N=   1  M=  +-1                             SUM   
   12
 0.00000000     0.00000000     0.00000000     0.00000000     0.00000000    
 0.00000000     0.00000000     0.00000000     0.00000000     0.00000000    
 0.00000000     0.00000000    
 0.00000000     0.75000047     0.00000000     0.00000000     0.00000000    
 0.00000000     0.00000000     0.00000000     0.00000000     0.00000000    
 0.00000000     0.00000000    
 0.00000000     0.00000000     0.42187511     0.00000000     0.56250011    
 0.00000000     0.56250011     0.00000000     0.56250035     0.00000000    
 0.56250011      1.7812514    
 0.00000000     0.00000000     0.00000000     0.23730486     0.00000000    
 0.79101574     0.00000000      1.4238297     0.00000000      2.0566421    
-0.31640619      3.0058604    
 0.00000000     0.00000000     0.84375011     0.00000000      4.7272348    
 0.00000000      10.743176     0.00000000      21.551525     0.00000000    
  38.696789      17.135387    
 0.00000000     0.00000000     0.00000000     0.94921886     0.00000000    
  4.2938369     0.00000000      10.148286     0.00000000      15.341389    
 -15.718382      32.148641    
 0.00000000     0.00000000     0.84375047     0.00000000      7.2696554    
 0.00000000      16.566783     0.00000000      44.903844     0.00000000    
  109.29048      108.24453    
 0.00000000     0.00000000     0.00000000      1.8984395     0.00000000    
  15.682727     0.00000000      75.121104     0.00000000      227.71435    
  438.43597      140.62190    
 0.00000000     0.00000000     0.84375047     0.00000000      9.9964630    
 0.00000000      24.298954     0.00000000      112.93959     0.00000000    
  371.30779      499.24117    
 0.00000000     0.00000000     0.00000000      2.8476583     0.00000000    
  34.887099     0.00000000      234.30305     0.00000000      862.26630    
  2091.3451      533.29265    
 0.00000000     0.00000000     0.84375047     0.00000000      13.041150    
 0.00000000      44.814532     0.00000000      399.16467     0.00000000    
  2620.2905      1591.3736    
 0.00000000     0.00000000     0.00000000      3.7968766     -4.7343760    
  63.455140      13.066118      536.87274      775.54845      2280.1953    
  10720.449      4111.3209    
29