 D - UA   N=   1  M=  -1
   10
 0.00000000000000000D+00 0.00000000000000000D+00 0.00000000000000000D+00
 0.00000000000000000D+00 0.00000000000000000D+00 0.00000000000000000D+00
 0.00000000000000000D+00 0.00000000000000000D+00 0.00000000000000000D+00
 0.00000000000000000D+00
 0.00000000000000000D+00 0.00000000000000000D+00 0.00000000000000000D+00
 0.00000000000000000D+00 0.00000000000000000D+00 0.00000000000000000D+00
 0.00000000000000000D+00 0.00000000000000000D+00 0.00000000000000000D+00
 0.00000000000000000D+00
 0.00000000000000000D+00 0.24000000000000000D+02 0.00000000000000000D+00
 0.38400000000000000D+03 0.00000000000000000D+00 0.61440000000000000D+04
 0.00000000000000000D+00 0.98304000000000000D+05-0.65536012500000000D+06
 0.41943040000000000D+07
 0.00000000000000000D+00 0.00000000000000000D+00 0.21600000000000000D+03
 0.00000000000000000D+00 0.10368000000000000D+05 0.00000000000000000D+00
 0.27648000000000000D+06 0.00000000000000000D+00 0.61931520000000000D+07
 0.37748736000000000D+08
 0.00000000000000000D+00 0.12800000000000000D+03 0.00000000000000000D+00
 0.22424000000000000D+05 0.00000000000000000D+00 0.13024000000000000D+07
 0.00000000000000000D+00 0.50509824000000000D+08 0.37058150400000000D+09
 0.10085990400000000D+09
 0.00000000000000000D+00 0.00000000000000000D+00 0.80640000000000000D+04
 0.00000000000000000D+00 0.75477600000000000D+06 0.00000000000000000D+00
 0.22898304000000000D+08 0.00000000000000000D+00 0.31801952000000000D+09
 0.53434286080000000D+10
 0.00000000000000000D+00 0.00000000000000000D+00 0.00000000000000000D+00
 0.13478400000000000D+06 0.00000000000000000D+00 0.12211992000000000D+08
 0.00000000000000000D+00 0.69949785600000000D+09 0.39321308160000000D+10
 0.10781762560000000D+11
 0.00000000000000000D+00 0.00000000000000000D+00 0.14745600000000000D+06
 0.00000000000000000D+00 0.26217856000000000D+08 0.00000000000000000D+00
 0.16836444160000000D+10 0.00000000000000000D+00 0.13509747507200000D+12
 0.27754007756800000D+12
 0.00000000000000000D+00 0.00000000000000000D+00 0.00000000000000000D+00
 0.46448640000000000D+07 0.00000000000000000D+00 0.70165209600000000D+09
 0.00000000000000000D+00 0.56863793152000000D+11 0.42807128883200000D+12
 0.67194244300800000D+12
 0.00000000000000000D+00 0.00000000000000000D+00 0.23592960000000000D+07
 0.00000000000000000D+00 0.60233318400000000D+09-0.94371832000000000D+08
 0.53413744640000000D+11-0.31687806976000000D+11 0.66077458432000000D+13
 0.17428207632384000D+14
00000D+00 0.70165209600000000D+09
 0.00000000000000000D+00 0.56863793152000000D+11 0.42807128883200000D+12
 0.67194244300800000D+12
 0.00000000000000000D+00 0.000000000000