
 C - UA=UB   N=  1  (PARALELL 5-15-80)                PRODCT
   12
  1.0000014     0.47683727E-06-0.57220470E-05 0.20027172E-04-0.38146984E-04
 0.00000000     0.59509289E-03-0.10375988E-02 0.18310558E-02-0.70800793E-02
 0.20507824E-01 0.97656261E-02
 0.00000000     0.19073498E-05-0.11444103E-04-0.61035168E-04-0.61035168E-04
 0.91552746E-03-0.86059582E-02 0.87890636E-02 0.92285168E-01-0.29882824    
 0.26953136    -0.35156261E-01
 0.00000000    -0.95367443E-06 0.15258800E-04-0.27465832E-03-0.48828136E-03
-0.34179699E-02 0.13671886E-01-0.97656261E-01-0.10546886      1.6640633    
 -4.0312510    -0.37500011    
 0.00000000     0.76293957E-05-0.76293957E-04 0.91552746E-03-0.68359386E-02
-0.17578136E-01 0.12500011     0.14062511     0.31250011     -3.0625009    
  1.5000009     -30.000013    
 0.00000000     0.00000000    -0.12207043E-03-0.97656261E-03 0.29296886E-02
-0.54687511E-01 0.23437511     0.18750011      24.500006     -161.00007    
  349.00015      1760.0005    
 0.00000000    -0.38146984E-05 0.12207043E-03-0.29296886E-02 0.23437511E-01
-0.33593761     0.00000000      5.5000007     -9.8750007      441.00010    
 -3179.0012      10786.008    
 0.00000000     0.00000000    -0.48828136E-03 0.39062511E-02-0.27343761    
  3.8125014     -23.187512      138.00007     -45.750010     -2812.0017    
  6400.0010      42432.016    
 0.00000000     0.00000000     0.00000000    -0.15625011E-01-0.48437511    
  1.7343759      14.000010     -199.00012      580.00016     -10352.009    
  8448.0035      112000.10    
 0.00000000     0.00000000     0.24414074E-02 0.00000000     0.12500011    
 -12.500011      44.500011     -340.00015     -752.00009      7008.0018    
 -108928.08      121984.12    
 0.00000000     0.00000000     0.00000000     0.15625011E-01 0.12500011    
  15.750008     -478.25002      3552.0017      6720.0005     -145920.09    
  667648.19     -206848.08    
 0.00000000     0.00000000     0.91552746E-04-0.78125011E-02  1.3750010    
  43.000012     -376.00010     -10276.007      82176.005      480512.14    
 -2811905.1      5021697.2    
 0.00000000     0.00000000     0.00000000    -0.19140636     0.56250011    
  22.000008      93.000006     -10303.008     -164352.11      1568000.9    
  5734401.9     -47448074.    
