
 C - UB   N=  1  (PARALELL 5-15-80)                   PRODCT
   11
  1.0000014     0.00000000     0.47683727E-06 0.00000000    -0.95367443E-06
 0.00000000     0.14305126E-05 0.00000000     0.14305126E-05 0.00000000    
-0.28610241E-05
 0.00000000    -0.38146984E-05 0.00000000     0.00000000     0.00000000    
-0.10681164E-03 0.00000000     0.30517590E-03 0.00000000     0.61035168E-03
 0.00000000    
 0.47683727E-06 0.00000000    -0.30517590E-04 0.00000000    -0.24414074E-03
 0.00000000    -0.14648449E-02 0.00000000    -0.78125011E-02 0.00000000    
-0.31250011E-01
 0.00000000     0.00000000     0.00000000    -0.42724621E-03 0.00000000    
 0.00000000     0.00000000    -0.62500011E-01 0.00000000    -0.17187511    
 0.00000000    
-0.95367443E-06 0.00000000    -0.24414074E-03 0.00000000    -0.58593761E-02
 0.00000000    -0.31250011E-01 0.00000000    -0.50000011     0.00000000    
 0.25000011    
 0.00000000     0.15258800E-04 0.00000000    -0.58593761E-02 0.00000000    
-0.78125011E-02 0.00000000     -3.2500010     0.00000000     -28.125011    
 0.00000000    
 0.14305126E-05 0.00000000    -0.14648449E-02 0.00000000    -0.93750011E-01
 0.00000000     -1.5000009     0.00000000     -43.000012     0.00000000    
 -670.00007    
 0.00000000    -0.54931652E-03 0.00000000    -0.62500011E-01 0.00000000    
 -2.1875011     0.00000000     -29.000014     0.00000000     -151.50010    
 0.00000000    
 0.14305126E-05 0.00000000    -0.97656261E-02 0.00000000     -1.5000009    
 0.00000000     -53.000009     0.00000000     -800.00007     0.00000000    
 -400.00009    
 0.00000000     0.26855480E-02 0.00000000    -0.15625011     0.00000000    
 -60.000014     0.00000000     -776.00014     0.00000000     -18944.013    
 0.00000000    
-0.28610241E-05 0.00000000    -0.15625011E-01 0.00000000     -2.6250010    
 0.00000000     -903.00023     0.00000000     -7032.0010     0.00000000    
 -338224.17    
