
 C - UA   N=  1    (PARALELL   5-15-80)               PRODCT
   12
  1.0000014     0.00000000     0.00000000     0.00000000     0.00000000    
 0.00000000     0.00000000     0.00000000     0.00000000     0.00000000    
 0.00000000     0.00000000    
 0.00000000    -0.57220470E-05 0.00000000    -0.22888195E-04 0.00000000    
-0.18310558E-03 0.00000000    -0.36621105E-03 0.00000000    -0.14648449E-02
 0.00000000     0.00000000    
 0.00000000     0.00000000    -0.61035168E-04 0.00000000    -0.48828136E-03
 0.00000000    -0.39062511E-02 0.00000000    -0.15625011E-01 0.00000000    
 0.70312511E-01 0.00000000    
 0.00000000     0.76293957E-05 0.00000000    -0.30517590E-03 0.00000000    
-0.87890636E-02 0.00000000    -0.78125011E-01 0.00000000    -0.56250011    
 0.00000000    -0.50000011    
 0.00000000     0.00000000     0.44250500E-03 0.00000000     0.58593761E-02
 0.00000000    -0.31250011E-01 0.00000000    -0.75000011     0.00000000    
 -7.0000016     0.00000000    
 0.00000000    -0.38146984E-05 0.00000000     0.29296886E-02 0.00000000    
 0.93750011E-01 0.00000000    -0.87500011     0.00000000     -15.250009    
 0.00000000     -72.000014    
 0.00000000     0.00000000    -0.24414074E-03 0.00000000    -0.15625011E-01
 0.00000000      1.5000009     0.00000000      9.7500014     0.00000000    
 -286.00007     0.00000000    
 0.00000000     0.00000000     0.00000000    -0.78125011E-02 0.00000000    
-0.78125011     0.00000000      18.000012     0.00000000     -32.000011    
 0.00000000     -1456.0014    
 0.00000000     0.00000000    -0.24414074E-02 0.00000000    -0.62500011E-01
 0.00000000     -7.7500009     0.00000000      256.00010     0.00000000    
  2304.0008     0.00000000    
 0.00000000     0.00000000     0.00000000    -0.46875011E-01 0.00000000    
  5.7500016     0.00000000      208.00012     0.00000000      4096.0007    
 0.00000000      13824.009    
 0.00000000     0.00000000     0.61035168E-04 0.00000000    -0.62500011    
 0.00000000      33.000016     0.00000000      2176.0010     0.00000000    
  73728.013     0.00000000    
 0.00000000     0.00000000     0.00000000    -0.70312511E-01 0.00000000    
  2.0898264     0.00000000     -497.65664     0.00000000      5167.8252    
 0.00000000      589959.02    
