
 C - UA   N=   1  M=   0  (PERPENDICULAR  5-15-80)    PRODCT
   14
  1.0000008     0.00000000     0.00000000     0.00000000     0.00000000    
 0.00000000     0.00000000     0.00000000     0.00000000     0.00000000    
 0.00000000     0.00000000     0.00000000     0.00000000    
 0.00000000    -0.38146984E-05 0.00000000    -0.12207043E-03 0.00000000    
 0.00000000     0.00000000     0.00000000     0.00000000    -0.50000011    
 0.00000000     -8.0000007     0.00000000     0.00000000    
 0.00000000     0.00000000    -0.45776379E-04 0.00000000    -0.29296886E-02
 0.00000000    -0.62500011E-01 0.00000000    -0.50000011     0.00000000    
 -32.000011     0.00000000      1856.0010     0.00000000    
 0.00000000     0.00000000     0.00000000    -0.24414074E-03 0.00000000    
-0.30761730E-01 0.00000000     -1.6875010     0.00000000      79.000008    
  192.00009      1280.0008     0.00000000      53248.012    
 0.00000000     0.00000000    -0.97656261E-03 0.00000000     0.00000000    
 0.00000000      4.0000009     0.00000000     -128.00008     0.00000000    
 -12288.010     0.00000000      69632.017      16384.011    
 0.00000000    -0.91552746E-04 0.00000000    -0.31250011E-01 0.00000000    
  2.0000010     0.00000000     -128.00008     0.00000000     -8192.0003    
 -81920.003     -393216.13     0.00000000     -3670017.7    
 0.00000000     0.00000000    -0.31250011E-01 0.00000000      1.0000008    
 0.00000000     -128.00008     0.00000000      4096.0007     0.00000000    
  131072.10     -524288.05     -5242880.5     -29360145.    
 0.00000000     0.00000000     0.00000000    -0.25000011     0.00000000    
 0.00000000     0.00000000     0.00000000     0.00000000      131072.10    
  131072.10     0.00000000      2097153.0     0.20132672E+09
 0.00000000     0.00000000    -0.50000011     0.00000000     -64.000010    
 0.00000000     -12288.010     0.00000000      262144.08     0.00000000    
 0.00000000      16777223.    -0.40265333E+09-0.10905200E+09
 0.00000000     0.00000000     0.00000000     -16.000008     0.00000000    
 -1024.0006     0.00000000     0.00000000     0.00000000     -8388608.6    
 -524288.05     0.16106140E+10 0.93952441E+09 0.66571998E+11
 0.00000000     0.00000000     -12.000012     0.00000000     -1024.0006    
 -512.00008     -131072.10      131072.10     -16777223.     -33554440.    
-0.16106140E+10-0.85899341E+10-0.21474844E+11 0.18119400E+11
 0.00000000     0.00000000     0.00000000     -512.00008     -1280.0008    
 -98304.021     0.00000000      4194304.9     -25165838.    -0.26843553E+09
-0.64424526E+10 0.17179876E+11-0.34359741E+12 0.57724368E+13
 0.00000000     0.00000000     0.00000000     0.00000000     -16384.011    
 -24576.014      524288.05     -7340034.2     0.26843553E+09-0.20132672E+09
 0.68719470E+11 0.24051833E+12 0.82463395E+12 0.38482928E+13
 0.00000000     0.00000000     0.00000000     -1792.0011     0.00000000    
 -90720.057     -604672.19      68011212.    -0.15395236E+09 0.23591601E+11
-0.35126614E+11 0.82800233E+12 0.45714294E+13 0.67358469E+14
