
 C - UB   N=   1  M=   0  (PERPENDICULAR  5-15-80)    PRODCT
   13
  1.0000014     0.00000000    -0.19073498E-05 0.00000000    -0.22888195E-04
 0.00000000    -0.30517590E-04 0.00000000    -0.97656261E-03 0.00000000    
-0.12695324E-01 0.00000000    -0.82031261E-01
 0.00000000     0.19073498E-05 0.00000000     0.12207043E-03 0.00000000    
-0.97656261E-03 0.00000000    -0.31250011E-01 0.00000000    -0.25000011    
 0.00000000     -10.000008     0.00000000    
-0.19073498E-05 0.00000000    -0.61035168E-04 0.00000000     0.00000000    
 0.00000000    -0.31250011E-01 0.00000000     -4.0000009     0.00000000    
 -16.000008     0.00000000     -1792.0011    
 0.00000000     0.12207043E-03 0.00000000    -0.97656261E-03 0.00000000    
 0.00000000     0.00000000     -3.0000013     0.00000000     -160.00008    
 0.00000000     -1792.0011     0.00000000    
-0.22888195E-04 0.00000000    -0.97656261E-03 0.00000000     0.00000000    
 0.00000000     -8.0000007     0.00000000     0.00000000      128.00008    
 0.00000000      2816.0005     -196608.12    
 0.00000000    -0.97656261E-03 0.00000000     0.00000000     0.00000000    
  12.000012     0.00000000     -768.00012     0.00000000     0.00000000    
  3072.0013      819200.03      2048.0006    
-0.30517590E-04 0.00000000    -0.31250011E-01 0.00000000     -8.0000007    
 0.00000000     -384.00012     0.00000000     -32768.011     0.00000000    
 -786432.14     -163840.11     -52428805.    
 0.00000000    -0.46875011E-01 0.00000000     -3.0000013     0.00000000    
 -256.00010     0.00000000      8192.0003     0.00000000     -1048576.8    
 0.00000000     -88080382.      5767167.8    
-0.97656261E-03 0.00000000     -3.0000013     0.00000000     -128.00008    
 0.00000000     -16384.011     0.00000000     -524288.05     -2097153.0    
 -16777223.    -0.16777223E+09-0.41607505E+10
 0.00000000    -0.50000011     0.00000000     -96.000015     0.00000000    
 -32768.011     0.00000000     -1048576.8     0.00000000     -83886086.    
 -33554440.    -0.14763957E+10-0.59055793E+10
-0.12695324E-01 0.00000000     -32.000011      128.00008     -8192.0003    
  65536.010     -1310721.0     -2097153.0    -0.10066342E+09-0.80530655E+09
-0.32212269E+10-0.10737425E+11-0.12884914E+12
 0.00000000     -6.0000014     0.00000000     -3712.0014     -3072.0013    
 -688127.99      1310721.0     -44040197.    -0.10066342E+09 0.00000000    
-0.31138521E+11-0.35218745E+12-0.82463395E+12
-0.82031261E-01 0.00000000     -1408.0005     -1536.0009     -475136.10    
 -655360.10     -62914574.     -41943049.    -0.53687095E+10-0.11811167E+11
-0.27487796E+12-0.44667673E+12-0.10720247E+14
