
 C - UA=UB   N=   1  M=   0  (PERPENDICULAR  5-15-80) PRODCT
   14
  1.0000014     0.47683727E-06 0.19073498E-05 0.38146984E-05-0.53405773E-04
 0.21362316E-03 0.13427746E-02 0.53710949E-02-0.78125011E-01 0.11718761    
 0.62500011E-01 -2.1250009      1.5000009      54.000008    
 0.00000000    -0.57220470E-05 0.38146984E-05 0.12207043E-03-0.20751965E-02
 0.16601574E-01-0.42968761E-01 0.93750011E-01 -1.5000009      8.2500016    
 -28.000015      96.000015      856.00030     -2656.0008    
 0.00000000     0.38146984E-05-0.91552746E-04 0.39672863E-03 0.00000000    
-0.11718761E-01 0.21875011     -1.1250007      2.0000010     -52.000010    
  544.00014     -2432.0012      6400.0010     -33792.018    
 0.00000000    -0.30517590E-04 0.00000000     0.24414074E-02 0.11718761E-01
 0.10400402      2.8750014     0.56250011      28.000015      127.00009    
 -1408.0005      32768.011     -163840.11      700416.08    
 0.00000000     0.00000000    -0.19531261E-02 0.39062511E-02 0.10937511    
-0.25000011      6.0000014      32.000011      640.00010      256.00010    
  20480.006     -524288.05      3342337.0     -14417928.    
 0.00000000    -0.91552746E-04 0.23437511E-01-0.12500011    -0.50000011    
  2.0000010      16.000008      256.00010     -1024.0006      8192.0003    
 -28672.015      1376256.9     -12058633.      80740344.    
 0.00000000     0.00000000    -0.15625011E-01 0.50000011     0.00000000    
 -8.0000007      128.00008     -1536.0009      40960.007     -278528.15    
  2228225.4     -8388608.6      41943049.    -0.37748742E+09
 0.00000000     0.00000000     0.62500011E-01-0.50000011     0.00000000    
 -32.000011     0.00000000      20480.006      98304.021      2621440.8    
 -11534345.     0.11744064E+09-0.43620777E+09 0.54358184E+10
 0.00000000     0.00000000    -0.75000011      14.000010     -224.00015    
  1024.0006      8192.0003      32768.011     0.00000000     -16777223.    
 0.16777223E+09-0.53687095E+09 0.34896624E+10-0.53687095E+10
 0.00000000     0.00000000      1.0000008     -8.0000007      192.00009    
 -3072.0013      32768.011      131072.10      6291457.4      33554440.    
-0.13421779E+09 0.26843553E+10-0.32212269E+10 0.10737425E+12
 0.00000000     0.00000000     -20.000010      192.00009     -6144.0014    
  24576.014      327680.11     -2097153.0     0.00000000      67108869.    
 0.14763957E+10-0.26843553E+10 0.37580984E+11-0.71081709E+12
 0.00000000     0.00000000     0.00000000     -512.00008      10240.006    
 0.00000000      1048576.8     -12582921.     0.00000000     0.24159198E+10
 0.21474844E+10 0.42949676E+10 0.21474844E+12 0.36077731E+13
 0.00000000     0.00000000     0.00000000     -1920.0009      30720.013    
  344064.05     -9437184.3      46137344.     0.19797122E+10-0.45634043E+10
 0.11811167E+12-0.81604373E+12-0.37795710E+13 0.24739021E+13
 0.00000000     0.00000000     0.00000000     -1280.0008      61440.014    
  294912.09      33554440.    -0.31037867E+09 0.66437792E+10 0.28991037E+11
-0.52828109E+12 0.59270548E+13-0.50165224E+13 0.82188522E+14
