
 D - UA=UB   N=   1  M=  +-1                          PRODCT
   12
 0.00000000     0.00000000     0.00000000     0.00000000     0.00000000    
 0.00000000     0.00000000     0.00000000     0.00000000     0.00000000    
 0.00000000     0.00000000    
 0.00000000      14446276.     0.00000000     0.00000000     0.00000000    
 0.00000000     0.00000000     0.00000000     0.00000000     0.00000000    
 0.00000000     0.00000000    
 0.00000000     -10834705.    -0.10434406E+15 -10834705.      10834705.    
 -10834705.      10834705.     -10834705.      10834705.     -10834705.    
  36115646.     -1805791.2    
 0.00000000     0.00000000     0.15651613E+15 0.50242972E+21 0.15651613E+15
-0.15651613E+15 0.15651613E+15-0.15651613E+15 0.15651613E+15-0.15651613E+15
 0.15651613E+15-0.52171981E+15
 0.00000000     -3611568.8    -0.58693540E+14-0.11304670E+22-0.18143892E+28
-0.11304670E+22 0.11304676E+22-0.11304670E+22 0.11304676E+22-0.11304670E+22
 0.11304676E+22-0.11304664E+22
 0.00000000     0.00000000     0.52172029E+14 0.84784936E+21 0.54431676E+28
 0.52415871E+34 0.54431653E+28-0.54431653E+28 0.54431629E+28-0.54431617E+28
 0.54431629E+28-0.54431593E+28
 0.00000000     0.00000000    -0.39129024E+14-0.58878457E+21-0.61235618E+28
-0.19655954E+35-0.12618297E+41-0.19655925E+35 0.19655936E+35-0.19655925E+35
 0.19655925E+35-0.19655895E+35
 0.00000000     0.00000000     -16252046.     0.56523311E+21 0.48761695E+28
 0.29483950E+35 0.56782257E+41 0.26036226E+47 0.56782221E+41-0.56782150E+41
 0.56782150E+41-0.56782019E+41
 0.00000000     0.00000000    -0.65214931E+13-0.21196216E+21-0.46564590E+28
-0.28664928E+35-0.10646682E+42-0.13669019E+48-0.47005587E+53-0.13668984E+48
 0.13668990E+48-0.13668954E+48
 0.00000000     0.00000000     -16252046.     0.94205164E+20 0.30617815E+28
 0.27948284E+35 0.12539422E+42 0.30755281E+48 0.28203415E+54 0.75432240E+59
 0.28203320E+54-0.28203272E+54
 0.00000000     0.00000000      16252046.    -0.70653724E+20-0.14458376E+28
-0.23356783E+35-0.13086527E+42-0.43000423E+48-0.74033820E+54-0.50916659E+60
-0.10894125E+66-0.50916516E+60
 0.00000000     0.00000000     -16252058.    -0.46954798E+15 0.10205900E+28
 0.14332425E+35 0.12443292E+42 0.49336552E+48 0.12045192E+55 0.15275037E+61
 0.81706082E+66 0.14302843E+72
