 PERPEND.  L'(B) / [L'(A) * L'(B) - L''(A) * L''(B)]
   10
 0.10000000000000000D+01 0.00000000000000000D+00 0.00000000000000000D+00
 0.00000000000000000D+00 0.00000000000000000D+00 0.00000000000000000D+00
 0.00000000000000000D+00 0.00000000000000000D+00 0.00000000000000000D+00
 0.00000000000000000D+00
 0.00000000000000000D+00 0.00000000000000000D+00 0.00000000000000000D+00
-0.19200000000000000D+03 0.00000000000000000D+00-0.43520000000000000D+04
 0.00000000000000000D+00-0.73727999999999995D+05 0.00000000000000000D+00
-0.11796481250000000D+07
 0.00000000000000000D+00 0.00000000000000000D+00 0.00000000000000000D+00
 0.00000000000000000D+00 0.00000000000000000D+00 0.00000000000000000D+00
 0.00000000000000000D+00 0.00000000000000000D+00 0.22555468603968619D-09
 0.00000000000000000D+00
 0.00000000000000000D+00 0.00000000000000000D+00 0.00000000000000000D+00
 0.00000000000000000D+00 0.00000000000000000D+00 0.73727997802734384D+05
 0.00000000000000000D+00 0.35389435937500000D+07 0.13893633000000000D+08
 0.55574527999999998D+08
 0.00000000000000000D+00 0.00000000000000000D+00 0.00000000000000000D+00
 0.00000000000000000D+00-0.78125000000000000D-02 0.00000000000000000D+00
-0.31457278124999993D+07 0.00000000000000000D+00-0.22963815728124997D+09
-0.80000000000000000D+01
 0.00000000000000000D+00 0.00000000000000000D+00 0.00000000000000000D+00
-0.81919999999999990D+05 0.00000000000000000D+00-0.68812796953124999D+07
 0.00000000000000000D+00-0.35232153974999998D+09-0.34846310369999999D+10
 0.97321229999999485D+08
 0.00000000000000000D+00 0.00000000000000000D+00 0.00000000000000000D+00
 0.00000000000000000D+00 0.16772461008804385D+00 0.00000000000000000D+00
 0.26142887890624935D+07 0.00000000000000000D+00 0.22600110674375012D+10
-0.91855475799999868D+09
 0.00000000000000000D+00 0.40927261579781771D-11 0.00000000000000000D+00
-0.12500000000000000D+00 0.00000000000000000D+00 0.92500000186264515D+01
 0.00000000000000000D+00-0.29599999838322401D+03-0.11533643792000000D+11
-0.53723430319999912D+11
 0.00000000000000000D+00 0.00000000000000000D+00 0.22555468603968619D-09
 0.00000000000000000D+00-0.86718747392296791D+00-0.28311555000000000D+08
-0.30434894641249987D+10-0.21923850400000000D+10-0.39088314073599989D+12
-0.30784778038719997D+13
 0.00000000000000000D+00 0.00000000000000000D+00 0.00000000000000000D+00
-0.69849193096160889D-09-0.14155777500000000D+09 0.11324604599999957D+09
 0.62237051040000012D+10 0.50255972700004863D+09 0.12806795587200021D+12
 0.15759953294951997D+14
96791D+00-0.28311555000000000D+08
-0.30434894641249987D+10-0.21923850400000000D+10-0.39088314073599989D+12
-0.30784778038719997D+13
 0.00000000