 PARALLEL   L'(B)/[L'(A)*L'(B)-L''(A)*L''(B)]
   10
 0.99999860D+00 0.00000000D+00 0.00000000D+00 0.00000000D+00 0.00000000D+00
 0.00000000D+00 0.00000000D+00 0.00000000D+00 0.00000000D+00 0.00000000D+00
 0.00000000D+00 0.11000356D-05 0.00000000D+00-0.59999867D+02 0.00000000D+00
-0.12799980D+03 0.00000000D+00-0.57599872D+03 0.00000000D+00-0.23039955D+04
 0.00000000D+00 0.00000000D+00 0.53500234D-04 0.00000000D+00-0.11203938D-02
 0.00000000D+00-0.36207850D-02 0.00000000D+00-0.14269909D-01 0.00000000D+00
 0.00000000D+00 0.13800126D-04 0.00000000D+00 0.47999826D+03 0.00000000D+00
 0.42239918D+04 0.00000000D+00 0.30720024D+05 0.00000000D+00 0.19455973D+06
 0.00000000D+00 0.00000000D+00-0.20939431D-03 0.00000000D+00 0.30984835D-02
 0.00000000D+00-0.95999565D+05 0.00000000D+00-0.61439831D+06 0.00000000D+00
 0.00000000D+00-0.47998740D-05 0.00000000D+00-0.95999418D+03 0.00000000D+00
 0.41129006D+05 0.00000000D+00 0.96593705D+06 0.00000000D+00 0.12144185D+08
 0.00000000D+00 0.00000000D+00-0.57518032D-03 0.00000000D+00 0.27727585D-01
 0.00000000D+00 0.19199820D+06 0.00000000D+00 0.47720241D+07 0.00000000D+00
 0.00000000D+00 0.80200200D-06 0.00000000D+00 0.22839409D-01 0.00000000D+00
 0.78731940D+06 0.00000000D+00 0.16796120D+08 0.00000000D+00 0.52153217D+08
 0.00000000D+00 0.00000000D+00 0.80288721D-02 0.00000000D+00 0.20997587D-01
 0.00000000D+00-0.15359916D+07 0.00000000D+00 0.55888537D+05 0.00000000D+00
 0.00000000D+00 0.23205180D-04 0.00000000D+00-0.20978858D+00 0.00000000D+00
 0.70333709D+07 0.00000000D+00 0.14864570D+09 0.00000000D+00 0.92916316D+09
.78731940D+06 0.00000000D+00 0.16796120D+08 0.00000000D+00 0.52153217D+08
 0.00000000D+00 0.00000000D+00 0.80288721D-02 0.00000000D+00 0.20997587D-01
 0.00000000D+00-0.15359916D+07 0.00000000D+00 0.55888537D+05 0.00000000D+00
 0.00000000D+00 0.23205180D-04 0.00000000D+00-0.20978858D+00 0.00000000D+00
 0.70333709D+07 0.0