 D - UA=UB   N=   1  M=  +-1                          REDUCE
   23
 0.00000000     0.00000000     0.75000083    -0.56250059     0.42187529    
 -1.0664081      1.6435569     -4.3029832      7.8737246     -15.530794    
  27.035218     -45.278656      81.568884    -0.52173876E+42 0.17080646E+**
 0.19824528E+23-0.96364259E+43 -1046.1193      2067.1457     0.15985542E+**
 0.96743500E+10  3618.5109     0.11896485E+**
             REDUCE
   23
 0.00000000     0.00000000     0.75000083    -0.56250059     0.42187529    
 -1.0664081      1.6435569     -4.3029832      7.8737246     -15.530794    
  27.035218     -45.278656      81.568884    -0.52173876E+42 0.17080646E+**
 0.19824528E+23-0.96364259E+43 -1046.1193      2067.1457     0.15985542E+**
 0.9674