 D - UB   N=   1  M=  +-1                             REDUCE
   23
 0.00000000     0.00000000     0.75000059     0.00000000     0.42187529    
 0.00000000      1.6435569     0.00000000      7.8737223     0.00000000    
  27.035200     0.00000000      80.256342    -0.52173876E+42 0.17080646E+**
 0.19824528E+23-0.96364259E+43  559.74686      2310.2349     0.15985542E+**
 0.96743500E+10  12311.828     0.11896485E+**
             REDUCE
   23
 0.00000000     0.00000000     0.75000059     0.00000000     0.42187529    
 0.00000000      1.6435569     0.00000000      7.8737223     0.00000000    
  27.035200     0.00000000      80.256342    -0.52173876E+42 0.17080646E+**
 0.19824528E+23-0.96364259E+43  559.74686      2310.2349     0.15985542E+**
 0.9674