 D - UA   N=   1  M=  +-1                             REDUCE
   23
 0.00000000     0.00000000     0.00000000    -0.56250035     0.00000000    
 -1.0664075     0.00000000     -4.3029814     0.00000000     -15.530794    
 0.00000000     -45.278644      1.3125008    -0.52173876E+42 0.17080646E+**
 0.19824528E+23-0.96364259E+43 -1605.8653     -243.08985     0.15985542E+**
 0.96743404E+10 -8693.3147     0.11896485E+**
             REDUCE
   23
 0.00000000     0.00000000     0.00000000    -0.56250035     0.00000000    
 -1.0664075     0.00000000     -4.3029814     0.00000000     -15.530794    
 0.00000000     -45.278644      1.3125008    -0.52173876E+42 0.17080646E+**
 0.19824528E+23-0.96364259E+43 -1605.8653     -243.08985     0.15985542E+**
 0.9674