
 HELIX, P =   0.8416 Q =    0.5878 RAD          
    64  0.50000
 ROTATION    
  0.00000  0.00000  0.00000
     1   162.528932   161.506175     8.946204    -5.752897    -6.299123     0.319909
     2   149.475514   149.216532     9.396882   -26.523971     1.181388     0.007705
     3   140.531957   140.210390     8.792694    -1.172547    -1.156975     0.164736
     4   150.976181   150.348544     8.541488    -0.762690    -0.601472     0.235407
     5   146.162331   145.769715     8.575239    -0.105820    -0.101181     0.516641
     6   146.676063   146.183311     8.654841    -0.139341    -0.134603     0.376572
     7   147.461950   146.984338     8.670105    -0.091733    -0.086099     1.250855
     8   146.957635   146.501243     8.650345    -0.106276    -0.101521     0.591046
     9   147.015690   146.540701     8.643321    -0.107544    -0.103170     0.590963
    10   147.105515   146.633565     8.646903    -0.101514    -0.096681     0.714893
    11   147.055625   146.587014     8.648967    -0.104712    -0.099897     0.638478
    12   147.053241   146.582186     8.648592    -0.104759    -0.100085     0.637418
    13   147.065937   146.595120     8.648070    -0.103696    -0.098956     0.659320
    14   147.062778   146.592497     8.648051    -0.104232    -0.099480     0.648340
    15   147.060275   146.589696     8.648166    -0.104298    -0.099575     0.646915
    16   147.061824   146.591246     8.648188    -0.104104    -0.099372     0.650837
    17   147.062182   146.591722     8.648166    -0.104172    -0.099434     0.649475
    18   147.061526   146.591067     8.648161    -0.104199    -0.099466     0.648904
    19   147.061645   146.591067     8.648161    -0.104167    -0.099435     0.649540
    20   147.061824   146.591305     8.648163    -0.104173    -0.099439     0.649447
    21   147.061705   146.591246     8.648163    -0.104180    -0.099446     0.649302
    22   147.061705   146.591186     8.648163    -0.104175    -0.099442     0.649384
    23   147.061705   146.591246     8.648163    -0.104175    -0.099441     0.649393
    24   147.061705   146.591246     8.648163    -0.104176    -0.099443     0.649368
    25   147.061705   146.591246     8.648163    -0.104176    -0.099443     0.649372
    26   147.061705   146.591246     8.648163    -0.104176    -0.099442     0.649376
    27   147.061705   146.591246     8.648163    -0.104176    -0.099442     0.649375
    28   147.061705   146.591246     8.648163    -0.104176    -0.099443     0.649372
    29   147.061705   146.591246     8.648163    -0.104176    -0.099442     0.649375
    30   147.061705   146.591246     8.648163    -0.104176    -0.099442     0.649374
    31   147.061705   146.591246     8.648163    -0.104176    -0.099442     0.649375
    32   147.061705   146.591246     8.648163    -0.104176    -0.099442     0.649375
    33   147.061705   146.591246     8.648163    -0.104176    -0.099442     0.649374
    34   147.061705   146.591246     8.648163    -0.104176    -0.099442     0.649375
    35   147.061705   146.591246     8.648163    -0.104176    -0.099442     0.649375
    36   147.061705   146.591246     8.648163    -0.104176    -0.099442     0.649375
    37   147.061705   146.591246     8.648163    -0.104176    -0.099442     0.649374
    38   147.061705   146.591246     8.648163    -0.104176    -0.099442     0.649373
    39   147.061705   146.591246     8.648163    -0.104176    -0.099442     0.649375
    40   147.061705   146.591246     8.648163    -0.104176    -0.099442     0.649376
    41   147.061705   146.591246     8.648163    -0.104176    -0.099442     0.649375
    42   147.061705   146.591246     8.648163    -0.104176    -0.099442     0.649373
    43   147.061705   146.591246     8.648163    -0.104176    -0.099442     0.649373
    44   147.061705   146.591246     8.648163    -0.104176    -0.099442     0.649375
    45   147.061705   146.591246     8.648163    -0.104176    -0.099442     0.649376
    46   147.061705   146.591246     8.648163    -0.104176    -0.099442     0.649375
    47   147.061705   146.591246     8.648163    -0.104176    -0.099442     0.649375
    48   147.061705   146.591246     8.648163    -0.104176    -0.099442     0.649376
    49   147.061705   146.591246     8.648163    -0.104176    -0.099442     0.649376
    50   147.061705   146.591246     8.648163    -0.104176    -0.099442     0.649376
    51   147.061705   146.591246     8.648163    -0.104176    -0.099442     0.649376
    52   147.061705   146.591246     8.648163    -0.104176    -0.099442     0.649375
    53   147.061705   146.591246     8.648163    -0.104176    -0.099442     0.649374
    54   147.061705   146.591246     8.648163    -0.104176    -0.099442     0.649376
    55   147.061705   146.591246     8.648163    -0.104176    -0.099442     0.649377
    56   147.061705   146.591246     8.648163    -0.104176    -0.099442     0.649377
    57   147.061705   146.591246     8.648163    -0.104176    -0.099442     0.649375
    58   147.061705   146.591246     8.648163    -0.104176    -0.099442     0.649376
    59   147.061705   146.591246     8.648163    -0.104176    -0.099442     0.649375
    60   147.061705   146.591246     8.648163    -0.104176    -0.099442     0.649376
    61   147.061705   146.591246     8.648163    -0.104176    -0.099442     0.649376
    62   147.061705   146.591246     8.648163    -0.104176    -0.099442     0.649375
    63   147.061705   146.591246     8.648163    -0.104176    -0.099442     0.649376
    64   147.061705   146.591246     8.648163    -0.104176    -0.099442     0.649377
    65   147.061705   146.591246     8.648163    -0.104176    -0.099442     0.649379
    66   147.061705   146.591246     8.648163    -0.104176    -0.099442     0.649377
    67   147.061705   146.591246     8.648163    -0.104176    -0.099442     0.649376
    68   147.061705   146.591246     8.648163    -0.104176    -0.099442     0.649376
    69   147.061705   146.591246     8.648163    -0.104176    -0.099442     0.649376
    70   147.061705   146.591246     8.648163    -0.104176    -0.099442     0.649376
    71   147.061705   146.591246     8.648163    -0.104176    -0.099442     0.649374
    72   147.061705   146.591246     8.648163    -0.104176    -0.099442     0.649374
    73   147.061705   146.591246     8.648163    -0.104176    -0.099442     0.649375
    74   147.061705   146.591246     8.648163    -0.104176    -0.099442     0.649375
    75   147.061705   146.591246     8.648163    -0.104176    -0.099442     0.649375
    76   147.061705   146.591246     8.648163    -0.104176    -0.099442     0.649376
    77   147.061705   146.591246     8.648163    -0.104176    -0.099442     0.649374
    78   147.061705   146.591246     8.648163    -0.104176    -0.099442     0.649374
    79   147.061705   146.591246     8.648163    -0.104176    -0.099442     0.649375
    80   147.061705   146.591246     8.648163    -0.104176    -0.099442     0.649374
    81   147.061705   146.591246     8.648163    -0.104176    -0.099442     0.649375
    82   147.061705   146.591246     8.648163    -0.104176    -0.099442     0.649374
    83   147.061705   146.591246     8.648163    -0.104176    -0.099442     0.649373
    84   147.061705   146.591246     8.648163    -0.104176    -0.099442     0.649373
    85   147.061705   146.591246     8.648163    -0.104176    -0.099442     0.649373
    86   147.061705   146.591246     8.648163    -0.104176    -0.099442     0.649374
    87   147.061705   146.591246     8.648163    -0.104176    -0.099442     0.649374
    88   147.061705   146.591246     8.648163    -0.104176    -0.099442     0.649376
    89   147.061705   146.591246     8.648163    -0.104176    -0.099442     0.649375
    90   147.061705   146.591246     8.648163    -0.104176    -0.099442     0.649375
    91   147.061705   146.591246     8.648163    -0.104176    -0.099442     0.649375
    92   147.061705   146.591246     8.648163    -0.104176    -0.099442     0.649375
    93   147.061705   146.591246     8.648163    -0.104176    -0.099442     0.649374
    94   147.061705   146.591246     8.648163    -0.104176    -0.099442     0.649375
    95   147.061705   146.591246     8.648163    -0.104176    -0.099442     0.649374
    96   147.061705   146.591246     8.648163    -0.104176    -0.099442     0.649373
    97   147.061705   146.591246     8.648163    -0.104176    -0.099442     0.649373
    98   147.061705   146.591246     8.648163    -0.104176    -0.099442     0.649375
    99   147.061705   146.591246     8.648163    -0.104176    -0.099442     0.649375
   100   147.061705   146.591246     8.648163    -0.104176    -0.099442     0.649375
   101   147.061705   146.591246     8.648163    -0.104176    -0.099442     0.649375
   102   147.061705   146.591246     8.648163    -0.104176    -0.099442     0.649374
   103   147.061705   146.591246     8.648163    -0.104176    -0.099442     0.649375
   104   147.061705   146.591246     8.648163    -0.104176    -0.099442     0.649374
   105   147.061705   146.591246     8.648163    -0.104176    -0.099442     0.649375
   106   147.061705   146.591246     8.648163    -0.104176    -0.099442     0.649375
   107   147.061705   146.591246     8.648163    -0.104176    -0.099442     0.649376
   108   147.061705   146.591246     8.648163    -0.104176    -0.099442     0.649376
   109   147.061705   146.591246     8.648163    -0.104176    -0.099442     0.649375
   110   147.061705   146.591246     8.648163    -0.104176    -0.099442     0.649376
   111   147.061705   146.591246     8.648163    -0.104176    -0.099442     0.649376
   112   147.061705   146.591246     8.648163    -0.104176    -0.099442     0.649375
   113   147.061705   146.591246     8.648163    -0.104176    -0.099442     0.649375
   114   147.061705   146.591246     8.648163    -0.104176    -0.099442     0.649373
   115   147.061705   146.591246     8.648163    -0.104176    -0.099442     0.649375
   116   147.061705   146.591246     8.648163    -0.104176    -0.099442     0.649374
   117   147.061705   146.591246     8.648163    -0.104176    -0.099442     0.649375
   118   147.061705   146.591246     8.648163    -0.104176    -0.099442     0.649375
   119   147.061705   146.591246     8.648163    -0.104176    -0.099442     0.649375
   120   147.061705   146.591246     8.648163    -0.104176    -0.099442     0.649375
   121   147.061705   146.591246     8.648163    -0.104176    -0.099442     0.649374
   122   147.061705   146.591246     8.648163    -0.104176    -0.099442     0.649374
   123   147.061705   146.591246     8.648163    -0.104176    -0.099442     0.649374
