
 ASYMMETRIC PENTAMER                            
     5  1.00000
 ROTATION    
 -0.09833  0.49986  0.56030
     1     3.655784     3.177853     4.898908     0.007790     0.030580     0.002971
     2     3.859463     3.410285     5.103847     0.000000     0.000000     0.000000
     3     3.876047     3.429664     5.103123    -0.008503    -0.022569    -0.024727
     4     3.868298     3.420590     5.086655    -0.006569    -0.020687    -0.047081
     5     3.862439     3.413859     5.077445    -0.006884    -0.029255    -0.052600
     6     3.859577     3.410819     5.073642    -0.007380    -0.039826    -0.050216
     7     3.858283     3.409608     5.072320    -0.007740    -0.048542    -0.048698
     8     3.857700     3.409125     5.071947    -0.007966    -0.053658    -0.047955
     9     3.857442     3.408922     5.071884    -0.008096    -0.055932    -0.047583
    10     3.857333     3.408833     5.071898    -0.008166    -0.056737    -0.047401
    11     3.857290     3.408795     5.071922    -0.008201    -0.056962    -0.047316
    12     3.857274     3.408778     5.071940    -0.008217    -0.057003    -0.047278
    13     3.857270     3.408772     5.071949    -0.008225    -0.057002    -0.047262
    14     3.857269     3.408769     5.071949    -0.008228    -0.056995    -0.047254
    15     3.857265     3.408766     5.071951    -0.008229    -0.056991    -0.047250
