
 HELIX, P =   0.7958 Q =    0.5986 RAD          
   201  0.50000
 TRANSLATION 
  0.00000  0.00000  0.00000
     1     0.000000     0.000000     0.000000     2.578269     2.577441     1.822194
     2     0.000000     0.000000     0.000000     2.538357     2.540162     1.759751
     3     0.168914    -0.044532     0.229503     2.584080     2.583488     1.823300
     4     0.016356    -0.024355     0.074753     2.549626     2.550837     1.783277
     5     0.000000     0.000000     0.000000     2.569230     2.569078     1.798433
     6     0.074301    -0.115503     3.060369     2.560480     2.561178     1.798865
     7     0.344291    -0.091059     1.052386     2.562803     2.563143     1.793364
     8     0.297255    -0.204559    -0.849459     2.563360     2.563781     1.796964
     9     0.302040    -0.194981    -0.913093     2.562205     2.562681     1.796680
    10     0.341224    -0.159068    -1.431068     2.562957     2.563350     1.795524
    11     0.302007    -0.199029    -0.884864     2.562741     2.563189     1.796324
    12     0.324108    -0.177906    -1.075497     2.562667     2.563096     1.796289
    13     0.321067    -0.180710    -1.043819     2.562784     2.563209     1.796001
    14     0.314437    -0.187120    -0.978268     2.562729     2.563166     1.796178
