
 30 S MODEL - YELLOW,SHORT DIS DEL, ADDED PT,CEN
   168  0.25000
 ROTATION    
 -0.03149  0.01331 -0.02126
     1    11.932015     6.530234    11.604785    -0.351692    -0.848705    -0.012858
     2    11.162459     6.560322     9.646310     0.294924    -0.792060    -0.013755
     3    10.723114     6.107563     9.941818     0.057267     1.308628    -0.012634
     4    10.665798     5.959477     9.954426    -0.011587    -0.018657    -0.029443
     5    10.731899     6.039471     9.937368    -0.008284    -0.030305    -0.776274
     6    10.773283     6.099915     9.943113    -0.013509    -0.098455    -0.026107
     7    10.772502     6.096547     9.945747    -0.014303    -0.088630    -0.022470
     8    10.759902     6.078686     9.943932    -0.014514    -0.061158    -0.022007
     9    10.755115     6.073942     9.942718    -0.014418    -0.053653    -0.023048
    10    10.757404     6.077897     9.942919    -0.014428    -0.055961    -0.024225
    11    10.759961     6.080853     9.943388    -0.014450    -0.059730    -0.024439
    12    10.760116     6.080576     9.943531    -0.014403    -0.061332    -0.024119
    13    10.759198     6.079373     9.943418    -0.014389    -0.061241    -0.023816
    14    10.758715     6.078929     9.943310    -0.014417    -0.060676    -0.023725
    15    10.758882     6.079193     9.943310    -0.014442    -0.060250    -0.023779
    16    10.759174     6.079504     9.943356    -0.014443    -0.060080    -0.023853
    17    10.759234     6.079559     9.943357    -0.014432    -0.060102    -0.023887
    18    10.759174     6.079468     9.943357    -0.014424    -0.060213    -0.023883
    19    10.759091     6.079409     9.943357    -0.014425    -0.060308    -0.023868
    20    10.759073     6.079388     9.943357    -0.014429    -0.060334    -0.023857
    21    10.759103     6.079413     9.943357    -0.014430    -0.060308    -0.023855
    22    10.802036     6.122153     9.986778    -0.014430    -0.060275    -0.023857
    23    10.802024     6.122155     9.986778    -0.014429    -0.060258    -0.023860
    24    10.802024     6.122148     9.986778    -0.014429    -0.060264    -0.023862
    25    10.802018     6.122144     9.986778    -0.014429    -0.060274    -0.023862
    26    10.802018     6.122142     9.986778    -0.014429    -0.060280    -0.023861
    27    10.802006     6.122140     9.986778    -0.014429    -0.060280    -0.023860
    28    10.802018     6.122142     9.986778    -0.014429    -0.060277    -0.023860
    29    12.417328     8.284773     8.339538     0.000000     0.000000     0.000000
    30    12.738710     7.764463    14.254975    -0.154127    -0.022021    -0.065813
    31    13.867980     8.326132    13.966459     0.000000     0.000000     0.000000
    32    14.628982     8.948669    13.679355     0.000000     0.000000     0.000000
    33    14.823657     9.180278    13.708072    -0.003384    -0.878543    -0.045885
    34    14.748305     9.117383    13.775461    -0.027474     0.178436    -0.055893
    35    14.651662     8.976621    13.786536    -0.045744     0.213910    -0.014657
    36    14.619207     8.889006    13.764303     0.014333     0.020856    -0.004294
    37    14.635926     8.878831    13.743704     0.000000     0.000000     0.000000
    38    14.664673     8.913664    13.737255     0.000000     0.000000     0.000000
    39    14.683794     8.954434    13.741195     0.000000     0.000000     0.000000
    40    14.689767     8.979401    13.747918     0.000000     0.000000     0.000000
    41    14.687502     8.985279    13.752526    -0.014089    -0.056862    -0.022479
    42    14.682257     8.978611    13.753741    -0.014962    -0.078928    -0.031270
    43    14.676856     8.967528    13.752579    -0.012440    -0.067694    -0.031903
    44    14.672166     8.957540    13.750702    -0.009688    -0.053098    -0.028981
    45    14.668285     8.950871    13.749319    -0.007775    -0.044918    -0.025108
    46    14.665305     8.947495    13.748848    -0.006875    -0.043766    -0.021695
    47    14.663368     8.946455    13.749092    -0.006762    -0.048085    -0.019076
    48    14.662551     8.946757    13.749605    -0.007078    -0.054405    -0.017019
    49    14.662766     8.947721    13.750034    -0.007486    -0.057430    -0.015321
    50    14.663720     8.948979    13.750219    -0.007743    -0.054280    -0.013976
    51    14.665061     8.950346    13.750189    -0.007774    -0.047704    -0.013089
    52    14.666450     8.951691    13.750058    -0.007670    -0.041865    -0.012766
    53    14.667642     8.952890    13.749939    -0.007581    -0.038594    -0.013033
    54    14.668500     8.953819    13.749879    -0.007588    -0.037813    -0.013779
    55    14.668983     8.954396    13.749879    -0.007678    -0.038759    -0.014779
    56    14.669126     8.954591    13.749915    -0.007796    -0.040587    -0.015776
    57    14.668995     8.954454    13.749957    -0.007890    -0.042585    -0.016566
    58    14.668691     8.954085    13.749980    -0.007935    -0.044269    -0.017048
    59    14.668303     8.953598    13.749980    -0.007932    -0.045399    -0.017218
    60    14.667916     8.953109    13.749969    -0.007893    -0.045942    -0.017136
    61    14.667588     8.952699    13.749957    -0.007839    -0.046005    -0.016892
    62    14.667344     8.952419    13.749939    -0.007786    -0.045743    -0.016576
    63    14.667212     8.952280    13.749939    -0.007747    -0.045318    -0.016263
    64    14.667183     8.952263    13.749939    -0.007724    -0.044849    -0.016002
    65    14.667224     8.952337    13.749939    -0.007718    -0.044416    -0.015818
    66    14.667320     8.952467    13.749945    -0.007723    -0.044072    -0.015718
    67    14.667433     8.952617    13.749951    -0.007735    -0.043839    -0.015692
    68    14.667552     8.952757    13.749951    -0.007749    -0.043717    -0.015725
    69    14.667648     8.952871    13.749951    -0.007763    -0.043698    -0.015796
    70    14.667719     8.952946    13.749951    -0.007774    -0.043756    -0.015885
    71    14.667755     8.952982    13.749951    -0.007782    -0.043865    -0.015974
    72    14.667761     8.952984    13.749951    -0.007787    -0.043995    -0.016048
    73    14.667743     8.952959    13.749951    -0.007789    -0.044124    -0.016102
    74    14.667719     8.952919    13.749951    -0.007788    -0.044229    -0.016131
    75    14.667683     8.952873    13.749951    -0.007785    -0.044302    -0.016138
    76    14.667648     8.952832    13.749951    -0.007781    -0.044337    -0.016126
    77    14.667618     8.952798    13.749951    -0.007777    -0.044340    -0.016103
    78    14.667594     8.952776    13.749951    -0.007773    -0.044316    -0.016075
    79    14.667588     8.952766    13.749951    -0.007771    -0.044279    -0.016047
    80    14.667582     8.952766    13.749951    -0.007769    -0.044236    -0.016024
