
 RIBOSOME MODEL - YELLOW,SHORT DIS DEL, ADDED PT
   168  0.25000
 TRANSLATION 
  0.00000  0.00000  0.00000
     1     0.002264     0.008786    -0.002053     0.607695     0.537001     0.575775
     2    -0.084551    -1.501760    -0.087059     0.592511     0.527838     0.571936
     3     0.031579     0.988624    -0.077395     0.596293     0.530130     0.569406
     4     0.133132     0.248629    -0.058954     0.599018     0.532116     0.568922
     5    -0.020033    -0.057254    -0.012606     0.598734     0.532030     0.569529
     6    -0.033208    -0.093194    -0.020667     0.597943     0.531423     0.570164
     7    -0.028530    -0.064938    -0.018065     0.597752     0.531206     0.570417
     8    -0.020981    -0.044517    -0.013888     0.597913     0.531315     0.570355
     9    -0.019262    -0.045581    -0.013138     0.598034     0.531438     0.570199
    10    -0.021825    -0.058011    -0.014736     0.598033     0.531456     0.570100
    11    -0.023613    -0.063493    -0.015693     0.597994     0.531421     0.570088
    12    -0.023604    -0.060610    -0.015585     0.597978     0.531397     0.570121
    13    -0.022901    -0.056730    -0.015141     0.597984     0.531399     0.570152
    14    -0.022521    -0.055495    -0.014934     0.597992     0.531409     0.570163
    15    -0.022596    -0.056327    -0.015004     0.597993     0.531413     0.570158
    16    -0.022784    -0.057383    -0.015127     0.597991     0.531411     0.570150
    17    -0.022860    -0.057718    -0.015171     0.597990     0.531409     0.570145
    18    -0.022831    -0.057506    -0.015149     0.597990     0.531408     0.570145
    19    -0.022786    -0.057242    -0.015119     0.597990     0.531409     0.570147
    20    -0.022773    -0.057151    -0.015109     0.597990     0.531409     0.570148
    21     0.000000     0.000000     0.000000     0.350896     0.281886     0.560441
    22    -9.123264    -0.808303     0.034953     0.613144     0.549870     0.577819
    23     0.000000     0.000000     0.000000     0.702819     0.626695     0.583496
    24     0.000000     0.000000     0.000000     0.711524     0.626213     0.593357
    25    -0.000950    -0.007014    -0.000907     0.697564     0.611019     0.605599
    26     0.000000     0.000000     0.000000     0.686248     0.602272     0.618508
    27    -0.007067    -0.044155     0.016160     0.682646     0.600873     0.630815
    28    -0.014695    -0.042953    -0.062708     0.683801     0.602559     0.641472
    29    -0.016549    -0.044683    -0.046164     0.686001     0.604243     0.649762
    30    -0.020525    -0.069401    -0.046221     0.687332     0.604950     0.655370
    31    -0.021625    -0.090250    -0.044259     0.687560     0.604897     0.658370
    32    -0.019557    -0.083279    -0.040326     0.687194     0.604570     0.659147
    33    -0.017413    -0.068482    -0.035369     0.686765     0.604297     0.658278
    34    -0.016726    -0.064204    -0.031317     0.686534     0.604184     0.656405
    35    -0.017207    -0.073004    -0.029109     0.686518     0.604203     0.654122
    36    -0.017992    -0.094162    -0.028364     0.686614     0.604279     0.651900
    37    -0.018511    -0.124003    -0.028552     0.686718     0.604350     0.650059
    38    -0.018656    -0.150561    -0.029339     0.686773     0.604385     0.648765
    39    -0.018574    -0.159700    -0.030473     0.686774     0.604385     0.648052
    40    -0.018445    -0.151587    -0.031702     0.686743     0.604363     0.647859
    41    -0.018374    -0.137063    -0.032799     0.686709     0.604339     0.648064
    42    -0.018383    -0.123836    -0.033617     0.686688     0.604324     0.648522
    43    -0.018442    -0.114143    -0.034113     0.686685     0.604321     0.649093
    44    -0.018507    -0.107688    -0.034318     0.686694     0.604326     0.649658
    45    -0.018545    -0.103620    -0.034294     0.686706     0.604335     0.650134
    46    -0.018545    -0.101235    -0.034109     0.686717     0.604342     0.650474
    47    -0.018514    -0.100119    -0.033829     0.686721     0.604345     0.650663
    48    -0.018471    -0.100068    -0.033514     0.686721     0.604344     0.650716
    49    -0.018431    -0.100935    -0.033218     0.686718     0.604341     0.650660
    50    -0.018405    -0.102523    -0.032978     0.686715     0.604339     0.650534
    51    -0.018395    -0.104531    -0.032817     0.686713     0.604337     0.650376
    52    -0.018397    -0.106588    -0.032741     0.686712     0.604337     0.650218
    53    -0.018407    -0.108333    -0.032740     0.686711     0.604337     0.650085
    54    -0.018418    -0.109515    -0.032796     0.686712     0.604338     0.649988
    55    -0.018429    -0.110040    -0.032885     0.686712     0.604339     0.649934
    56    -0.018438    -0.109975    -0.032985     0.686712     0.604339     0.649919
    57    -0.018444    -0.109484    -0.033078     0.686712     0.604339     0.649935
    58    -0.018448    -0.108769    -0.033150     0.686712     0.604339     0.649972
    59    -0.018450    -0.108008    -0.033197     0.686712     0.604339     0.650019
    60    -0.018449    -0.107335    -0.033216     0.686712     0.604338     0.650065
    61    -0.018448    -0.106829    -0.033213     0.686712     0.604338     0.650105
    62    -0.018445    -0.106520    -0.033194     0.686713     0.604338     0.650134
    63    -0.018442    -0.106401    -0.033166     0.686713     0.604339     0.650150
