
 RIBOSOME MODEL - RED,SET FOR TRANS             
   189  0.25000
 TRANSLATION 
  0.00000  0.00000  0.00000
     1     1.243889    -0.029504    -0.041174     0.690762     0.740115     0.692501
     2    -0.153220    -0.054319    -0.071915     0.683794     0.725370     0.683936
     3    -0.100676    -0.058814    -0.053179     0.685705     0.732030     0.688676
     4    -0.141132    -0.055200    -0.060682     0.685734     0.731504     0.688243
     5    -0.145722    -0.055195    -0.061328     0.685698     0.730741     0.687784
     6    -0.134486    -0.054582    -0.058434     0.685881     0.730913     0.687819
     7    -0.132874    -0.054690    -0.058317     0.685934     0.731057     0.687859
     8    -0.135303    -0.055108    -0.059221     0.685861     0.731029     0.687870
     9    -0.136171    -0.055115    -0.059373     0.685807     0.730990     0.687874
    10    -0.135727    -0.054948    -0.059112     0.685809     0.730987     0.687870
    11    -0.135369    -0.054912    -0.059018     0.685831     0.730996     0.687865
    12    -0.135375    -0.054966    -0.059081     0.685840     0.731001     0.687865
    13     0.000000     0.000000     0.000000     0.685838     0.731000     0.687868
    14     0.000000     0.000000     0.000000     0.685833     0.730998     0.687868
    15     0.000000     0.000000     0.000000     0.685832     0.730998     0.687867
    16     0.000000     0.000000     0.000000     0.685832     0.730998     0.687867
    17     0.008457     0.158060     0.297376     0.573711     0.392676     0.347896
    18     0.016938     0.065828    -0.827363     0.685795     0.803721     0.755711
    19     0.017385     0.475787    -0.221082     0.719587     0.893347     0.829720
    20     6.172162    -0.019857    -0.013016     0.735989     0.868672     0.806168
    21     0.000000     0.000000     0.000000     0.752764     0.842096     0.785156
    22     0.000000     0.000000     0.000000     0.772114     0.837717     0.782318
    23     0.000000     0.000000     0.000000     0.789370     0.843789     0.787153
    24     0.000000     0.000000     0.000000     0.800306     0.848805     0.791134
    25     0.000000     0.000000     0.000000     0.803713     0.849879     0.792200
    26     0.000000     0.000000     0.000000     0.801033     0.848811     0.791484
    27     0.000000     0.000000     0.000000     0.795057     0.847655     0.790416
    28     0.000000     0.000000     0.000000     0.788650     0.847155     0.789704
    29     0.000000     0.000000     0.000000     0.783883     0.847119     0.789432
    30     0.000000     0.000000     0.000000     0.781668     0.847187     0.789428
    31     0.000000     0.000000     0.000000     0.781855     0.847205     0.789526
    32     0.000000     0.000000     0.000000     0.783611     0.847198     0.789646
    33     0.000000     0.000000     0.000000     0.785890     0.847230     0.789764
    34     0.000000     0.000000     0.000000     0.787823     0.847308     0.789871
    35     0.000000     0.000000     0.000000     0.788920     0.847396     0.789949
    36     0.000000     0.000000     0.000000     0.789107     0.847450     0.789980
    37     0.000000     0.000000     0.000000     0.788614     0.847455     0.789960
    38     0.000000     0.000000     0.000000     0.787809     0.847422     0.789907
    39     0.000000     0.000000     0.000000     0.787045     0.847377     0.789847
    40     0.000000     0.000000     0.000000     0.786549     0.847341     0.789803
    41     0.000000     0.000000     0.000000     0.786395     0.847323     0.789787
    42     0.000000     0.000000     0.000000     0.786524     0.847323     0.789796
    43     0.000000     0.000000     0.000000     0.786804     0.847334     0.789819
