
 50 S MODEL - RED,SET FOR TRANS, CENTER FROM 8 I
   189  0.25000
 ROTATION    
 -0.05996 -0.09410  0.09214
     1    17.649602    21.329444    17.033928    -0.006440     2.257443    -0.045664
     2    14.695280    19.717305    16.144531    -0.006704     2.527204    -0.026388
     3    15.235370    18.867462    15.186125    -0.001256     0.001270     0.011630
     4    15.156722    18.939155    15.228551    -0.020049     0.160355     0.095451
     5    15.178281    19.140070    15.442764     0.039124     0.103826     0.012522
     6    15.185672    19.165253    15.453618     0.029127     0.089596     0.008916
     7    15.179044    19.117814    15.405827     0.027018     0.068424     0.012620
     8    15.177649    19.100612    15.398663     0.027553     0.067238     0.012711
     9    15.179067    19.110494    15.409964     0.028130     0.073980     0.012152
    10    15.179479    19.117528    15.412908     0.027142     0.077060     0.011878
    11    15.179127    19.116061    15.409928     0.026471     0.077238     0.011903
    12    15.178972    19.113641    15.408647     0.026595     0.076401     0.012001
    13    15.179061    19.113588    15.409415     0.026903     0.075743     0.012037
    14    15.179127    19.114327    15.409988     0.026979     0.075623     0.012038
    15    15.179115    19.114512    15.409868     0.026903     0.075808     0.012027
    16    15.179091    19.114303    15.409642     0.026848     0.075976     0.012017
    17    15.179085    19.114202    15.409612     0.026851     0.076000     0.012015
    18    15.179091    19.114249    15.409678     0.026867     0.075947     0.012018
    19    15.226864    19.162076    15.457576     0.000000     0.000000     0.000000
    20    15.226864    19.162076    15.457576     0.000000     0.000000     0.000000
    21    15.226864    19.162064    15.457552     0.000000     0.000000     0.000000
    22    15.226864    19.162064    15.457552     0.000000     0.000000     0.000000
    23    13.271945    19.433969    17.486399     0.050189    22.986596     0.542692
    24    22.679924    21.624809    17.668473     0.000000     0.000000     0.000000
    25    21.083599    25.272440    20.770740     0.000000     0.000000     0.000000
    26    21.276468    26.546448    22.272461     0.000000     0.000000     0.000000
    27    21.464276    26.230174    22.043853     0.000000     0.000000     0.000000
    28    21.406936    25.715392    21.433359     0.000000     0.000000     0.000000
    29    21.357601    25.499457    21.211087     0.000000     0.000000     0.000000
    30    21.357244    25.524258    21.330338     0.000000     0.000000     0.000000
    31    21.369701    25.626057    21.503514     0.000000     0.000000     0.000000
    32    21.375983    25.701677    21.573203     0.000000     0.000000     0.000000
    33    21.375316    25.720906    21.544593     0.000000     0.000000     0.000000
    34    21.371877    25.699365    21.485662     0.000000     0.000000     0.000000
    35    21.368712    25.667816    21.446722     0.000000     0.000000     0.000000
    36    21.366924    25.648707    21.438467     0.000000     0.000000     0.000000
    37    21.366465    25.647163    21.447914     0.000000     0.000000     0.000000
    38    21.366995    25.655937    21.459954     0.000000     0.000000     0.000000
    39    21.368092    25.665360    21.467566     0.000000     0.000000     0.000000
    40    21.369242    25.670099    21.470820     0.000000     0.000000     0.000000
    41    21.370023    25.670111    21.472001     0.000000     0.000000     0.000000
    42    21.370273    25.667977    21.472418     0.000000     0.000000     0.000000
    43    21.370065    25.666040    21.472102     0.000000     0.000000     0.000000
    44    21.369618    25.665187    21.470850     0.000000     0.000000     0.000000
    45    21.369189    25.665146    21.468961     0.000000     0.000000     0.000000
    46    21.368896    25.665307    21.467167     0.000000     0.000000     0.000000
    47    21.368801    25.665330    21.466130     0.000000     0.000000     0.000000
    48    21.368867    25.665241    21.466106     0.000000     0.000000     0.000000
    49    21.369004    25.665199    21.466809     0.000000     0.000000     0.000000
    50    21.369153    25.665307    21.467775     0.000000     0.000000     0.000000
    51    21.369266    25.665515    21.468561     0.000000     0.000000     0.000000
    52    21.369314    25.665712    21.468955     0.000000     0.000000     0.000000
    53    21.369308    25.665813    21.468943     0.000000     0.000000     0.000000
    54    21.369266    25.665783    21.468681     0.000000     0.000000     0.000000
    55    21.369212    25.665664    21.468335     0.000000     0.000000     0.000000
    56    21.369165    25.665551    21.468049     0.000000     0.000000     0.000000
    57    21.369141    25.665473    21.467894     0.000000     0.000000     0.000000
    58    21.369135    25.665450    21.467870     0.000000     0.000000     0.000000
    59    21.369147    25.665473    21.467947     0.000000     0.000000     0.000000
    60    21.369171    25.665521    21.468067     0.000000     0.000000     0.000000
    61    21.369189    25.665557    21.468180     0.000000     0.000000     0.000000
    62    21.369194    25.665581    21.468245     0.000000     0.000000     0.000000
    63    21.369200    25.665593    21.468263     0.000000     0.000000     0.000000
    64    21.369194    25.665587    21.468245     0.000000     0.000000     0.000000
    65    21.369189    25.665569    21.468204     0.000000     0.000000     0.000000
