
 70S RIB MODEL INTERIOR PTS. REMOVED, CENTERED F
   303  0.25000
 ROTATION    
  0.00000  0.00000  0.00000
     1    28.577518    27.037620    29.158574     0.082432     0.359786     0.017606
     2    25.221145    25.781667    24.969494     0.798853    -0.119767    -0.020832
     3    24.392241    24.587392    25.081777    -0.037018     0.470386    -0.014143
     4    24.522876    24.245834    24.847203     0.018785     0.051036    -0.034669
     5    24.681562    24.150866    24.849933     0.190447    -0.198081    -0.008671
     6    24.717658    24.252319    24.945896     0.000340    -0.002173     0.000554
     7    24.704861    24.396127    25.003927    -0.000178    -0.002816    -0.000096
     8    24.691057    24.444562    24.997979     0.001426     0.044485    -0.005154
     9    24.684602    24.409490    24.968951     0.000662    -0.057473    -0.002281
    10    24.684280    24.366968    24.955719    -0.000039     0.005317    -0.002200
    11    24.687236    24.355620    24.961036     0.000917     0.008674    -0.025038
    12    24.689513    24.366170    24.969178     0.000799     0.005766     0.012603
    13    24.689471    24.377208    24.971073     0.000652     0.005949     0.008203
    14    24.688351    24.379777    24.968737     0.000640     0.007835     0.024679
    15    24.687796    24.376922    24.966841     0.000627     0.009039     1.253845
    16    24.688017    24.374121    24.966871     0.000644     0.008825     0.595279
    17    24.688357    24.373561    24.967640     0.000664     0.008170     0.063105
    18    24.688434    24.374300    24.967992     0.000669     0.007824     0.038545
    19    24.688327    24.375003    24.967843     0.000669     0.007851     0.038538
    20    24.688249    24.375140    24.967640     0.000667     0.008011     0.046142
    21    24.688249    24.374943    24.967581     0.000664     0.008111     0.052125
    22    24.688261    24.374759    24.967670     0.000663     0.008117     0.051780
    23    24.688303    24.374735    24.967712     0.000663     0.008082     0.049312
    24    24.688297    24.374783    24.967712     0.000664     0.008056     0.048176
    25    24.764847    24.451315    25.044047     0.000000     0.000000     0.000000
    26    24.764841    24.451315    25.044041     0.000000     0.000000     0.000000
    27    24.764847    24.451297    25.044041     0.000000     0.000000     0.000000
    28    24.764847    24.451285    25.044041     0.000000     0.000000     0.000000
    29    24.764847    24.451285    25.044047     0.000000     0.000000     0.000000
    30    23.451673    26.818513    21.794623     0.000000     0.000000     0.000000
    31    27.852416    27.135068    31.481689     0.880394     0.187914     0.108018
    32    32.043600    30.297523    31.228697    -0.242739     0.069766     0.020912
    33    33.134484    30.997663    31.969499    -0.478069     0.221981     0.065996
    34    32.669484    30.945968    32.403528     0.494008     0.487777     0.099350
    35    32.239198    31.184732    32.522797     0.281692     0.129788     0.043290
    36    32.178652    31.685948    32.585316     0.000000     0.000000     0.000000
    37    32.281202    32.104343    32.623159     0.000000     0.000000     0.000000
    38    32.364827    32.273364    32.605838     0.000000     0.000000     0.000000
    39    32.386851    32.236540    32.546132     0.000000     0.000000     0.000000
    40    32.373952    32.106018    32.485073     0.000000     0.000000     0.000000
    41    32.356286    31.967568    32.451671     0.000000     0.000000     0.000000
    42    32.346111    31.861996    32.448387     0.000000     0.000000     0.000000
    43    32.342398    31.799936    32.461041     0.000000     0.000000     0.000000
    44    32.340520    31.777405    32.474398     0.000000     0.000000     0.000000
    45    32.337939    31.783968    32.480788     0.000000     0.000000     0.000000
    46    32.335001    31.806814    32.480275     0.000000     0.000000     0.000000
    47    32.333117    31.833946    32.476758     0.000000     0.000000     0.000000
    48    32.333165    31.856656    32.474005     0.000000     0.000000     0.000000
    49    32.334834    31.870615    32.473707     0.000000     0.000000     0.000000
    50    32.337141    31.875443    32.475495     0.000000     0.000000     0.000000
    51    32.339096    31.873297    32.477927     0.000000     0.000000     0.000000
    52    32.340198    31.867390    32.479655     0.000000     0.000000     0.000000
    53    32.340455    31.860834    32.480084     0.000000     0.000000     0.000000
    54    32.340198    31.855869    32.479381     0.000000     0.000000     0.000000
    55    32.339781    31.853574    32.478201     0.000000     0.000000     0.000000
    56    32.339429    31.853908    32.477188     0.000000     0.000000     0.000000
    57    32.339245    31.856006    32.476717     0.000000     0.000000     0.000000
    58    32.339197    31.858676    32.476806     0.000000     0.000000     0.000000
    59    32.339197    31.860840    32.477229     0.000000     0.000000     0.000000
    60    32.339185    31.861859    32.477712     0.000000     0.000000     0.000000
    61    32.339119    31.861627    32.478010     0.000000     0.000000     0.000000
    62    32.339006    31.860470    32.478052     0.000000     0.000000     0.000000
    63    32.338893    31.858921    32.477903     0.000000     0.000000     0.000000
    64    32.338792    31.857538    32.477647     0.000000     0.000000     0.000000
    65    32.338750    31.856667    32.477420     0.000000     0.000000     0.000000
    66    32.338756    31.856441    32.477301     0.000000     0.000000     0.000000
    67    32.338827    31.856781    32.477283     0.000000     0.000000     0.000000
    68    32.338905    31.857466    32.477360     0.000000     0.000000     0.000000
    69    32.339018    31.858253    32.477492     0.000000     0.000000     0.000000
    70    32.339096    31.858921    32.477611     0.000000     0.000000     0.000000
    71    32.339155    31.859344    32.477706     0.000000     0.000000     0.000000
    72    32.339167    31.859475    32.477742     0.000000     0.000000     0.000000
    73    32.339155    31.859380    32.477742     0.000000     0.000000     0.000000
    74    32.339119    31.859123    32.477706     0.000000     0.000000     0.000000
    75    32.339072    31.858813    32.477658     0.000000     0.000000     0.000000
    76    32.339024    31.858527    32.477593     0.000000     0.000000     0.000000
    77    32.338982    31.858313    32.477569     0.000000     0.000000     0.000000
    78    32.338964    31.858199    32.477533     0.000000     0.000000     0.000000
    79    32.338953    31.858187    32.477527     0.000000     0.000000     0.000000
    80    32.338970    31.858235    32.477533     0.000000     0.000000     0.000000
    81    32.338976    31.858336    32.477551     0.000000     0.000000     0.000000
    82    32.339000    31.858444    32.477569     0.000000     0.000000     0.000000
    83    32.339024    31.858533    32.477593     0.000000     0.000000     0.000000
    84    32.339030    31.858599    32.477605     0.000000     0.000000     0.000000
    85    32.339042    31.858634    32.477611     0.000000     0.000000     0.000000
    86    32.339048    31.858640    32.477611     0.000000     0.000000     0.000000
    87    32.339042    31.858628    32.477611     0.000000     0.000000     0.000000
