
 70S RIB MODEL INTERIOR PTS. REMOVED, CENTERED F
   303  0.10000
 TRANSLATION 
  0.00000  0.00000  0.00000
     1     0.117218     0.069266     0.015547     0.857124     0.847193     0.841504
     2    -0.015918    -0.802598    -0.008399     0.818023     0.812416     0.830665
     3     0.001341     0.030716    -0.025839     0.823109     0.819387     0.828975
     4     0.003995    -0.108119    -0.005958     0.826895     0.823985     0.828715
     5    -0.003698     0.006458    -0.002664     0.828895     0.824982     0.829464
     6     0.000725     0.006141    -0.015506     0.829573     0.824189     0.830155
     7     0.000824     0.009844    -0.010722     0.829226     0.823297     0.830248
     8     0.000586     0.007983     1.472403     0.828643     0.823086     0.830069
     9     0.000585     0.008449     0.021210     0.828312     0.823332     0.829964
    10     0.000659     0.008631     0.027059     0.828273     0.823556     0.829963
    11     0.000688     0.007991     0.044648     0.828381     0.823578     0.829979
    12     0.000713     0.007988     0.096902     0.828495     0.823497     0.829976
    13     0.000699     0.008114     0.081200     0.828550     0.823445     0.829970
    14     0.000665     0.008122     0.050806     0.828545     0.823451     0.829975
    15     0.000647     0.008087     0.042848     0.828513     0.823475     0.829985
    16     0.000649     0.008047     0.044190     0.828486     0.823485     0.829989
    17     0.000662     0.008038     0.048532     0.828478     0.823480     0.829986
    18     0.000000     0.000000     0.000000     0.828485     0.823474     0.829981
    19     0.000000     0.000000     0.000000     0.828494     0.823473     0.829979
    20     0.000000     0.000000     0.000000     0.828500     0.823475     0.829980
    21     0.000000     0.000000     0.000000     0.828499     0.823476     0.829982
    22     0.000000     0.000000     0.000000     0.828496     0.823476     0.829982
    23     0.000000     0.000000     0.000000     0.828494     0.823475     0.829982
