
 RIBOSOME MODEL - YELLOW,SHORT DIS DEL, ADDED PT
   168  0.25000
 ROTATION    
200.67083 93.62264 42.18970
     1    15.093189     8.793711    16.025191     1.446666     0.965173    -0.012961
     2    15.124404     9.192446    12.724220    -0.025092    -0.178244    -0.050503
     3    14.474117     8.746696    12.981325     0.219403    -8.995859    -0.030062
     4    14.005726     8.277224    13.134151    -0.007936     0.050270    -0.020998
     5    13.885647     8.128349    13.102614    -0.019426    -0.133732    -0.014912
     6    13.933974     8.196496    13.068538    -0.002352    -0.005117    -0.009189
     7    13.994652     8.303642    13.068670    -0.008569    -0.019114    -0.029147
     8    14.014923     8.357435    13.080412    -0.015538    -0.042891    -0.040705
     9    14.004647     8.352371    13.087099    -0.018562    -0.063929    -0.043812
    10    13.987058     8.320126    13.086867    -0.019514    -0.082726    -0.042219
    11    13.975685     8.290213    13.083803    -0.019631    -0.107308    -0.040018
    12    13.972663     8.275629    13.081347    -0.019272    -0.147037    -0.037826
    13    13.974750     8.275518    13.080626    -0.018760    -0.204212    -0.035196
    14    13.978433     8.283143    13.081210    -0.018415    -0.245690    -0.032559
    15    13.981813     8.292098    13.082176    -0.018339    -0.224748    -0.030696
    16    13.984388     8.298822    13.082861    -0.018408    -0.174320    -0.029883
    17    13.986247     8.302469    13.083058    -0.018456    -0.134638    -0.029936
    18    13.987523     8.303669    13.082873    -0.018423    -0.110625    -0.030556
    19    13.988280     8.303451    13.082563    -0.018349    -0.097730    -0.031473
    20    13.988536     8.302624    13.082319    -0.018296    -0.092049    -0.032456
    21    13.988351     8.301632    13.082236    -0.018296    -0.091063    -0.033307
    22    13.987845     8.300650    13.082259    -0.018342    -0.093075    -0.033892
    23    13.987177     8.299747    13.082349    -0.018408    -0.096799    -0.034164
    24    13.986486     8.298959    13.082426    -0.018467    -0.101179    -0.034157
    25    13.985902     8.298345    13.082462    -0.018503    -0.105363    -0.033955
    26    13.985484     8.297953    13.082462    -0.018511    -0.108734    -0.033656
    27    13.985246     8.297808    13.082444    -0.018499    -0.110962    -0.033346
    28    13.985174     8.297886    13.082426    -0.018477    -0.111994    -0.033085
    29    13.985246     8.298128    13.082414    -0.018454    -0.112006    -0.032907
    30    13.985401     8.298450    13.082414    -0.018436    -0.111296    -0.032816
    31    13.985604     8.298774    13.082420    -0.018426    -0.110187    -0.032801
    32    13.985806     8.299041    13.082426    -0.018423    -0.108961    -0.032841
    33    13.985979     8.299219    13.082432    -0.018424    -0.107828    -0.032913
    34    13.986104     8.299299    13.082426    -0.018427    -0.106921    -0.032995
    35    13.986176     8.299295    13.082426    -0.018431    -0.106305    -0.033070
    36    13.986188     8.299238    13.082426    -0.018435    -0.105987    -0.033130
    37    13.986164     8.299149    13.082426    -0.018438    -0.105936    -0.033168
    38    13.986116     8.299053    13.082420    -0.018440    -0.106093    -0.033186
    39    13.986051     8.298968    13.082426    -0.018442    -0.106382    -0.033186
    40    13.985991     8.298904    13.082426    -0.018443    -0.106729    -0.033173
    41    13.985937     8.298864    13.082426    -0.018443    -0.107067    -0.033153
    42    13.985902     8.298850    13.082426    -0.018442    -0.107348    -0.033130
    43    13.985884     8.298853    13.082426    -0.018442    -0.107540    -0.033110
    44    13.985878     8.298870    13.082426    -0.018441    -0.107637    -0.033095
    45    13.985890     8.298895    13.082426    -0.018440    -0.107648    -0.033085
    46    13.985902     8.298921    13.082426    -0.018439    -0.107592    -0.033080
    47    13.985925     8.298945    13.082426    -0.018439    -0.107496    -0.033081
    48    13.985943     8.298964    13.082426    -0.018439    -0.107385    -0.033085
    49    13.985955     8.298974    13.082426    -0.018439    -0.107279    -0.033091
    50    13.985973     8.298978    13.082426    -0.018439    -0.107194    -0.033097
    51    13.985973     8.298975    13.082426    -0.018439    -0.107137    -0.033103
    52    13.985973     8.298971    13.082426    -0.018439    -0.107111    -0.033107
    53    13.985973     8.298964    13.082426    -0.018439    -0.107110    -0.033110
    54    13.985967     8.298954    13.082426    -0.018440    -0.107129    -0.033111
    55    13.985961     8.298949    13.082426    -0.018440    -0.107160    -0.033111
    56    13.985955     8.298943    13.082426    -0.018440    -0.107195    -0.033110
    57    13.985949     8.298940    13.082426    -0.018440    -0.107227    -0.033108
    58    13.985943     8.298940    13.082426    -0.018440    -0.107253    -0.033106
    59    13.985943     8.298940    13.082426    -0.018440    -0.107270    -0.033104
    60    13.985943     8.298940    13.082426    -0.018440    -0.107277    -0.033103
    61    13.985943     8.298945    13.082426    -0.018440    -0.107277    -0.033102
    62    13.985949     8.298946    13.082426    -0.018439    -0.107270    -0.033102
    63    13.985949     8.298950    13.082426    -0.018439    -0.107260    -0.033102
