
 ELIPSE:   A= 38.1746 B=  8.1746 NB = 12        
   228  1.82542
 ROTATION    
  0.00000  0.00000  0.00000
     1  3294.177055  3347.460031   725.500345   -41.443997    -3.354087     0.497599
     2  3263.256549  3278.831839   514.548182   -12.902235    -1.412737    -0.395839
     3  3127.261996  3106.545805   553.092837    -0.482843    45.909452    -0.847128
     4  3034.510016  3021.816015   559.251070    -0.010870    -0.034485    -0.008411
     5  3046.256899  3043.379187   552.335739    -0.239530    -0.055284     0.118255
     6  3077.508807  3077.067732   552.604675     0.347726    -0.368004     0.051338
     7  3085.580468  3083.253502   553.169250    -0.017614     0.097865    -0.027421
     8  3076.476454  3073.714971   552.899122     0.037813    -0.046914     0.187883
     9  3067.138195  3066.152930   552.748084     0.181332    -0.146392     0.154716
    10  3064.844012  3065.624237   552.762389     0.240893    -0.183367     0.143582
    11  3067.214488  3068.357706   552.764534     0.120571    -0.118388     0.061871
    12  3069.728612  3070.175051   552.727580     0.000049    -0.000061     0.000028
    13  3070.371747  3070.113658   552.678823    -0.016677     0.083902    -0.032150
    14  3069.673180  3069.334030   552.628397    -0.005620    -0.026024    -0.191034
    15  3068.871498  3068.971037   552.571535    -0.004597    -0.010399    -0.365400
    16  3068.623542  3069.238066   552.501797    -0.009858    -0.014859    -0.066513
    17  3068.866133  3069.719076   552.421808    -0.015677    -0.015635    -0.044754
    18  3069.236874  3069.991469   552.335262    -0.012577    -0.010191    -0.029763
    19  3069.466948  3069.951534   552.248716    -0.004141    -0.004068    -0.015176
    20  3069.501519  3069.730997   552.164912    -0.000083    -0.000114    -0.000569
    21  3069.409132  3069.509267   552.085876     0.001401     0.003122     0.019653
    22  3069.288730  3069.393634   552.013397     0.001088    -0.005791     0.191412
    23  3069.201707  3069.388866   551.947593     0.011647     0.004848     0.872124
    24  3069.164156  3069.442510   551.888942     0.009818     0.008208    -0.100360
    25  3069.168925  3069.505095   551.837801     0.013966     0.011661    -0.048731
    26  3069.195151  3069.546222   551.794409    -0.670920     0.019878    -0.028015
    27  3069.225549  3069.561123   551.759243    -0.003934    -0.022402    -0.016206
    28  3069.249987  3069.555163   551.732301    -0.000971    -0.002987    -0.013523
    29  3069.264888  3069.548010   551.711797    -0.000839    -0.002571    -0.093221
    30  3069.269061  3069.545626   551.698327    -0.001112    -0.004004     0.074941
    31  3069.266676  3069.546222   551.690340    -0.001139    -0.005341     0.067009
    32  3069.261908  3069.552183   551.687002    -0.000895    -0.005682     0.080547
    33  3069.255948  3069.555163   551.687598    -0.000583    -0.004838     0.105576
    34  3069.249987  3069.559931   551.692128    -0.000331    -0.003406     0.136311
    35  3069.249987  3069.559931   551.698923    -0.000159    -0.001969     0.155785
    36  3069.247603  3069.555163   551.707386    -0.000047    -0.000703     0.159684
    37  3069.247603  3069.552779   551.717638     0.000021     0.000390     0.124601
    38  3069.248795  3069.546222   551.728367     0.000056     0.001359     0.133070
    39  3069.248795  3069.542050   551.739573     0.000069     0.002191     0.154270
    40  3069.249987  3069.542050   551.750540     0.000067     0.002904     0.236741
    41  3069.249987  3069.542050   551.760554     0.000060     0.003586     0.943844
    42  3069.249987  3069.545626   551.770687     0.000051     0.004377    -0.505479
    43  3069.249987  3069.546222   551.779508     0.000044     0.005357    -0.288300
    44  3069.252967  3069.546222   551.787495     0.000038     0.006541    -0.437471
    45  3069.254755  3069.548010   551.793813     0.000034     0.007597     1.606326
    46  3069.255352  3069.548010   551.799297     0.000030     0.008140     0.277274
    47  3069.255948  3069.552183   551.803469     0.000028     0.008430     0.186822
    48  3069.255948  3069.548010   551.806926     0.000027     0.008829     0.186106
    49  3069.255948  3069.548010   551.809310     0.000027     0.009863     0.286943
    50  3069.255352  3069.548010   551.810383     0.000026     0.011180     0.769642
    51  3069.253563  3069.548010   551.810860     0.000025     0.012841    -2.461126
    52  3069.252967  3069.546222   551.810383     0.000023     0.015505    -0.638010
    53  3069.252371  3069.546222   551.809310     0.000019     0.015887    -0.485952
    54  3069.249987  3069.546222   551.807761     0.000014     0.014346    -0.509061
    55  3069.249987  3069.546222   551.805973     0.000010     0.011690    -0.680518
    56  3069.249987  3069.546222   551.804065     0.000004     0.005160   -10.110414
    57  3069.249987  3069.546222   551.801681     0.000000     0.000130     0.015200
    58  3069.249987  3069.546222   551.799297    -0.000005    -0.005873    -0.432341
    59  3069.249987  3069.546222   551.797270    -0.000008    -0.010886    -0.735665
    60  3069.249987  3069.546222   551.794767    -0.000011    -0.015941    -1.038345
    61  3069.249987  3069.546222   551.792979    -0.000013    -0.021406    -1.365650
    62  3069.249987  3069.546222   551.791310    -0.000013    -0.027457    -1.246344
    63  3069.249987  3069.546222   551.789760    -0.000013    -0.033677    -1.212071
    64  3069.249987  3069.546222   551.788449    -0.000012    -0.039878    -0.998411
    65  3069.249987  3069.546222   551.787495    -0.000011    -0.045425    -1.205773
    66  3069.249987  3069.546222   551.786422    -0.000010    -0.049046    -0.752526
    67  3069.249987  3069.546222   551.786184    -0.000009    -0.056091    -0.660277
    68  3069.249987  3069.546222   551.785826    -0.000008    -0.060490    -0.555977
    69  3069.249987  3069.546222   551.785826    -0.000007    -0.076928    -0.588962
    70  3069.249987  3069.546222   551.785826    -0.000006    -0.089584    -0.518103
    71  3069.249987  3069.546222   551.786422    -0.000005    -0.102678    -0.477365
    72  3069.249987  3069.546222   551.786780    -0.000004    -0.136391    -0.493222
    73  3069.249987  3069.546222   551.787137    -0.000003    -0.131425    -0.462589
    74  3069.249987  3069.546222   551.787853    -0.000002    -0.154676    -0.474296
    75  3069.249987  3069.546222   551.788091    -0.000001    -0.033466    -0.135549
    76  3069.249987  3069.546222   551.788687     0.000001     0.031093     0.215259
    77  3069.249987  3069.546222   551.789045     0.000001     0.062549     0.606192
    78  3069.249987  3069.546222   551.789522     0.000002     0.100236     1.265007
    79  3069.249987  3069.546222   551.789879     0.000002     0.139021     3.697236
    80  3069.249987  3069.546222   551.790475     0.000003     0.182558    13.022416
    81  3069.249987  3069.546222   551.790595     0.000003     0.233288    46.498560
    82  3069.249987  3069.546222   551.790952     0.000003     0.274981    16.356909
    83  3069.249987  3069.546222   551.791071     0.000002     0.293658    10.592573
    84  3069.249987  3069.546222   551.791310     0.000002     0.298598     3.519450
    85  3069.249987  3069.546222   551.791310     0.000002     0.244262     2.337777
    86  3069.249987  3069.546222   551.791310     0.000001     0.178028     1.611177
    87  3069.249987  3069.546222   551.791310     0.000001     0.094820     0.418941
    88  3069.249987  3069.546222   551.791310     0.000000     0.023820     0.104994
    89  3069.249987  3069.546222   551.791310    -0.000000    -0.046628    -0.183127
    90  3069.249987  3069.546222   551.791310    -0.000001    -0.069746    -0.227047
    91  3069.249987  3069.546222   551.791071    -0.000001    -0.090036    -0.258061
    92  3069.249987  3069.546222   551.790952    -0.000001    -0.130780    -0.319836
    93  3069.249987  3069.546222   551.790952    -0.000001    -0.191042    -0.402067
    94  3069.249987  3069.546222   551.790952    -0.000002    -0.240294    -0.480302
    95  3069.249987  3069.546222   551.790595    -0.000002    -0.297001    -0.394211
    96  3069.249987  3069.546222   551.790595    -0.000001    -0.356734    -0.331874
    97  3069.249987  3069.546222   551.790475    -0.000001    -0.435825    -0.311945
    98  3069.249987  3069.546222   551.790475    -0.000001    -0.519132    -0.334593
    99  3069.249987  3069.546222   551.790237    -0.000001    -0.586444    -0.242579
   100  3069.249987  3069.546222   551.790118    -0.000001    -0.652649    -0.194732
   101  3069.249987  3069.546222   551.790118    -0.000001    -0.809993    -0.242600
   102  3069.249987  3069.546222   551.790118    -0.000001    -1.236720    -0.346830
   103  3069.249987  3069.546222   551.790118    -0.000001    -1.511016    -0.307398
   104  3069.249987  3069.546222   551.790118    -0.000001    -5.064280    -0.294959
   105  3069.249987  3069.546222   551.790118    -0.000001    94.788336    -0.283254
   106  3069.249987  3069.546222   551.790118    -0.000001     2.843695    -0.221211
   107  3069.249987  3069.546222   551.790118    -0.000001     1.625552    -0.180186
   108  3069.249987  3069.546222   551.790118    -0.000001     1.116277    -0.219235
   109  3069.249987  3069.546222   551.790118    -0.000001     0.911528    -0.274348
   110  3069.249987  3069.546222   551.790118    -0.000001     0.896615    -0.201783
   111  3069.249987  3069.546222   551.790237    -0.000001     0.956838    -0.304661
   112  3069.249987  3069.546222   551.790237    -0.000001     1.078615    -0.323096
   113  3069.249987  3069.546222   551.790237    -0.000001     1.314794    -0.231394
   114  3069.249987  3069.546222   551.790475    -0.000000     1.761105    -0.131917
   115  3069.249987  3069.546222   551.790475    -0.000001     2.637575    -0.206925
   116  3069.249987  3069.546222   551.790475    -0.000001     5.759809    -0.159761
   117  3069.249987  3069.546222   551.790475    -0.000001   -48.225998    -0.185550
