
 ELIPSE:   A= 37.801 B=  7.801                  
   147  2.19942
 ROTATION    
  0.00000  0.00000  0.00000
     1  3209.016919  3270.289897   665.954947   -47.701478    -4.722244     0.601095
     2  3195.535540  3216.349482   505.177736    -2.694051    -0.331826    -0.132547
     3  3084.940910  3067.098855   522.821307     0.349151     0.118994    -0.142210
     4  3007.352948  2996.303439   529.398322    -0.154405    -0.547421    -0.310942
     5  3014.621138  3013.872504   526.361584     0.141821     0.012095    -0.027870
     6  3038.376569  3040.077090   525.454998     0.002973     0.000370    -0.000517
     7  3044.865131  3044.295907   525.417804    -0.033693     0.032289    -0.110169
     8  3038.596510  3037.084341   525.290846     0.035226    -0.060982     0.161445
     9  3032.011389  3032.069802   525.165915     0.064191    -0.113066     0.173831
    10  3030.232787  3032.245039   525.085091     0.097838    -0.117481     0.166799
    11  3031.650185  3034.376502   525.005817     0.097539    -0.071550     0.065402
    12  3033.300042  3035.570979   524.915695    -0.007494     0.009443    -0.004688
    13  3033.849596  3035.388588   524.823307    -0.011761    -1.295542    -0.037139
    14  3033.540248  3034.734129   524.736285    -0.002144    -0.011357    -0.234226
    15  3033.065199  3034.393191   524.652838    -0.002681    -0.010842    -0.151483
    16  3032.829165  3034.489154   524.569034    -0.008855    -0.027005    -0.064502
    17  3032.854795  3034.775257   524.484038    -0.020910    -0.030394    -0.050776
    18  3032.979965  3034.982085   524.398684    -0.050189    -0.017088    -0.038049
    19  3033.079504  3035.018444   524.317622    -0.036424    -0.005937    -0.023341
    20  3033.109903  3034.929037   524.241447    -0.001317    -0.000520    -0.004126
    21  3033.089041  3034.808635   524.171829     0.001859     0.001481     0.038892
    22  3033.043146  3034.719228   524.110198    -0.002509    -0.004458     0.148037
    23  3033.001422  3034.684658   524.055838     0.025369     0.018414    -0.116693
    24  3032.978773  3034.688830   524.009227     0.008419     0.015520    -0.054790
    25  3032.972216  3034.719228   523.969531     0.005000     0.018381    -0.033206
    26  3032.979369  3034.751415   523.937344     0.002641     0.067870    -0.019104
    27  3032.993674  3034.777045   523.911833     0.000767    -0.003391    -0.006952
    28  3033.010363  3034.791350   523.892521    -0.000549     0.000846     0.009288
    29  3033.023476  3034.798502   523.879647    -0.000843     0.000346    -0.007982
    30  3033.034801  3034.797310   523.871421    -0.002343    -0.001360     0.013149
    31  3033.036589  3034.791350   523.868680    -0.001721    -0.003045     0.028280
    32  3033.038973  3034.789562   523.868918    -0.001135    -0.003238     0.048510
    33  3033.036589  3034.786581   523.872375    -0.000601    -0.002046     0.077098
    34  3033.036589  3034.784197   523.878931    -0.000212    -0.000777     0.101032
    35  3033.035993  3034.784197   523.886203     0.000025     0.000101    -0.289242
    36  3033.029437  3034.784197   523.895144     0.000143     0.000673     0.207376
    37  3033.029437  3034.784197   523.904681     0.000174     0.001033     0.195369
    38  3033.027052  3034.784197   523.914694     0.000153     0.001234     0.233900
    39  3033.027052  3034.784197   523.923397     0.000110     0.001301     0.563771
    40  3033.027052  3034.784197   523.932576     0.000072     0.001265    -0.321060
    41  3033.027052  3034.784197   523.940563     0.000047     0.001208    -0.114185
    42  3033.029437  3034.784197   523.947119     0.000040     0.001280    -0.112494
    43  3033.029437  3034.784197   523.952960     0.000044     0.001512    -0.349751
    44  3033.029437  3034.784197   523.957371     0.000051     0.001707     1.773618
    45  3033.029437  3034.784197   523.960828     0.000055     0.001839     0.780541
    46  3033.029437  3034.784197   523.963332     0.000054     0.001882    -1.339775
    47  3033.029437  3034.784197   523.965239     0.000051     0.001991    -0.415491
    48  3033.029437  3034.784197   523.965716     0.000042     0.001955    -0.140905
    49  3033.029437  3034.784197   523.965716     0.000032     0.001861    -0.087618
    50  3033.029437  3034.784197   523.965239     0.000023     0.001712    -0.066506
    51  3033.029437  3034.784197   523.963928     0.000014     0.001343    -0.052155
    52  3033.029437  3034.784197   523.962378     0.000006     0.000631    -0.032010
    53  3033.029437  3034.784197   523.960471     0.000001     0.000079    -0.012892
    54  3033.029437  3034.784197   523.959040    -0.000005    -0.000719    -0.090409
    55  3033.029437  3034.784197   523.957252    -0.000009    -0.001418    -0.076001
    56  3033.029437  3034.784197   523.955464    -0.000010    -0.001995    -0.071791
    57  3033.029437  3034.784197   523.953914    -0.000013    -0.002842    -0.065520
    58  3033.029437  3034.784197   523.952484    -0.000014    -0.003647    -0.066661
    59  3033.029437  3034.784197   523.951053    -0.000013    -0.004519    -0.068996
    60  3033.029437  3034.784197   523.950099    -0.000012    -0.005288    -0.050610
    61  3033.029437  3034.784197   523.948669    -0.000011    -0.006169    -0.057677
    62  3033.029437  3034.784197   523.948311    -0.000010    -0.006435    -0.045672
    63  3033.029437  3034.784197   523.947715    -0.000008    -0.006155    -0.037654
    64  3033.029437  3034.784197   523.947238    -0.000006    -0.005652    -0.032428
    65  3033.029437  3034.784197   523.947119    -0.000005    -0.004654    -0.027795
    66  3033.029437  3034.784197   523.947119    -0.000003    -0.003343    -0.018188
    67  3033.029437  3034.784197   523.947119    -0.000002    -0.002321    -0.013807
    68  3033.029437  3034.784197   523.947715     0.000000     0.000099     0.000567
    69  3033.029437  3034.784197   523.947715     0.000000     0.000750     0.004960
    70  3033.029437  3034.784197   523.948311     0.000002     0.003507     0.022774
    71  3033.029437  3034.784197   523.948311     0.000002     0.005154     0.035342
    72  3033.029437  3034.784197   523.948669     0.000003     0.007829     0.051628
    73  3033.029437  3034.784197   523.949027     0.000003     0.010342     0.055969
    74  3033.029437  3034.784197   523.949503     0.000003     0.013259     0.073798
    75  3033.029437  3034.784197   523.949503     0.000004     0.016529     0.091501
    76  3033.029437  3034.784197   523.949980     0.000003     0.019359     0.092920
    77  3033.029437  3034.784197   523.950338     0.000003     0.021913     0.105372
    78  3033.029437  3034.784197   523.950457     0.000003     0.023075     0.089355
    79  3033.029437  3034.784197   523.950457     0.000003     0.023878     0.070489
    80  3033.029437  3034.782409   523.950815     0.000002     0.024418     0.063270
    81  3033.029437  3034.784197   523.950815     0.000002     0.031372     0.069650
    82  3033.029437  3034.784197   523.950815     0.000002     0.024786     0.034059
    83  3033.029437  3034.784197   523.950815     0.000001     0.031286     0.029600
    84  3033.029437  3034.784197   523.950815     0.000000     0.009499     0.007005
    85  3033.029437  3034.784197   523.950815     0.000001     0.021385     0.011729
    86  3033.029437  3034.784197   523.950815     0.000000     0.028402     0.009310
    87  3033.029437  3034.784197   523.950815     0.000000     0.031681     0.004378
    88  3033.029437  3034.784197   523.950457     0.000000    -0.021836    -0.005079
    89  3033.029437  3034.782409   523.950457     0.000000    -0.021255    -0.001109
    90  3033.029437  3034.781813   523.950338    -0.000000    -0.049082    -0.003837
    91  3033.029437  3034.782409   523.950338    -0.000000    -0.059557    -0.003543
    92  3033.029437  3034.781813   523.950099    -0.000000    -0.017868    -0.000301
    93  3033.029437  3034.781813   523.950099     0.000000     0.040973     0.000823
    94  3033.029437  3034.781813   523.950099    -0.000000    -0.024927    -0.001336
    95  3033.029437  3034.781813   523.950099     0.000000     0.082248     0.003275
    96  3033.029437  3034.781813   523.950099    -0.000000    -0.067005    -0.004255
    97  3033.029437  3034.781813   523.950099    -0.000000    -0.039944    -0.002286
    98  3033.029437  3034.781813   523.949861     0.000000     0.054317     0.003561
    99  3033.029437  3034.782409   523.949861     0.000000     0.059635     0.003770
   100  3033.029437  3034.782409   523.949861    -0.000000    -0.051434    -0.001370
   101  3033.029437  3034.782409   523.949861     0.000001     0.131986     0.010158
   102  3033.029437  3034.781813   523.950099     0.000001     0.139623     0.008798
   103  3033.029437  3034.782409   523.950099     0.000001     0.170573     0.007682
   104  3033.029437  3034.781813   523.950099     0.000000     0.157327     0.004157
   105  3033.029437  3034.781813   523.950099     0.000001     0.206744     0.009167
   106  3033.029437  3034.782409   523.950099     0.000000     0.220748     0.004775
   107  3033.029437  3034.781813   523.950099     0.000000     0.344708     0.006369
   108  3033.029437  3034.781813   523.950099     0.000001     0.397720     0.009356
   109  3033.029437  3034.781813   523.950099     0.000000     0.602057     0.007970
