
 ELLPSE  A=  38.719 ,B=   8.719                 
   505  1.28113
 ROTATION    
  0.00000  0.00000  0.00000
     1  3444.688916  3488.500118   822.568774   -28.963178    -2.118331     0.341578
     2  3385.615348  3394.204974   521.107435   -33.116114    -3.394325    -0.513046
     3  3195.142149  3176.208138   611.565947     0.056492     0.062126     7.886588
     4  3092.818856  3080.608844   606.095314     0.293524    -3.421922     0.125072
     5  3118.615150  3113.343715   592.670321    -0.286082    -0.152304     0.148767
     6  3160.592913  3160.300254   598.819136     0.895056     0.731260     0.137192
     7  3170.802593  3170.249462   598.834514     0.026342    -0.037750     0.010122
     8  3156.146407  3154.082894   597.338199    -1.036195    -0.066042     0.149165
     9  3140.962123  3139.119148   597.647786    -0.419955    -0.230012     0.126888
    10  3137.753009  3137.357831   597.960829    -0.737921    -0.273838     0.098780
    11  3142.949938  3143.621683   597.927808     0.163955    -0.252042     0.036848
    12  3148.086071  3148.774504   597.911834     0.027664    -0.025572     0.004707
    13  3148.981928  3149.196505   597.969412    -0.120526    -1.314697    -0.038841
    14  3146.867156  3146.933913   598.020434    -0.053657    -0.055449    -0.092924
    15  3144.809007  3145.233988   598.026633    -0.027629    -0.029596    -0.104585
    16  3144.466876  3145.362734   597.996830    -0.006059    -0.006837    -0.054157
    17  3145.519495  3146.530985   597.948074    -0.148180     0.187614     0.141244
    18  3146.757483  3147.447109   597.887396    -0.009740    -0.031051     0.034555
    19  3147.358894  3147.553801   597.819924     0.004021     6.418378    -0.010496
    20  3147.237896  3147.106766   597.748398     0.024900    -0.037968    -0.038889
    21  3146.789073  3146.636486   597.674846     0.068629    -0.031575    -0.053599
    22  3146.412372  3146.447539   597.604632     0.871812    -0.024816    -0.056253
    23  3146.284222  3146.530985   597.538352    -0.002021    -0.012749    -0.026341
    24  3146.345019  3146.684169   597.477316     0.006349    -0.006145    -0.065260
    25  3146.466612  3146.764636   597.421765    -0.004312     0.003533    -0.032177
    26  3146.543502  3146.722912   597.372412    -0.014707     0.011732    -0.033088
    27  3146.543502  3146.623373   597.329020    -0.030302     0.019629    -0.028324
    28  3146.483898  3146.547079   597.292304     0.104216     0.040371    -0.022941
    29  3146.405816  3146.530985   597.260713     0.008464    -0.025557    -0.017324
    30  3146.346807  3146.573901   597.234249     0.001551    -0.002284    -0.011056
    31  3146.331310  3146.646022   597.212433    -0.000751     0.000679    -0.014923
    32  3146.352171  3146.709799   597.194790    -0.003015     0.001244    -0.006232
    33  3146.396279  3146.740198   597.181320     0.001199    -0.000445    -0.001093
    34  3146.438002  3146.741986   597.171664     0.002102     0.000304    -0.009945
    35  3146.471381  3146.722912   597.165942     0.000322     0.000102    -0.001612
    36  3146.483898  3146.697878   597.162127    -0.000661    -0.000175     0.002483
    37  3146.483898  3146.674036   597.162127     0.001058    -0.000783     0.007717
    38  3146.468997  3146.662116   597.165942     0.000225     0.000505     0.016997
    39  3146.457076  3146.662116   597.170233     0.000138     0.000172     0.020260
    40  3146.447539  3146.666884   597.178697     0.000285     0.000271     0.017893
    41  3146.444559  3146.674036   597.187399     0.000640     0.000483     0.020315
    42  3146.447539  3146.674633   597.198009     0.001156     0.000736     0.023458
    43  3146.452307  3146.674633   597.208857     0.001385     0.000974     0.026540
    44  3146.452307  3146.674036   597.221016     0.000810     0.001171     0.028666
    45  3146.452307  3146.674036   597.233176     0.000158     0.001646     0.023621
    46  3146.452307  3146.674036   597.245335    -0.000112     0.000799     0.182929
    47  3146.447539  3146.674036   597.256779    -0.000128     0.000656     1.685310
    48  3146.444559  3146.674036   597.266793    -0.000005     0.000033    -0.001320
    49  3146.438002  3146.674036   597.275257     0.000266    -0.003614     0.019977
    50  3146.444559  3146.676421   597.284197     0.000897     0.004344     0.027320
    51  3146.444559  3146.676421   597.290515    -0.030891     0.001758     0.031269
    52  3146.444559  3146.676421   597.295880    -0.000889     0.000987     0.033937
    53  3146.444559  3146.674036   597.300291    -0.000273     0.000432     0.037306
    54  3146.447539  3146.674036   597.302794     0.000014    -0.000025     0.006486
    55  3146.452307  3146.674036   597.305417     0.000333    -0.000519     0.019683
    56  3146.452307  3146.674036   597.306132    -0.001540    -0.001579     0.015154
    57  3146.452307  3146.674036   597.306132    -0.000096     0.001060     0.007288
    58  3146.452307  3146.674036   597.305417     0.000013    -0.000103    -0.002325
    59  3146.452307  3146.674036   597.303390     0.000033    -0.000300    -0.013338
    60  3146.447539  3146.674036   597.301125     0.000023    -0.000292    -0.025453
    61  3146.447539  3146.674036   597.299098     0.000007    -0.000162    -0.038532
    62  3146.447539  3146.674036   597.296595    -0.000003    -0.002178    -0.037800
    63  3146.444559  3146.674036   597.293376     0.000001     0.000011     0.026605
    64  3146.444559  3146.674036   597.290515     0.000021     0.000207    -0.069234
    65  3146.444559  3146.674036   597.288131     0.000060     0.000358    -0.067448
    66  3146.444559  3146.674036   597.285032     0.000116     0.000431    -0.064171
    67  3146.444559  3146.674036   597.282290     0.000199     0.000451    -0.055510
    68  3146.444559  3146.674036   597.279906     0.000220     0.000379    -0.044217
    69  3146.444559  3146.674036   597.277760     0.000040     0.000167    -0.025990
    70  3146.447539  3146.674036   597.276091    -0.000016    -0.000280    -0.028251
    71  3146.447539  3146.674036   597.273826    -0.000008    -0.000344    -0.014724
    72  3146.447539  3146.674036   597.272276    -0.000001    -0.000028    -0.001011
    73  3146.447539  3146.674036   597.271323     0.000001     0.000059     0.003775
    74  3146.447539  3146.674036   597.270965    -0.000001    -0.000048    -0.008148
    75  3146.447539  3146.674036   597.270965    -0.000002    -0.000093    -0.025393
    76  3146.447539  3146.674036   597.269892    -0.000007    -0.000339     0.089903
    77  3146.447539  3146.674036   597.269892    -0.000007    -0.000406     0.078246
    78  3146.447539  3146.674036   597.270965    -0.000008    -0.000605     0.063785
    79  3146.447539  3146.674036   597.270965    -0.000006    -0.000700     0.060272
    80  3146.447539  3146.674036   597.271323    -0.000006    -0.001355     0.053787
    81  3146.447539  3146.674036   597.271800    -0.000003    -0.003289     0.055790
    82  3146.447539  3146.674036   597.272753    -0.000001     0.000992     0.053849
    83  3146.447539  3146.674036   597.273230     0.000000    -0.000025    -0.047012
    84  3146.447539  3146.674036   597.273826     0.000001    -0.000421     0.053065
    85  3146.447539  3146.674036   597.274899     0.000001    -0.001564     0.048366
    86  3146.447539  3146.674036   597.275257     0.000001     0.026034     0.046228
    87  3146.447539  3146.674036   597.276091     0.000001     0.001339     0.038688
    88  3146.447539  3146.674036   597.276687     0.000001     0.000974     0.049937
    89  3146.447539  3146.674036   597.277760     0.000001     0.001368     0.028833
    90  3146.447539  3146.674036   597.277760     0.000000    -0.004507     0.022103
    91  3146.447539  3146.674036   597.278118     0.000000    -0.000607     0.008766
    92  3146.447539  3146.674036   597.278118     0.000000    -0.000991     0.021817
    93  3146.447539  3146.674036   597.278952     0.000000    -0.000991     0.014503
    94  3146.447539  3146.674036   597.279310     0.000001    -0.100866     0.033093
    95  3146.447539  3146.674036   597.279310     0.000001     0.001921     0.033618
    96  3146.447539  3146.674036   597.279310     0.000001     0.001713     0.077751
    97  3146.447539  3146.674036   597.279310     0.000001     0.001425     0.076362
    98  3146.447539  3146.674036   597.279310     0.000002     0.002020     0.095684
    99  3146.447539  3146.674036   597.278952     0.000001     0.001407     0.100580
   100  3146.447539  3146.674036   597.278952     0.000001     0.001581     0.088441
   101  3146.447539  3146.674036   597.278952     0.000001     0.000918     0.085072
   102  3146.447539  3146.674036   597.278118     0.000000     0.000308     0.025264
   103  3146.447539  3146.674036   597.278118     0.000000    -0.000369    -0.054848
   104  3146.447539  3146.674036   597.277760    -0.000001    -0.001456    -0.916150
   105  3146.447539  3146.674036   597.277760    -0.000001    -0.002819    -0.778501
   106  3146.447539  3146.674036   597.277760    -0.000002    -0.004870     1.839025
   107  3146.447539  3146.674036   597.277760    -0.000002    -0.008476     0.271330
   108  3146.447539  3146.674036   597.277760    -0.000002    -0.017215     0.274117
   109  3146.447539  3146.673440   597.277522    -0.000002    -0.028357     0.127151
   110  3146.447539  3146.673440   597.277402    -0.000002    -0.047844     0.138539
   111  3146.447539  3146.673440   597.277402    -0.000002    -0.068020     0.112253
   112  3146.447539  3146.673440   597.276687    -0.000002    -0.183553     0.138843
   113  3146.447539  3146.673440   597.276687    -0.000001     0.412748     0.088265
   114  3146.447539  3146.673440   597.276687    -0.000001     0.057022     0.112356
   115  3146.447539  3146.673440   597.276687    -0.000001     0.028572     0.090440
   116  3146.447539  3146.673440   597.276687    -0.000001     0.019098     0.197154
   117  3146.447539  3146.673440   597.276687    -0.000001     0.016311     0.158091
   118  3146.447539  3146.673440   597.276687    -0.000001     0.014654     0.171313
   119  3146.447539  3146.673440   597.276687    -0.000001     0.014842     0.184213
   120  3146.447539  3146.673440   597.276687    -0.000001     0.012940     0.247386
   121  3146.447539  3146.673440   597.276687    -0.000001     0.010920     1.411548
   122  3146.447539  3146.673440   597.277402    -0.000001     0.009320     1.154318
   123  3146.447539  3146.673440   597.277402    -0.000001     0.008761     0.288294
   124  3146.447539  3146.673440   597.277402    -0.000001     0.008454    -8.671005
   125  3146.447539  3146.673440   597.277522    -0.000001     0.008661     0.506226
   126  3146.447539  3146.673440   597.277522    -0.000001     0.009435     0.689489
   127  3146.447539  3146.672248   597.277402    -0.000001     0.011655     4.347528
   128  3146.447539  3146.672248   597.277402    -0.000001     0.017445    -0.976648
   129  3146.447539  3146.672248   597.277402    -0.000001     0.043301    -6.804131
   130  3146.447539  3146.672248   597.277402    -0.000001    -0.115138     0.741653
   131  3146.447539  3146.672248   597.277402    -0.000001    -0.029054    13.768416
   132  3146.447539  3146.672248   597.277402    -0.000001    -0.016478     0.211978
   133  3146.447539  3146.672248   597.277402    -0.000001    -0.014942    -1.148102
   134  3146.447539  3146.672248   597.277402    -0.000001    -0.013811     5.793449
   135  3146.447539  3146.672248   597.277402    -0.000001    -0.014589     0.591438
   136  3146.447539  3146.672248   597.277402    -0.000001    -0.019311     0.288824
   137  3146.447539  3146.672248   597.277402    -0.000001    -0.024182     0.524815
   138  3146.447539  3146.672248   597.277402    -0.000001    -0.029813     2.846484
   139  3146.447539  3146.672248   597.277402    -0.000001    -0.039482   -13.342374
   140  3146.447539  3146.672248   597.277402    -0.000001    -0.046046     0.392428
   141  3146.447539  3146.672248   597.277402    -0.000001    -0.051293     0.405528
   142  3146.447539  3146.672248   597.277402    -0.000001    -0.057093     0.234364
   143  3146.447539  3146.672248   597.277402    -0.000001    -0.054230     0.325601
   144  3146.447539  3146.672248   597.277402    -0.000001    -0.052003     0.324705
   145  3443.557024  3444.206118   804.864645     0.000000     0.000000     0.000000
  -0.000001    -0.051293     0.405528
   142  3146.447539  3146.672248   597.277402    -