
 ELIPSE:   A= 37.5493 B=  7.5493 NB = 9         
   113  2.45074
 ROTATION    
  0.00000  0.00000  0.00000
     1  3156.773447  3224.100470   629.471182   -49.690735    -5.783286     0.648506
     2  3157.040476  3180.785775   497.090220     1.206457     0.162483     0.084299
     3  3061.415553  3046.157360   505.799174    -0.165947    -0.093031     0.097361
     4  2995.665073  2985.375523   511.389255    -0.124076    -0.825911    -0.469389
     5  3002.304434  3001.605868   510.035395    -0.922854     0.061345    -0.169703
     6  3022.361397  3024.274706   509.032607     0.050136     0.013881    -0.047501
     7  3028.109669  3027.904629   508.655905    -0.030753     0.009624    -0.096901
     8  3023.356795  3021.796345   508.432626     0.032866    -0.063724     0.147562
     9  3018.090128  3017.554879   508.273959     0.038564    -0.091823     0.193213
    10  3016.439676  3017.696738   508.146643     0.054808    -0.086172     0.212994
    11  3017.299175  3019.511103   508.021593     0.064549    -0.055358     0.095112
    12  3018.478751  3020.574450   507.895350     0.010573    -0.012501     0.010573
    13  3018.934726  3020.483851   507.777333    -0.005055    -0.052062    -0.029467
    14  3018.766045  3019.935488   507.672071    -0.001538    -0.007510     1.998063
    15  3018.422126  3019.565343   507.577180    -0.002427    -0.013510    -0.129783
    16  3018.197417  3019.530773   507.488727    -0.004782    -0.034940    -0.063500
    17  3018.139004  3019.684553   507.404565    -0.006982    -0.049425    -0.048571
    18  3018.171191  3019.834756   507.324934    -0.008444    -0.019596    -0.034310
    19  3018.215894  3019.894957   507.251143    -0.006040    -0.002943    -0.014653
    20  3018.236756  3019.871711   507.184267     0.005605     0.001244     0.018751
    21  3018.230795  3019.809126   507.125377     0.005496     0.001703     0.141865
    22  3018.212318  3019.750118   507.074236    -0.000717    -0.000334    -0.293606
    23  3018.193244  3019.716143   507.031083    -0.022592    -0.010619    -0.077576
    24  3018.182516  3019.708395   506.994962     0.023190     0.307646    -0.044674
    25  3018.178939  3019.720315   506.965279     0.008775     0.064255    -0.026949
    26  3018.184304  3019.739389   506.941795     0.004509    -0.023071    -0.013893
    27  3018.194437  3019.759654   506.923794     0.002394    -0.000900    -0.002560
    28  3018.206357  3019.775152   506.911039     0.000686     0.000878     0.008431
    29  3018.217086  3019.784688   506.902575    -0.000060    -0.000190     0.030775
    30  3018.224239  3019.788265   506.897807    -0.000406    -0.002581     0.038750
    31  3018.230199  3019.787669   506.896615    -0.000485    -0.005567     0.060940
    32  3018.232583  3019.785284   506.898045    -0.000415    -0.007095     0.094295
    33  3018.232583  3019.782900   506.901502    -0.000277    -0.005458     0.145391
    34  3018.231987  3019.780516   506.906509    -0.000132    -0.002544     0.222459
    35  3018.230795  3019.778132   506.912589    -0.000019    -0.000359     0.291243
    36  3018.229603  3019.778132   506.919264     0.000049     0.000990     0.568410
    37  3018.228411  3019.778132   506.926059     0.000081     0.001881     1.031151
    38  3018.227815  3019.778132   506.932854     0.000087     0.002542   -11.626601
    39  3018.226623  3019.778132   506.939291     0.000077     0.003063    -0.809679
    40  3018.226623  3019.778132   506.945252     0.000064     0.003642    -0.462299
    41  3018.226623  3019.778132   506.950259     0.000052     0.004358    -0.448045
    42  3018.226623  3019.778132   506.954550     0.000045     0.005238    -0.818011
    43  3018.226623  3019.778132   506.958365     0.000042     0.006057     1.961398
    44  3018.227815  3019.778132   506.960988     0.000040     0.006400     0.891828
    45  3018.227815  3019.778132   506.962895     0.000039     0.006647     0.843034
    46  3018.226623  3019.778132   506.964087     0.000037     0.006979     0.736774
    47  3018.226623  3019.778132   506.964921     0.000033     0.007138     1.617954
    48  3018.226623  3019.778132   506.964921     0.000028     0.007478     4.246121
    49  3018.226623  3019.776940   506.964564     0.000023     0.007945    -1.554151
    50  3018.226623  3019.776940   506.963849     0.000018     0.007923    -1.133810
    51  3018.226623  3019.776940   506.962895     0.000011     0.006375    -0.623862
    52  3018.226623  3019.776940   506.961703     0.000006     0.004374    -0.695459
    53  3018.226027  3019.776940   506.960511     0.000001     0.000674    -1.189182
    54  3018.226027  3019.776940   506.959199    -0.000003    -0.003352    -0.634957
    55  3018.226027  3019.776940   506.958007    -0.000006    -0.007832    -0.828286
    56  3018.226027  3019.778132   506.956934    -0.000008    -0.012611    -0.680710
    57  3018.226027  3019.776940   506.955981    -0.000010    -0.017458    -0.964438
    58  3018.226027  3019.778132   506.955027    -0.000010    -0.022977    -0.927256
    59  3018.226027  3019.778132   506.954312    -0.000011    -0.029518    -0.904054
    60  3018.226027  3019.778132   506.953716    -0.000010    -0.037173    -0.976427
    61  3018.226027  3019.778132   506.953358    -0.000009    -0.045335    -0.834728
    62  3018.226027  3019.778132   506.953001    -0.000008    -0.057243    -0.620037
    63  3018.226027  3019.778132   506.952881    -0.000007    -0.069453    -0.682620
    64  3018.226027  3019.778132   506.952762    -0.000006    -0.078267    -0.600078
    65  3018.226027  3019.778132   506.952762    -0.000005    -0.098871    -0.534365
    66  3018.226027  3019.778132   506.952881    -0.000003    -0.077088    -0.491340
    67  3018.226027  3019.778132   506.953001    -0.000003    -0.138368    -0.636400
    68  3018.226027  3019.778132   506.953239    -0.000002    -0.087512    -0.359192
    69  3018.226027  3019.778132   506.953358    -0.000001    -0.061100    -0.295880
    70  3018.226027  3019.778132   506.953597    -0.000001    -0.085124    -0.253651
    71  3018.226027  3019.778132   506.953716     0.000000     0.012473     0.090436
    72  3018.226027  3019.778132   506.954073     0.000000     0.032126     0.171268
    73  3018.226027  3019.778132   506.954193     0.000001     0.075551     0.674137
    74  3018.226623  3019.778132   506.954312     0.000001     0.110438     0.826745
    75  3018.226027  3019.778132   506.954550     0.000001     0.137131     1.482982
    76  3018.226027  3019.778132   506.954550     0.000001     0.152201     1.328042
    77  3018.226027  3019.778132   506.954789     0.000002     0.179018     1.528087
    78  3018.226027  3019.778132   506.954789     0.000001     0.175859     1.598160
    79  3018.226027  3019.778132   506.954908     0.000001     0.158920     1.071963
    80  3018.226027  3019.778132   506.954908     0.000001     0.133136     0.786676
    81  3018.226027  3019.778132   506.954908     0.000001     0.097445     0.411429
    82  3018.226027  3019.778132   506.954908     0.000001     0.082900     0.382734
    83  3018.226027  3019.778132   506.954908    -0.000000    -0.064399    -0.266377
    84  3018.226027  3019.778132   506.954908     0.000000     0.026314     0.061808
    85  3018.226027  3019.778132   506.954908    -0.000000    -0.007904    -0.014750
    86  3018.226027  3019.778132   506.954789    -0.000000    -0.052360    -0.131409
    87  3018.226027  3019.778132   506.954789    -0.000001    -0.115611    -0.229444
    88  3018.226027  3019.778132   506.954789    -0.000000    -0.119485    -0.115438
    89  3018.226027  3019.778132   506.954550    -0.000001    -0.196527    -0.210620
    90  3018.226027  3019.778132   506.954550    -0.000001    -0.300774    -0.326052
    91  3018.226027  3019.778132   506.954550    -0.000001    -0.393419    -0.240642
    92  3018.226027  3019.778132   506.954550    -0.000001    -0.560348    -0.211298
    93  3018.226027  3019.778132   506.954550    -0.000001    -0.759066    -0.330563
    94  3018.226027  3019.778132   506.954550    -0.000001    -1.228021    -0.229889
    95  3018.226027  3019.778132   506.954550    -0.000001    -2.851616    -0.324021
    96  3018.226027  3019.778132   506.954550    -0.000001   -10.094600    -0.251899
    97  3018.226027  3019.778132   506.954550    -0.000000     3.293319    -0.207310
    98  3018.226027  3019.778132   506.954550    -0.000000     1.530545    -0.158946
    99  3018.226027  3019.778132   506.954550    -0.000001     1.563714    -0.210687
   100  3018.226027  3019.778132   506.954550    -0.000001     1.954473    -0.408814
   101  3018.226027  3019.778132   506.954550    -0.000000     0.894986    -0.184596
   102  3018.226027  3019.778132   506.954550    -0.000001     1.068616    -0.341982
   103  3018.226027  3019.778132   506.954550    -0.000000     0.880225    -0.252783
   104  3018.226027  3019.778132   506.954550    -0.000000     0.094885    -0.007404
