
 ELIPSE:   A= 38.54539 B=  8.54539, NB = 15     
   380  1.45462
 ROTATION    
  0.00000  0.00000  0.00000
     1  3395.237326  3443.179130   790.438771   -33.512520    -2.294299     0.386200
     2  3343.996405  3355.858325   519.946932   -25.687205    -2.674869    -0.512091
     3  3173.976540  3154.864907   590.838909    -0.049790    -0.058502    -0.991096
     4  3073.436021  3061.293959   591.128826     0.312246    -5.441703     0.141932
     5  3094.673156  3090.198040   579.484105    -0.243506    -0.097854     0.153360
     6  3133.696913  3132.869005   583.167910     0.591073     0.625227     0.114559
     7  3143.042922  3141.526579   583.726882    -0.000006     0.000020    -0.000004
     8  3130.306601  3128.093481   582.711338     0.232673    -0.049282     0.162218
     9  3117.306232  3116.042613   582.728862    -0.862464    -0.188072     0.135607
    10  3114.367127  3114.552497   582.951545    -3.054966    -0.230623     0.114545
    11  3118.319511  3119.152188   582.980990     0.215543    -0.135486     0.045343
    12  3122.298717  3122.863173   582.963109     0.008143    -0.002801     0.000972
    13  3123.084902  3123.220205   582.973837    -0.078667     0.215165    -0.034545
    14  3121.624588  3121.792674   582.986712    -0.027793    -0.034827    -0.126815
    15  3120.155334  3120.796084   582.973837    -0.013207    -0.014109    -0.137888
    16  3119.873404  3120.986819   582.931399    -0.005071    -0.004995    -0.043124
    17  3120.549917  3121.757507   582.869768     0.007667     0.004970     0.019082
    18  3121.388554  3122.298717   582.796812    -0.024357     0.020701     0.024702
    19  3121.826648  3122.289180   582.718610    -0.003551     0.006863     0.006257
    20  3121.793866  3121.952414   582.639932     0.009905    -0.013687    -0.017244
    21  3121.522665  3121.628165   582.562327     0.014964    -0.021033    -0.032132
    22  3121.263980  3121.516108   582.487821     0.007547    -0.021802    -0.034747
    23  3121.145367  3121.580481   582.418322    -0.001018    -0.005823    -0.097847
    24  3121.151328  3121.695518   582.355022    -0.002561    -0.001633    -0.016362
    25  3121.221065  3121.759295   582.298636    -0.015259     0.008855    -0.050927
    26  3121.282458  3121.746778   582.249522    -0.011557     0.022828    -0.032060
    27  3121.308684  3121.692538   582.207918    -0.009862     0.082571    -0.023191
    28  3121.297955  3121.638298   582.172751    -0.008621    -0.023766    -0.016349
    29  3121.263980  3121.618628   582.144856    -0.008691    -0.003873    -0.010320
    30  3121.234178  3121.635317   582.122921     0.006655    -0.000259    -0.003626
    31  3121.209144  3121.676445   582.106828    -0.008079     0.000157    -0.002659
    32  3121.206164  3121.715784   582.095265    -0.001223    -0.000377     0.003188
    33  3121.218085  3121.743798   582.087397    -0.001149    -0.001411     0.008852
    34  3121.237158  3121.749758   582.083821    -0.000504     0.000811    -0.046072
    35  3121.253848  3121.740221   582.083106    -0.005210    -0.000495     0.007932
    36  3121.266961  3121.724128   582.085490    -0.001264    -0.000561     0.011840
    37  3121.271133  3121.709823   582.090973    -0.000789    -0.000357     0.014235
    38  3121.271133  3121.698498   582.097172     0.000004    -0.000011     0.003938
    39  3121.265172  3121.692538   582.105517     0.000186     0.000380     0.023270
    40  3121.261000  3121.695518   582.114815     0.000427     0.000783     0.025799
    41  3121.259212  3121.699690   582.125782     0.000569     0.001132     0.029698
    42  3121.258020  3121.702075   582.136511     0.000557     0.001367     0.035587
    43  3121.259212  3121.704459   582.147121     0.000401     0.001447     0.045985
    44  3121.261000  3121.708631   582.158565     0.000193     0.001266     0.069541
    45  3121.261000  3121.704459   582.168936     0.000029     0.000477     0.218091
    46  3121.261000  3121.704459   582.178473    -0.000049    -0.005431    -0.109968
    47  3121.261000  3121.704459   582.187414    -0.000055     0.006147    -0.028219
    48  3121.261000  3121.704459   582.195639    -0.000022     0.003297    -0.006730
    49  3121.261000  3121.704459   582.201838     0.000022     0.003256     0.005693
    50  3121.259212  3121.704459   582.207798     0.000055     0.002228     0.016428
    51  3121.258020  3121.704459   582.212328     0.000066     0.001519     0.029858
    52  3121.258020  3121.704459   582.214832     0.000052     0.000883     0.066705
    53  3121.258020  3121.704459   582.216262     0.000021     0.000310    -0.044397
    54  3121.258020  3121.704459   582.217097    -0.000007    -0.000099     0.006033
    55  3121.259212  3121.704459   582.216739    -0.000025    -0.000416     0.019621
    56  3121.259808  3121.704459   582.215905    -0.000024    -0.000515     0.024479
    57  3121.261000  3121.704459   582.214832    -0.000013    -0.000405     0.022824
    58  3121.261000  3121.704459   582.212328    -0.000005    -0.000225     0.016377
    59  3121.261000  3121.704459   582.210421     0.000001     0.000052    -0.006616
    60  3121.261000  3121.704459   582.207918     0.000000     0.000050    -0.025437
    61  3121.261000  3121.704459   582.205891    -0.000002    -0.000413    -0.597080
    62  3121.261000  3121.704459   582.202434    -0.000005    -0.001526     0.210668
    63  3121.259808  3121.704459   582.199931    -0.000008    -0.002239     0.167844
    64  3121.259212  3121.704459   582.197904    -0.000009    -0.002371     0.136978
    65  3121.259212  3121.704459   582.195639    -0.000010    -0.002293     0.136821
    66  3121.259212  3121.704459   582.193255    -0.000010    -0.002296     0.150460
    67  3121.258020  3121.704459   582.191705    -0.000010    -0.002453     0.285937
    68  3121.258020  3121.704459   582.189917    -0.000009    -0.002974     0.736432
    69  3121.258020  3121.704459   582.188725    -0.000008    -0.004098    -0.648303
    70  3121.258020  3121.704459   582.187533    -0.000008    -0.006541    -0.309517
    71  3121.258020  3121.704459   582.186818    -0.000007    -0.012668    -0.242062
    72  3121.258020  3121.704459   582.186818    -0.000006    -0.021445    -0.209807
    73  3121.258020  3121.704459   582.186460    -0.000006    -0.027927    -0.225499
    74  3121.258020  3121.704459   582.186460    -0.000005    -0.019197    -0.333946
    75  3121.259212  3121.704459   582.186460    -0.000004    -0.010388    -0.284813
    76  3121.259212  3121.704459   582.186818    -0.000004    -0.009182    -0.581207
    77  3121.259212  3121.704459   582.186818    -0.000004    -0.010784    -4.330181
    78  3121.259212  3121.704459   582.187414    -0.000002    -0.005610    -1.382747
    79  3121.259212  3121.704459   582.188010    -0.000002    -0.005128    -1.009656
    80  3121.259212  3121.704459   582.188725    -0.000001    -0.001586    -1.173722
    81  3121.259212  3121.704459   582.189321     0.000000    -0.000345    -0.170543
    82  3121.258020  3121.704459   582.189917     0.000001     0.002683     1.352316
    83  3121.258020  3121.704459   582.190513     0.000001     0.005132     8.596954
    84  3121.258020  3121.704459   582.191348     0.000002     0.007550    -3.541053
    85  3121.258020  3121.704459   582.191824     0.000003     0.009880    -0.894695
    86  3121.258020  3121.704459   582.192540     0.000003     0.012254    -1.426328
    87  3121.258020  3121.704459   582.192659     0.000003     0.015360    -2.462899
    88  3121.258020  3121.704459   582.192897     0.000003     0.016046    -0.916838
    89  3121.258020  3121.704459   582.192897     0.000002     0.016117    -1.372802
    90  3121.258020  3121.704459   582.193255     0.000002     0.016265    -0.871460
    91  3121.258020  3121.704459   582.193255     0.000002     0.014000    -0.633839
    92  3121.258020  3121.704459   582.193255     0.000002     0.013712    -0.742448
    93  3121.258020  3121.704459   582.193255     0.000001     0.008022    -2.242042
    94  3121.258020  3121.704459   582.193255     0.000001     0.005309    -1.373534
    95  3121.259212  3121.704459   582.193255     0.000000     0.001430    -1.728160
    96  3121.258020  3121.704459   582.193255     0.000000     0.000860    -4.102779
    97  3121.258020  3121.704459   582.192897     0.000000    -0.006582    -0.494001
    98  3121.258020  3121.704459   582.192897    -0.000001    -0.010071    -0.974717
    99  3121.258020  3121.704459   582.192897    -0.000001    -0.011934    -0.758741
   100  3121.258020  3121.704459   582.192897    -0.000001    -0.015004    -1.394283
   101  3121.258020  3121.704459   582.192659    -0.000001    -0.014728    -0.376902
   102  3121.258020  3121.704459   582.192540    -0.000001    -0.019342    -0.656922
   103  3121.258020  3121.704459   582.192540    -0.000001    -0.020748    -0.347372
   104  3121.258020  3121.704459   582.192540    -0.000001    -0.027645    -0.690337
   105  3121.258020  3121.704459   582.191824     0.000000    -0.035956    -0.276310
   106  3121.258020  3121.704459   582.191824    -0.000001    -0.046098    -0.934591
   107  3121.258020  3121.704459   582.191824    -0.000001    -0.060801    -0.369439
   108  3121.258020  3121.704459   582.191824     0.000000    -0.058972    -0.397788
   109  3121.258020  3121.704459   582.191824     0.000000    -0.083232    -0.229576
   110  3121.258020  3121.704459   582.191824     0.000000    -0.122754    -0.378359
   111  3121.258020  3121.704459   582.191705    -0.000001     0.341955   -12.607878
   112  3121.258020  3121.704459   582.191705    -0.000001     0.188540    -1.389079
   113  3121.258020  3121.704459   582.191824     0.000000     0.084328     1.080018
   114  3121.258020  3121.704459   582.191824     0.000000     0.050585    -0.496990
   115  3121.258020  3121.704459   582.191824     0.000000     0.044358    -0.569241
   116  3121.258020  3121.704459   582.191824     0.000000     0.042638    -1.806225
   117  3121.258020  3121.704459   582.191824     0.000000     0.035586    -0.288748
   118  3121.258020  3121.704459   582.191824     0.000000     0.054887    -2.180077
   119  3121.258020  3121.704459   582.191824     0.000000     0.079430    -0.508456
   120  3121.258020  3121.704459   582.191824     0.000000     0.232850    -0.191041
   121  3121.258020  3121.704459   582.191824     0.000000    -0.408390    -0.257233
   122  3121.258020  3121.704459   582.191824     0.000000     0.019038     0.130603
   123  3121.258020  3121.704459   582.191824     0.000000    -0.015573    -0.108969
   124  3121.258020  3121.704459   582.191824     0.000000    -0.006210    -0.034739
   125  3121.258020  3121.704459   582.191824     0.000000    -0.070117    -0.343764
   126  3121.258020  3121.704459   582.191824     0.000000     0.032825     0.111429
   127  3448.140025  3449.122905   811.499476     0.000000     0.000000     0.000000
   128     0.000000     0.000000     0.000000     0.000000     0.000000     0.000000
   0.000000    