
 ELIPSE:   A= 38.4397 B=  8.4397 NB=14          
   324  1.56025
 ROTATION    
  0.00000  0.00000  0.00000
     1  3364.315629  3414.357900   771.726608   -36.176019    -2.385632     0.413123
     2  3317.698836  3331.651687   518.574118   -21.991658    -2.268685    -0.492475
     3  3161.273002  3142.372965   579.330325    -0.132080    -0.175628    -1.727616
     4  3063.724040  3051.701188   581.949710     0.266937     4.505673     0.128300
     5  3082.299232  3078.002333   571.575284    -0.247705    -0.083979     0.166851
     6  3118.980526  3117.653727   574.053525     0.447777     0.648796     0.093059
     7  3127.776980  3125.553727   574.752688    -0.013884     0.059986    -0.012114
     8  3116.166591  3113.636970   573.991775     0.108402    -0.047386     0.169404
     9  3104.394078  3103.228807   573.912262    11.060881    -0.171137     0.137925
    10  3101.668953  3102.017045   574.071049     1.293365    -0.205923     0.121040
    11  3105.028867  3105.853796   574.101805     0.162312    -0.107781     0.050063
    12  3108.436465  3108.846545   574.073791    -0.002718     0.000953    -0.000469
    13  3109.132647  3109.090328   574.056386    -0.057676     0.100404    -0.032292
    14  3107.931017  3107.972741   574.042916    -0.015553    -0.019733    -0.208873
    15  3106.710314  3107.268810   574.013471    -0.008491    -0.008599    -0.168762
    16  3106.446862  3107.493519   573.961257    -0.007285    -0.006538    -0.049371
    17  3106.971383  3108.123540   573.892116    -0.006106    -0.004064    -0.016442
    18  3107.637166  3108.514547   573.813796     0.007952     0.001538     0.003758
    19  3107.997775  3108.460903   573.732018    -0.016353     0.003987     0.008138
    20  3107.990622  3108.157515   573.650717     0.003823    -0.002011    -0.004200
    21  3107.789754  3107.885718   573.571681     0.006338    -0.008682    -0.017160
    22  3107.585310  3107.792735   573.497176     0.002048    -0.019803    -0.020221
    23  3107.478022  3107.853531   573.428273    -0.000398    -0.001605    -0.023543
    24  3107.472658  3107.962012   573.366045     0.001196     0.001939     0.035885
    25  3107.520937  3108.032941   573.311686     0.049232     0.010992    -0.053040
    26  3107.576966  3108.040094   573.265433    -0.011783     0.043183    -0.029542
    27  3107.610344  3108.003139   573.226809    -0.006729    -0.028750    -0.020110
    28  3107.616305  3107.959032   573.196291    -0.004882    -0.006459    -0.014274
    29  3107.600808  3107.933998   573.172688    -0.004280    -0.001856    -0.010730
    30  3107.576966  3107.936978   573.155283    -0.004430    -0.000404    -0.011533
    31  3107.556700  3107.959628   573.143362     0.000051     0.000006    -0.000192
    32  3107.545375  3107.988238   573.136568     0.000150     0.000063    -0.001040
    33  3107.546567  3108.009696   573.133707     0.000015     0.000014    -0.000192
    34  3107.554912  3108.018636   573.134064    -0.000052    -0.000114     0.001201
    35  3107.565045  3108.016848   573.137283    -0.000145     0.000681     0.005543
    36  3107.575178  3108.006715   573.142886    -0.000478     0.000256     0.023336
    37  3107.579946  3107.994198   573.150157    -0.000546     0.000269     0.033542
    38  3107.582330  3107.985258   573.158621    -0.000134     0.000377     0.033576
    39  3107.581138  3107.980489   573.168039     0.000041     0.000379     0.012730
    40  3107.579946  3107.980489   573.177814     0.000133     0.000576     0.019946
    41  3107.578158  3107.982873   573.188185     0.000181     0.000742     0.024826
    42  3107.577562  3107.985854   573.198199     0.000187     0.000889     0.033077
    43  3107.578158  3107.990026   573.207974     0.000152     0.000995     0.053083
    44  3107.578754  3107.990622   573.217153     0.000095     0.001032     0.141356
    45  3107.579946  3107.991218   573.225736     0.000042     0.000938    -0.292824
    46  3107.579946  3107.990622   573.233366     0.000009     0.000557     0.046519
    47  3107.579946  3107.990026   573.240160    -0.000002    -0.000391    -0.001738
    48  3107.579946  3107.990026   573.245882     0.000004     0.001496     0.002539
    49  3107.579350  3107.988834   573.250651     0.000017     0.002726     0.009820
    50  3107.578158  3107.988834   573.253989     0.000029     0.002476     0.020475
    51  3107.576966  3107.988834   573.256492     0.000034     0.001993     0.041840
    52  3107.575774  3107.988834   573.257923     0.000031     0.001498     0.178182
    53  3107.575774  3107.988834   573.258638     0.000023     0.000968    -0.088676
    54  3107.575774  3107.988834   573.258161     0.000012     0.000507    -0.025566
