
 HELIX, P=1.5915 Q=0.4500 RAD; R(CYL)=1.5638; CE
   181  0.50000
 TRANSLATION 
  0.00000  0.00000  0.00000
     1    -1.996558    -2.640448     0.933323     3.029888     3.034471     2.093098
     2    -1.589888    -2.166491     0.917029     2.987202     2.988764     2.037167
     3    -0.656144    -0.795523     2.051099     3.030617     3.034833     2.097671
     4    -0.322983    -0.491160    18.049055     3.003442     3.005480     2.055662
     5    -0.574160    -0.727348     2.006929     3.017537     3.021064     2.075252
     6    -0.411716    -0.563246     4.436595     3.009681     3.012448     2.070538
     7    -0.466340    -0.603338     3.262984     3.013357     3.016484     2.068469
     8    -0.401397    -0.536305     7.107915     3.012526     3.015514     2.071884
     9    -0.410533    -0.540802     5.763344     3.012217     3.015214     2.069843
    10    -0.416685    -0.549959     5.489403     3.012675     3.015708     2.070142
    11    -0.405077    -0.536565     6.381816     3.012357     3.015362     2.070708
    12    -0.414920    -0.546753     5.572642     3.012510     3.015529     2.070167
    13    -0.409276    -0.541625     6.027522     3.012472     3.015486     2.070346
    14    -0.410926    -0.542617     5.872734     3.012458     3.015471     2.070429
    15    -0.411508    -0.543550     5.836938     3.012483     3.015498     2.070298
