
 HELIX,P=1.5915Q=0.4500RAD;R(CYL)=1.5638;CE=1,1,
    25  0.50000
 ROTATION    
  1.00000  1.00000  1.00000
     1    23.502296    30.661654     4.827730     0.000000     0.000000     0.000000
     2    22.967189    29.265075     4.941447     0.019044     0.015894     0.028601
     3    21.704030    27.865278     4.631649     0.000000     0.000000     0.000000
     4    22.431123    28.918379     4.638516     0.000000     0.000000     0.000000
     5    22.318524    28.603231     4.698622     0.000000     0.000000     0.000000
     6    22.265833    28.594088     4.694613     0.000000     0.000000     0.000000
     7    22.298640    28.648561     4.681769     0.000000     0.000000     0.000000
     8    22.293597    28.625732     4.683485     0.000000     0.000000     0.000000
     9    22.290867    28.626322     4.686151     0.000000     0.000000     0.000000
    10    22.293043    28.630626     4.685593     0.000000     0.000000     0.000000
    11    22.292834    28.628575     4.685088     0.000000     0.000000     0.000000
    12    22.292464    28.628444     4.685226     0.000000     0.000000     0.000000
    13    22.292572    28.628969     4.685313     0.000000     0.000000     0.000000
    14    22.292631    28.628849     4.685291     0.000000     0.000000     0.000000
    15    22.292613    28.628754     4.685270     0.000000     0.000000     0.000000
    16    22.292613    28.628802     4.685273     0.000000     0.000000     0.000000
    17    22.292613    28.628814     4.685282     0.000000     0.000000     0.000000
    18    22.292613    28.628802     4.685282     0.000000     0.000000     0.000000
    19    22.400736    28.649294     4.756748    -0.019059    -0.021184    -0.015004
    20    20.663946    27.408909     3.922148    -0.019058    -0.021183    -0.015004
