
 HELIX,P=1.5915Q=0.4500RAD;R(CYL)=1.5638;R(C)=1,
    25  0.50000
 TRANSLATION 
  1.00000  1.00000  1.00000
     1     0.000000     0.000000     0.000000     0.646653     0.649452     0.537967
     2     0.000000     0.000000     0.000000     0.638126     0.640720     0.526884
     3     0.000000     0.000000     0.000000     0.647042     0.648665     0.536784
     4     0.000000     0.000000     0.000000     0.643448     0.645842     0.534396
     5     0.000000     0.000000     0.000000     0.643854     0.646284     0.533316
     6     0.000000     0.000000     0.000000     0.643982     0.646347     0.534015
     7     0.000000     0.000000     0.000000     0.643908     0.646242     0.534144
     8     0.000000     0.000000     0.000000     0.643973     0.646302     0.533982
     9     0.000000     0.000000     0.000000     0.643956     0.646304     0.533971
    10     0.000000     0.000000     0.000000     0.643940     0.646293     0.534009
    11     0.000000     0.000000     0.000000     0.643949     0.646297     0.534009
    12     0.000000     0.000000     0.000000     0.643950     0.646297     0.534001
    13     0.000000     0.000000     0.000000     0.643949     0.646296     0.534002
