
 HELIX, P =   0.7958 Q =    0.5986 RAD          
   201  0.50000
 ROTATION    
  0.00000  0.00000  0.00000
     1  3093.888163  3095.636367    27.661859     0.000000     0.000000     0.000000
     2  2715.101838  2713.201045    29.054522   -39.358276   -49.771624     0.245352
     3  2689.942717  2690.227627    27.248114     0.000000     0.000000     0.000000
     4  2862.511873  2862.536311    26.115363     0.000000     0.000000     0.000000
     5  2706.168889  2705.745100    26.263940     0.000000     0.000000     0.000000
     6  2790.011763  2790.754437    26.606082     0.137766    -0.326365    -0.527072
     7  2767.235636  2766.711115    26.596951     0.065336    -0.075817     0.493094
     8  2760.285139  2760.484218    26.540511     0.000000     0.000000     0.000000
     9  2772.412896  2772.365212    26.539403     0.192458    -0.266015    -0.629986
    10  2765.589952  2765.480279    26.537513     0.364172    -0.148667    -1.894358
    11  2766.667008  2766.727805    26.541966     0.326447    -0.172686    -1.164047
    12  2768.083214  2768.015265    26.545429     0.292002    -0.204652    -0.843161
    13  2766.780257  2766.759395    26.542443     0.338064    -0.167132    -1.249923
    14  2767.142653  2767.133712    26.541948     0.313021    -0.187760    -0.971352
    15  2767.393589  2767.352461    26.542997     0.316079    -0.185240    -0.995160
    16  2767.077088  2767.057418    26.542693     0.323243    -0.179174    -1.062118
    17  2767.193317  2767.169475    26.542544     0.316194    -0.185186    -0.995760
    18  2767.248153  2767.219543    26.542747     0.319109    -0.182719    -1.021812
    19  2767.153978  2767.130732    26.542687     0.319516    -0.182341    -1.025516
    20  2767.202258  2767.177224    26.542633     0.318078    -0.183577    -1.012260
    21  2767.207622  2767.181992    26.542687     0.319022    -0.182787    -1.020954
    22  2767.181992  2767.156362    26.542687     0.318864    -0.182907    -1.019458
    23  2767.199873  2767.174839    26.542663     0.318619    -0.183117    -1.017194
    24  2767.196297  2767.171263    26.542669     0.318858    -0.182921    -1.019411
