
 HELIX, P=1.5915 Q=0.4500 RAD; R(CYL)=1.5638; CE
   181  0.50000
 ROTATION    
  0.00000  0.00000  0.00000
     1  6242.471933  6217.352151    26.771938   -42.387628   -50.085103     1.007791
     2  5498.249530  5485.731363    27.686554    95.828008    75.429427     0.311589
     3  5605.894327  5587.965250    24.793988   -18.868249   -21.390914     0.911746
     4  5785.764455  5768.668651    24.602234    28.827130    26.795554     0.684128
     5  5564.788579  5549.290180    25.338768    -2.846862    -3.442137     0.796547
     6  5719.861984  5701.985359    25.339245    -0.781549    -1.225199     1.081787
     7  5642.812252  5626.642704    25.142025    -0.426492    -0.552038     4.920690
     8  5666.234493  5649.157762    25.174260    -0.498967    -0.649411     2.983134
     9  5668.666362  5651.947259    25.213116    -0.370661    -0.503687     8.218367
    10  5659.341812  5642.585754    25.200128    -0.457606    -0.593808     3.818776
    11  5666.706562  5649.850368    25.195544    -0.395919    -0.529069     7.215626
    12  5663.225650  5646.464824    25.197219    -0.410364    -0.540490     5.881248
    13  5663.942098  5647.135972    25.198197    -0.417308    -0.550370     5.476292
    14  5664.398670  5647.600889    25.198310    -0.405183    -0.537018     6.327619
    15  5663.797855  5647.007226    25.197649    -0.414000    -0.545687     5.659766
    16  5664.159059  5647.360086    25.197750    -0.410094    -0.542323     5.944833
    17  5664.044618  5647.249221    25.198000    -0.410503    -0.542391     5.912932
    18  5664.030313  5647.233724    25.197857    -0.411548    -0.543472     5.832779
    19  5664.074420  5647.277832    25.197839    -0.410420    -0.542444     5.918431
    20  5664.044618  5647.249221    25.197893    -0.411088    -0.543037     5.869328
    21  5664.055347  5647.257566    25.197869    -0.410883    -0.542839     5.882302
    22  5664.055347  5647.259950    25.197869    -0.410824    -0.542806     5.888258
    23  5664.051771  5647.256374    25.197881    -0.410955    -0.542919     5.878353
    24  5664.054155  5647.257566    25.197869    -0.410857    -0.542820     5.884963
