
 ASYMMETRIC PENTAMER                            
     5  1.00000
 ROTATION    
  0.00000  0.00000  0.00000
     1     2.325387     1.888632     3.490830     0.007787     0.030573     0.002970
     2     2.530602     2.118964     3.691882     0.015445    -0.025069    -0.015144
     3     2.545663     2.136899     3.689356    -0.008504    -0.022577    -0.024733
     4     2.537539     2.127446     3.671905    -0.006570    -0.020690    -0.047084
     5     2.531957     2.120731     3.662299    -0.006884    -0.029257    -0.052599
     6     2.529453     2.117784     3.658381    -0.007380    -0.039826    -0.050215
     7     2.528409     2.116648     3.657029    -0.007740    -0.048542    -0.048697
     8     2.527967     2.116212     3.656644    -0.007966    -0.053658    -0.047953
     9     2.527776     2.116034     3.656571    -0.008096    -0.055931    -0.047581
    10     2.527699     2.115958     3.656583    -0.008165    -0.056737    -0.047399
    11     2.527668     2.115927     3.656606    -0.008201    -0.056962    -0.047315
    12     2.527657     2.115915     3.656619    -0.008217    -0.057003    -0.047277
    13     2.527654     2.115911     3.656626    -0.008225    -0.057001    -0.047261
    14     2.527654     2.115909     3.656634    -0.008228    -0.056994    -0.047253
    15     2.527652     2.115909     3.656634    -0.008229    -0.056991    -0.047250
    16     2.527652     2.115907     3.656634    -0.008229    -0.056990    -0.047248
    17     2.527652     2.115907     3.656634    -0.008230    -0.056990    -0.047248
    18     2.527652     2.115907     3.656634    -0.008230    -0.056990    -0.047248
    19     2.527652     2.115907     3.656634    -0.008230    -0.056990    -0.047248
    20     2.527652     2.115907     3.656634    -0.008230    -0.056990    -0.047248
