
 ASYMMETRIC PENTAMER                            
     5  1.00000
 TRANSLATION 
  0.00000  0.00000  0.00000
     1    -0.471309    -0.023455    -0.017514     0.406986     0.393612     0.430562
     2    -0.688552    -0.032849    -0.026364     0.403349     0.390441     0.430323
     3    -0.837234    -0.034704    -0.029320     0.402702     0.391312     0.431873
     4    -0.883112    -0.034265    -0.029547     0.402511     0.391722     0.432456
     5    -0.892116    -0.033780    -0.029330     0.402468     0.391771     0.432626
     6    -0.894343    -0.033585    -0.029221     0.402472     0.391725     0.432680
     7    -0.895983    -0.033556    -0.029209     0.402482     0.391681     0.432703
     8    -0.897290    -0.033577    -0.029228     0.402488     0.391656     0.432715
     9    -0.898098    -0.033598    -0.029245     0.402491     0.391645     0.432721
    10    -0.898503    -0.033610    -0.029254     0.402492     0.391640     0.432724
    11    -0.898674    -0.033614    -0.029258     0.402492     0.391638     0.432725
