
 TETRAHEDRON                                    
     4 20.00002
 TRANSLATION 
  0.00000  0.00000  0.00000
     1     8.902040     3.417588   -13.378685     6.010775     6.253867     6.383609
     2    -0.477869    -2.295517    -0.466526     6.160833     6.244317     6.349654
     3    -1.763585    48.707848    -0.962459     6.243072     6.256778     6.315433
     4    -2.419160    -2.507439    -0.854859     6.276985     6.270060     6.294124
     5     7.015677    -0.460905    -1.775065     6.286671     6.277995     6.284271
     6     0.428484    -0.138853     0.454733     6.287317     6.281547     6.281012
     7     0.119091    -0.056843     0.138036     6.285854     6.282795     6.280610
     8     0.059526    -0.034186     0.123891     6.284594     6.283125     6.281094
     9     0.075714    -0.041234    -0.095689     6.283922     6.283190     6.281673
    10    -0.027096     0.026676    -0.012929     6.283664     6.283220     6.282129
    11    -0.004583     0.003812    -0.003761     6.283612     6.283268     6.282452
    12    -0.001418     0.001122    -0.001393     6.283633     6.283330     6.282687
    13    -0.000636     0.000470    -0.000702     6.283667     6.283395     6.282864
    14    -0.000490     0.000283    -0.000613     6.283698     6.283458     6.283009
    15    -0.002345     0.000291     0.003782     6.283719     6.283512     6.283129
    16     0.000106     0.003518     0.000119     6.283735     6.283556     6.283230
    17     0.000024    -0.000127     0.000025     6.283746     6.283594     6.283317
    18    -0.000016    -0.000012    -0.000007     6.283756     6.283626     6.283392
    19     0.000044    -0.000009    -0.000011     6.283763     6.283655     6.283456
    20     0.000056     0.000001     0.000003     6.283770     6.283679     6.283509
    21    -0.000005     0.000002    -0.000015     6.283775     6.283698     6.283555
    22    -0.000252     0.000005    -0.000048     6.283780     6.283714     6.283593
    23    -0.000039     0.000008    -0.000055     6.283785     6.283729     6.283626
    24    -0.000107     0.000006    -0.000123     6.283788     6.283740     6.283655
    25    -0.000024    -0.000002    -0.000008     6.283792     6.283750     6.283679
    26     0.000006    -0.000001    -0.000003     6.283793     6.283760     6.283696
