
 DISC PROPELLOR                                 
   182  0.50000
 ROTATION    
  0.00000  0.00000  0.00000
     1    44.129049   109.686970   109.556913    -0.024299     1.428735    -2.461149
     2    36.716079   103.653907   103.713512     0.000000     0.000000     0.000000
     3    36.740475   100.256323   100.296974     0.000000     0.000000     0.000000
     4    36.814576    98.374152    98.348116    -0.000369     1.506288     1.006033
     5    36.545825    97.243916    97.196364    -0.002359     1.121032    -1.268731
     6    36.505520    96.891915    96.871328    -0.001826     1.193110    -1.203466
     7    36.505854    96.903789    96.901118    -0.001179     1.254495    -1.179456
     8    36.503219    97.010028    97.013866    -0.000452     1.283668    -1.160719
     9    36.515086    97.106528    97.113394     0.000000     0.000000     0.000000
    10    36.528980    97.160756    97.167503     0.000000     0.000000     0.000000
    11    36.538487    97.180223    97.184729     0.000000     0.000000     0.000000
    12    36.544060    97.182631    97.184598     0.000000     0.000000     0.000000
    13    36.546349    97.180724    97.180640     0.000000     0.000000     0.000000
    14    36.546307    97.179830    97.178530    -0.000027     1.277186    -1.265152
    15    36.545050    97.180306    97.178626    -0.000045     1.271239    -1.269867
    16    36.543428    97.180604    97.179114    -0.000035     1.270761    -1.269185
    17    36.542052    97.179591    97.178602    -0.000017     1.271427    -1.268582
    18    36.541163    97.177040    97.176635    -0.000003     1.273295    -1.266942
    19    36.540782    97.173774    97.173833     0.000000     0.000000     0.000000
    20    36.540794    97.170817    97.171223     0.000000     0.000000     0.000000
    21    36.540997    97.169005    97.169542     0.000000     0.000000     0.000000
    22    36.541265    97.168684    97.169220     0.000000     0.000000     0.000000
    23    36.541503    97.169697    97.170138    -0.000000     1.273147    -1.258396
    24    36.541646    97.171604    97.171926     0.000000     0.000000     0.000000
    25    36.541730    97.173917    97.174108     0.000000     0.000000     0.000000
    26    36.541736    97.176206    97.176301     0.000000     0.000000     0.000000
    27    36.541694    97.178208    97.178208     0.000000     0.000000     0.000000
    28    36.541646    97.179746    97.179687     0.000000     0.000000     0.000000
    29    36.541599    97.180914    97.180831     0.000000     0.000000     0.000000
    30    36.541557    97.181653    97.181594     0.000000     0.000000     0.000000
    31    36.541545    97.182095    97.182059     0.000000     0.000000     0.000000
    32    36.541545    97.182309    97.182261     0.000000     0.000000     0.000000
    33    36.541545    97.182345    97.182285    -0.000000     1.270828    -1.270781
    34    36.541557    97.182190    97.182130    -0.000001     1.272229    -1.271826
    35    36.541581    97.181904    97.181904    -0.000001     1.272277    -1.271962
    36    36.541593    97.181558    97.181546    -0.000001     1.272282    -1.272076
    37    36.541593    97.181177    97.181165    -0.000001     1.272282    -1.272169
    38    36.541593    97.180759    97.180736    -0.000001     1.272288    -1.272240
    39    36.541593    97.180378    97.180342    -0.000001     1.272301    -1.272291
    40    36.541581    97.180032    97.179996    -0.000001     1.272314    -1.272321
    41    36.541581    97.179734    97.179734    -0.000001     1.272327    -1.272343
    42    36.541581    97.179484    97.179484    -0.000000     1.272335    -1.272361
    43    36.541581    97.179329    97.179329    -0.000000     1.272315    -1.272382
    44    36.541581    97.179234    97.179210    -0.000000     1.272166    -1.272457
    45    36.541581    97.179162    97.179162     0.000000     0.000000     0.000000
    46    36.541581    97.179162    97.179162     0.000000     0.000000     0.000000
    47    36.541581    97.179198    97.179198     0.000000     0.000000     0.000000
    48    36.541581    97.179234    97.179234     0.000000     0.000000     0.000000
    49    36.541581    97.179305    97.179305     0.000000     0.000000     0.000000
    50    36.541581    97.179388    97.179388     0.000000     0.000000     0.000000
    51    36.541581    97.179448    97.179460     0.000000     0.000000     0.000000
    52    36.541581    97.179543    97.179543     0.000000     0.000000     0.000000
    53    36.541581    97.179591    97.179615     0.000000     0.000000     0.000000
    54    36.541581    97.179651    97.179651     0.000000     0.000000     0.000000
    55    36.541581    97.179687    97.179687     0.000000     0.000000     0.000000
    56    36.541581    97.179746    97.179746    -0.000000     1.272163    -1.272354
    57    36.541581    97.179770    97.179770    -0.000000     1.272307    -1.272347
    58    36.541581    97.179782    97.179782    -0.000000     1.272330    -1.272347
    59    36.541581    97.179782    97.179782    -0.000000     1.272336    -1.272348
    60    36.541581    97.179782    97.179782    -0.000000     1.272346    -1.272345
    61    36.541581    97.179782    97.179782    -0.000000     1.272348    -1.272346
    62    36.541581    97.179770    97.179770    -0.000000     1.272351    -1.272348
    63    36.541581    97.179770    97.179770    -0.000000     1.272353    -1.272349
    64    36.541581    97.179746    97.179746    -0.000000     1.272355    -1.272347
    65    36.541581    97.179734    97.179734    -0.000000     1.272355    -1.272349
    66    36.541581    97.179734    97.179734    -0.000000     1.272355    -1.272352
    67    36.541581    97.179687    97.179687    -0.000000     1.272359    -1.272354
    68    36.541581    97.179687    97.179687    -0.000000     1.272361    -1.272355
    69    36.541581    97.179687    97.179687    -0.000000     1.272383    -1.272356
    70    36.541581    97.179687    97.179687     0.000000     0.000000     0.000000
    71    36.541581    97.179687    97.179687    -0.000000     1.272391    -1.272400
    72    36.541581    97.179687    97.179687     0.000000     0.000000     0.000000
    73    36.541581    97.179687    97.179687     0.000000     0.000000     0.000000
    74    36.541581    97.179687    97.179687    -0.000000     1.272382    -1.272376
    75    36.541581    97.179687    97.179687     0.000000     0.000000     0.000000
    76    36.541581    97.179687    97.179687    -0.000000     1.272364    -1.272388
    77    36.541581    97.179687    97.179687    -0.000000     1.272354    -1.272373
    78    36.541581    97.179687    97.179687    -0.000000     1.272354    -1.272364
    79    36.541581    97.179687    97.179687    -0.000000     1.272352    -1.272360
    80    36.541581    97.179687    97.179687    -0.000000     1.272353    -1.272360
    81    36.541581    97.179687    97.179687    -0.000000     1.272352    -1.272358
    82    36.541581    97.179687    97.179687    -0.000000     1.272355    -1.272357
    83    36.541581    97.179687    97.179687    -0.000000     1.272355    -1.272357
    84    36.541581    97.179687    97.179687    -0.000000     1.272356    -1.272356
    85    36.541581    97.179687    97.179687    -0.000000     1.272357    -1.272356
    86    36.541581    97.179687    97.179687    -0.000000     1.272357    -1.272356
    87    36.541581    97.179687    97.179687    -0.000000     1.272357    -1.272355
    88    36.541581    97.179687    97.179687    -0.000000     1.272358    -1.272356
