
 DISC PROPELLOR                                 
   182  0.50000
 TRANSLATION 
  0.00000  0.00000  0.00000
     1     0.000000     0.000000     0.000000     0.976717     1.249600     1.249240
     2    -0.001362     1.223516    -2.122141     0.935516     1.194844     1.195456
     3     0.000000     0.000000     0.000000     0.923143     1.171006     1.170864
     4     0.000000     0.000000     0.000000     0.915534     1.161500     1.161299
     5     0.000000     0.000000     0.000000     0.911995     1.159471     1.159437
     6     0.000000     0.000000     0.000000     0.910089     1.161113     1.161192
     7     0.000000     0.000000     0.000000     0.909679     1.163212     1.163267
     8    -0.000028     1.263078    -1.261113     0.909965     1.164497     1.164510
     9    -0.000039     1.274315    -1.273408     0.910447     1.164950     1.164939
    10    -0.000023     1.276843    -1.229662     0.910861     1.164910     1.164894
    11    -0.000003     1.275042    -0.952002     0.911127     1.164715     1.164703
    12     0.000000     0.000000     0.000000     0.911253     1.164559     1.164554
    13     0.000000     0.000000     0.000000     0.911277     1.164495     1.164494
    14     0.000000     0.000000     0.000000     0.911241     1.164498     1.164498
    15     0.000000     0.000000     0.000000     0.911179     1.164523     1.164523
    16     0.000000     0.000000     0.000000     0.911115     1.164538     1.164537
    17     0.000000     0.000000     0.000000     0.911064     1.164529     1.164528
    18     0.000000     0.000000     0.000000     0.911031     1.164503     1.164503
    19     0.000000     0.000000     0.000000     0.911017     1.164472     1.164472
    20     0.000000     0.000000     0.000000     0.911020     1.164447     1.164447
    21     0.000000     0.000000     0.000000     0.911035     1.164436     1.164436
    22    -0.000002     1.270967    -1.272444     0.911058     1.164438     1.164439
    23    -0.000005     1.272149    -1.272698     0.911085     1.164451     1.164452
    24    -0.000006     1.272392    -1.272881     0.911113     1.164470     1.164470
    25    -0.000007     1.272427    -1.272822     0.911138     1.164489     1.164489
    26    -0.000007     1.272380    -1.272582     0.911160     1.164507     1.164507
    27    -0.000006     1.272303    -1.272264     0.911177     1.164521     1.164521
    28    -0.000005     1.272226    -1.271975     0.911189     1.164531     1.164531
    29    -0.000004     1.272168    -1.271787     0.911196     1.164538     1.164537
    30    -0.000003     1.272131    -1.271737     0.911200     1.164541     1.164541
    31    -0.000002     1.272110    -1.271828     0.911201     1.164543     1.164543
    32    -0.000001     1.272087    -1.272045     0.911199     1.164543     1.164543
    33    -0.000001     1.271970    -1.272516     0.911195     1.164541     1.164541
    34     0.000000     0.000000     0.000000     0.911190     1.164539     1.164539
    35     0.000000     0.000000     0.000000     0.911185     1.164537     1.164537
    36     0.000000     0.000000     0.000000     0.911179     1.164533     1.164533
    37     0.000000     0.000000     0.000000     0.911174     1.164530     1.164530
    38     0.000000     0.000000     0.000000     0.911170     1.164527     1.164527
    39     0.000000     0.000000     0.000000     0.911166     1.164525     1.164525
    40     0.000000     0.000000     0.000000     0.911163     1.164522     1.164522
    41     0.000000     0.000000     0.000000     0.911161     1.164520     1.164520
    42     0.000000     0.000000     0.000000     0.911160     1.164520     1.164519
    43     0.000000     0.000000     0.000000     0.911159     1.164519     1.164519
    44     0.000000     0.000000     0.000000     0.911159     1.164519     1.164519
    45     0.000000     0.000000     0.000000     0.911160     1.164519     1.164519
    46     0.000000     0.000000     0.000000     0.911161     1.164519     1.164519
    47     0.000000     0.000000     0.000000     0.911162     1.164519     1.164519
    48    -0.000000     1.272317    -1.272419     0.911163     1.164520     1.164520
    49    -0.000000     1.272340    -1.272390     0.911164     1.164520     1.164520
    50    -0.000000     1.272345    -1.272373     0.911164     1.164521     1.164521
    51    -0.000000     1.272348    -1.272361     0.911165     1.164521     1.164521
