
 TORUS: LARGE R=  2.00000,  SMALL R=  1.00000   
   184  0.30086
 TRANSLATION 
  0.00000  0.00000  0.00000
     1     0.092356     0.072385    -0.015372     0.439871     0.439020     0.541710
     2    -0.149290     0.395395    -0.006811     0.437799     0.437200     0.538535
     3    -0.016520    -0.024460    -0.010130     0.439064     0.437498     0.534797
     4    -0.006631    -0.004176    -0.006390     0.441337     0.440121     0.532202
     5     0.018237    -0.017604    -0.004029     0.443916     0.442995     0.530183
     6     0.007210     0.010182    -0.001300     0.445699     0.445171     0.528410
     7     0.001431    -0.004940     0.002014     0.446271     0.446328     0.526718
     8     0.002002     0.009259     0.001578     0.446096     0.446612     0.524981
     9     0.005024     0.004263     0.001132     0.445654     0.446391     0.523223
    10    -0.046322     0.005294     0.001493     0.445155     0.445930     0.521608
    11    -0.004582     0.005438     0.001595     0.444650     0.445355     0.520279
    12    -0.001633     0.004589     0.001300     0.444222     0.444762     0.519274
    13    -0.001141     0.005707     0.001207     0.443987     0.444278     0.518561
    14    -0.001564     1.538988     0.001636     0.444001     0.444007     0.518100
    15    -0.001873    -0.005044     0.002254     0.444217     0.443972     0.517860
    16    -0.001584    -0.002173     0.002952     0.444531     0.444121     0.517816
    17    -0.001204    -0.001213     0.004000     0.444846     0.444373     0.517933
    18    -0.001026    -0.000815     0.006114     0.445100     0.444656     0.518172
    19    -0.001101    -0.000670     0.009731     0.445267     0.444923     0.518495
    20    -0.001491    -0.000647     0.010200     0.445345     0.445145     0.518866
    21    -0.002355    -0.000670     0.006732     0.445346     0.445305     0.519257
    22    -0.003921    -0.000684     0.004209     0.445293     0.445398     0.519646
    23    -0.005716    -0.000661     0.002815     0.445212     0.445429     0.520017
    24    -0.005323    -0.000605     0.002008     0.445127     0.445413     0.520358
    25    -0.003298    -0.000539     0.001512     0.445053     0.445363     0.520663
    26    -0.001894    -0.000480     0.001187     0.444999     0.445295     0.520930
    27    -0.001134    -0.000431     0.000951     0.444964     0.445218     0.521160
    28    -0.000684    -0.000392     0.000754     0.444943     0.445139     0.521355
    29    -0.000379    -0.000377     0.000570     0.444929     0.445061     0.521520
    30    -0.000159    -0.000629     0.000358     0.444916     0.444988     0.521660
    31    -0.000005     0.000010     0.000018     0.444898     0.444919     0.521777
    32     0.000094    -0.000078    -0.000219     0.444873     0.444856     0.521878
    33     0.000168    -0.000148    -0.000152     0.444841     0.444799     0.521964
    34     0.000255    -0.006662    -0.000119     0.444804     0.444749     0.522038
    35     0.000340     0.000267    -0.000121     0.444767     0.444706     0.522103
    36     0.000389     0.000187    -0.000133     0.444734     0.444672     0.522158
    37     0.000397     0.000166    -0.000148     0.444707     0.444648     0.522205
    38     0.000375     0.000157    -0.000163     0.444688     0.444632     0.522244
    39     0.000335     0.000149    -0.000176     0.444678     0.444627     0.522276
    40     0.000287     0.000140    -0.000186     0.444676     0.444629     0.522299
    41     0.000238     0.000130    -0.000195     0.444680     0.444639     0.522315
    42     0.000193     0.000121    -0.000200     0.444687     0.444653     0.522324
    43     0.000157     0.000116    -0.000201     0.444696     0.444670     0.522327
    44     0.000133     0.000120    -0.000197     0.444705     0.444688     0.522323
    45     0.000122     0.000147    -0.000186     0.444712     0.444707     0.522314
    46     0.000127     0.000253    -0.000169     0.444719     0.444724     0.522302
    47     0.000153     0.001931    -0.000150     0.444724     0.444739     0.522286
    48     0.000206    -0.000379    -0.000134     0.444729     0.444751     0.522267
    49     0.000315    -0.000191    -0.000119     0.444734     0.444762     0.522248
    50     0.000603    -0.000134    -0.000105     0.444739     0.444769     0.522227
    51     0.003861    -0.000105    -0.000093     0.444745     0.444775     0.522207
    52    -0.000885    -0.000086    -0.000081     0.444751     0.444780     0.522188
    53    -0.000379    -0.000070    -0.000070     0.444758     0.444783     0.522170
    54    -0.000072    -0.001665    -0.025160     0.444711     0.444371     0.521710
    55    -0.001179     0.000553    -0.000519     0.443541     0.443828     0.518369
    56    -0.009596     0.001069    -0.001414     0.443585     0.443736     0.518604
    57     0.000608     0.003317     0.000360     0.443448     0.443659     0.518871
    58    -0.087084    -0.013247     0.000477     0.443255     0.443451     0.519069
    59    -0.005708    -0.007920     0.000269     0.443020     0.443206     0.519226
    60     0.004736    -0.009524     0.000085     0.442804     0.442986     0.519370
    61    -0.000405    -0.001042    -0.000044     0.442635     0.442814     0.519510
    62    -0.000883    -0.001218    -0.000126     0.442509     0.442690     0.519647
    63    -0.001457    -0.001010    -0.000153     0.442421     0.442600     0.519769
    64    -0.004469    -0.000661    -0.000122     0.442366     0.442533     0.519865
    65     0.000479    -0.000270    -0.000053     0.442343     0.442482     0.519931
    66    -0.000018     0.000046     0.000006     0.442343     0.442442     0.519972
    67     0.000043     0.000056    -0.000016     0.442356     0.442407     0.519993
    68     0.000070    -0.000021     0.000014     0.442373     0.442375     0.520000
    69     0.000526    -0.000048     0.000025     0.442392     0.442346     0.519996
    70     0.000111     0.000027    -0.000012     0.442410     0.442322     0.519983
    71     0.000261     0.000110    -0.000049     0.442426     0.442307     0.519965
    72     0.000332     0.000163    -0.000073     0.442441     0.442302     0.519943
    73     0.000362     0.000187    -0.000084     0.442453     0.442306     0.519919
    74     0.000365     0.000188    -0.000084     0.442461     0.442319     0.519895
    75     0.000347     0.000174    -0.000077     0.442467     0.442339     0.519871
    76     0.000319     0.000151    -0.000066     0.442471     0.442364     0.519850
    77     0.000290     0.000124    -0.000054     0.442474     0.442391     0.519830
    78     0.000281     0.000096    -0.000042     0.442476     0.442419     0.519812
    79     0.000373     0.000072    -0.000032     0.442478     0.442446     0.519798
    80    -0.000833     0.000045    -0.000021     0.442480     0.442471     0.519787
    81    -0.000013     0.000002    -0.000001     0.442484     0.442492     0.519778
    82    -0.000272    -0.000038     0.000015     0.442488     0.442511     0.519772
    83    -0.000131    -0.000052     0.000019     0.442493     0.442526     0.519768
    84    -0.000108    -0.000054     0.000020     0.442499     0.442538     0.519765
    85    -0.000098    -0.000052     0.000020     0.442504     0.442547     0.519764
    86    -0.000090    -0.000049     0.000020     0.442509     0.442553     0.519764
    87    -0.000083    -0.000044     0.000020     0.442513     0.442557     0.519765
    88    -0.000075    -0.000039     0.000020     0.442517     0.442558     0.519765
    89    -0.000066    -0.000033     0.000020     0.442519     0.442557     0.519766
    90    -0.000057    -0.000027     0.000019     0.442520     0.442555     0.519767
    91    -0.000048    -0.000023     0.000018     0.442520     0.442550     0.519768
    92    -0.000041    -0.000019     0.000016     0.442519     0.442545     0.519770
    93    -0.000037    -0.000016     0.000013     0.442518     0.442539     0.519771
    94    -0.000036    -0.000016     0.000010     0.442516     0.442532     0.519772
    95    -0.000039    -0.000019     0.000007     0.442513     0.442526     0.519774
    96    -0.000044    -0.000026     0.000004     0.442511     0.442519     0.519775
    97    -0.000044    -0.000043     0.000003     0.442509     0.442513     0.519777
    98    -0.000032    -0.000119     0.000002     0.442507     0.442508     0.519779
    99    -0.000013     0.000185     0.000001     0.442505     0.442504     0.519780
   100     0.000003     0.000046    -0.000000     0.442504     0.442500     0.519782
   101     0.000012     0.000028    -0.000001     0.442502     0.442497     0.519783
   102     0.000017     0.000019    -0.000001     0.442501     0.442495     0.519784
   103     0.000018     0.000013    -0.000002     0.442500     0.442494     0.519785
   104     0.000017     0.000010    -0.000002     0.442499     0.442493     0.519786
   105     0.000016     0.000008    -0.000002     0.442499     0.442493     0.519787
   106     0.000014     0.000006    -0.000002     0.442499     0.442494     0.519788
   107     0.000013     0.000006    -0.000002     0.442498     0.442494     0.519788
   108     0.000011     0.000005    -0.000002     0.442498     0.442495     0.519788
   109     0.000010     0.000005    -0.000002     0.442498     0.442497     0.519788
   110     0.000009     0.000006    -0.000002     0.442499     0.442498     0.519788
   111     0.000008     0.000007    -0.000002     0.442499     0.442499     0.519788
   112     0.000007     0.000008    -0.000001     0.442499     0.442501     0.519787
   113     0.000006     0.000010    -0.000001     0.442500     0.442502     0.519787
   114     0.000005     0.000015    -0.000001     0.442500     0.442504     0.519787
   115     0.000004     0.000069    -0.000001     0.442501     0.442505     0.519786
   116     0.000003    -0.000012    -0.000000     0.442501     0.442506     0.519786
   117     0.000001    -0.000003    -0.000000     0.442502     0.442507     0.519786
   118    -0.000000     0.000000     0.000000     0.442502     0.442507     0.519785
   119    -0.000001     0.000003     0.000000     0.442502     0.442508     0.519785
   120    -0.000002     0.000007     0.000000     0.442503     0.442508     0.519785
